,Close,High,Low,Open,Volume
2001-01-02,19.10116195678711,19.608272451215086,18.84760670957312,19.10116195678711,2300900
2001-01-03,18.5095272064209,19.213847115341025,18.39683602099368,19.213847115341025,4980700
2001-01-04,18.002422332763672,18.255977576887105,17.26992940529598,18.255977576887105,4788900
2001-01-05,17.86155891418457,18.368669419634603,17.74886769075123,18.03059574933458,2765800
2001-01-08,18.030595779418945,18.48136067390442,17.917904555797577,18.255978226661682,2294600
2001-01-09,18.53771209716797,18.93213150349069,18.425020838218618,18.481366467693295,2678000
2001-01-10,18.650386810302734,18.819423548764693,18.1151038051732,18.2559677538915,2292400
2001-01-11,19.044816970825195,19.298372226353933,18.67857049061702,18.903952939975895,4363000
2001-01-12,19.10116195678711,19.129334762033107,18.763088293835125,18.819433904327123,2355600
2001-01-16,19.495576858520508,19.495576858520508,18.622220091737073,19.495576858520508,2535500
2001-01-17,18.5095272064209,19.18567431898422,18.5095272064209,19.157501522627413,2834600
2001-01-18,17.579824447631836,18.53769949766306,17.2980964917403,18.39683551971729,3779800
2001-01-19,17.94607925415039,18.199634534036345,17.01637656123522,17.354450267749826,3222500
2001-01-22,18.227806091308594,18.425015739900804,18.030596442716384,18.08694205659987,1443000
2001-01-23,18.5095272064209,19.016637540843387,18.086935261068824,18.227799242852846,2784800
2001-01-24,18.960298538208008,19.101162568952496,18.425015221378956,18.70674328286793,1993300
2001-01-25,19.495576858520508,19.749132048876987,18.67856568959407,18.706738488522568,3009100
2001-01-26,19.18568229675293,19.805484074327914,18.84760859989385,19.439237569397243,2446100
2001-01-29,18.46783447265625,19.085381769408063,18.32358987370008,18.841968363845304,1501700
2001-01-30,18.66166877746582,18.96818906722556,18.323595080189495,18.580530952556963,1876400
2001-01-31,18.63912582397461,18.896061650419803,18.233438491470775,18.88704786662474,1795400
2001-02-01,18.35209083557129,18.397294066042576,17.719261127915654,18.184843193644856,1275300
2001-02-02,18.894521713256836,19.210937499287027,18.41989889637521,18.487702894927146,1587000
2001-02-05,19.43694305419922,19.640353268236435,19.165730585034144,19.165730585034144,1866300
2001-02-06,19.9748477935791,20.160176709667766,18.96231967008432,19.323936857046743,2995200
2001-02-07,19.667478561401367,20.18278514486087,19.42338796582581,19.821166126785304,3488500
2001-02-08,19.577068328857422,20.00196827715118,19.43242146457331,19.834720663633917,2690600
2001-02-09,19.89348602294922,20.06977603863778,19.491186747928758,19.617754071320054,2349100
2001-02-12,19.613229751586914,19.893482843724442,19.346536764517218,19.893482843724442,3367600
2001-02-13,19.604188919067383,19.681033537144952,18.98491941154973,19.50022409111381,2061300
2001-02-14,19.21092987060547,19.86636194046792,19.030120429151474,19.60418842279229,2489000
2001-02-15,18.15772247314453,18.532901551747127,17.60625681902518,18.532901551747127,4808900
2001-02-16,18.469623565673828,18.984928491698973,18.234571863143017,18.984928491698973,2710100
2001-02-20,18.478662490844727,18.91712272113463,18.329494381791605,18.91712272113463,2027100
2001-02-21,18.15772247314453,18.654947695714462,18.13060225736982,18.57810306092301,1353500
2001-02-22,17.60624885559082,18.39276579519693,17.398319248506564,18.306882276877676,2279500
2001-02-23,17.574615478515625,18.080879625209928,17.113552841153528,17.60625687991358,1809100
2001-02-26,17.719261169433594,18.08539785331079,17.08642973596824,17.17683447279571,2452000
2001-02-27,17.909116744995117,18.22101312587895,17.719268273437674,18.08088564140015,2387200
2001-02-28,17.719261169433594,18.171283129244006,17.651457185731257,18.126079898666806,1869700
2001-03-01,18.089923858642578,18.442500529455117,17.900073688286092,18.035681691823893,1972600
2001-03-02,18.623306274414062,18.880958669959227,18.225526441650967,18.532901531832398,2470100
2001-03-05,19.256134033203125,19.32393801421181,18.39729337827872,18.623304349205174,2327200
2001-03-06,19.482145309448242,19.549949291519532,18.984921855348446,19.25613433497981,1518200
2001-03-07,20.209903717041016,20.273186522748386,19.518310591343127,19.64939738849533,2594700
2001-03-08,20.33646583557129,20.377147875136004,19.934164900175055,20.340985295822176,3229700
2001-03-09,19.920608520507812,20.472075887888412,19.69459753050947,20.33646963875481,2525600
2001-03-12,19.346546173095703,19.956777062814826,19.29682346456368,19.956777062814826,1579300
2001-03-13,18.826719284057617,19.459549126581464,18.57810577429855,19.459549126581464,1766300
2001-03-14,18.641386032104492,19.346539172630937,18.34757107400054,18.826714963182198,2309400
2001-03-15,18.058273315429688,18.98491776630048,18.044711487340297,18.98491776630048,2156400
2001-03-16,18.058273315429688,18.442491199540875,18.035672567716063,18.058273315429688,3491900
2001-03-19,18.41085433959961,18.80411296445984,18.103479266921493,18.103479266921493,1958700
2001-03-20,18.66850471496582,19.120526629247447,18.44701494259081,18.510297734697957,1671300
2001-03-21,18.126083374023438,18.736314171364643,17.9226748325703,18.48770239066738,1709100
2001-03-22,17.674062728881836,18.0537613470016,17.1316376095628,18.035681774197727,2579000
2001-03-23,17.85487174987793,18.352095336725867,17.244642645625703,17.74186623247364,1834900
2001-03-26,18.27976417541504,18.465093076927406,18.01307119769465,18.080875169310215,2204500
2001-03-27,18.07183837890625,18.627825202016158,17.85486803752143,18.60070498704743,2887100
2001-03-28,17.538450241088867,18.071836247370733,17.502289383953325,18.071836247370733,1806500
2001-03-29,16.430997848510742,17.35764426245361,16.137184603881146,17.298880923796904,5668800
2001-03-30,16.41291618347168,16.747411431465018,16.340592746797977,16.476198975020324,3649200
2001-04-02,15.508869171142578,16.27278542156406,15.142730878399886,16.25018467556605,3496200
2001-04-03,14.848925590515137,15.757490995203828,14.668117781516557,15.526958753996697,3573900
2001-04-04,15.278348922729492,15.752971853928289,15.0749386024078,15.142742617290939,3470300
2001-04-05,15.829813957214355,15.933778832036005,15.011653345364696,15.278346450108042,2788000
2001-04-06,15.594757080078125,16.024178272076085,15.278341374167686,15.829808698059397,2605300
2001-04-09,16.078426361083984,16.295396767589885,15.78009183659743,15.843374656287379,1803600
2001-04-10,16.272783279418945,16.363187975836507,15.721316183165376,16.272783279418945,3287000
2001-04-11,16.082942962646484,16.49880235880796,16.046780376374866,16.277310828711855,2594300
2001-04-12,15.888574600219727,16.272792625251753,15.843371363886623,16.25019186924878,2829900
2001-04-16,16.09198760986328,16.272797156893148,15.888579024864224,16.069386847566456,1831800
2001-04-17,16.408397674560547,16.408397674560547,15.707763944216303,16.069381186555876,2420200
2001-04-18,15.662567138671875,16.363201079401122,15.368752071110798,16.363201079401122,3608200
2001-04-19,15.129176139831543,15.752965227312359,14.894124504594872,15.662562211267256,3774300
2001-04-20,15.685157775878906,15.707758522412774,15.12013049090003,15.436546115353487,3663300
2001-04-23,16.272783279418945,16.376748076784985,16.101014528658197,16.250182536396096,2536100
2001-04-24,16.390323638916016,16.471687770010934,16.159793083698943,16.159793083698943,2728500
2001-04-25,16.376754760742188,16.453599387574396,15.843368730942865,15.956374216504978,2165400
2001-04-26,17.402835845947266,17.416395945471482,16.68412125762212,16.837808708091835,4844100
2001-04-27,17.583662033081055,17.741869093225905,17.244645426204126,17.628863557600262,3239000
2001-04-30,17.759939193725586,17.877464117963385,17.312436796129354,17.583650945205616,2233100
2001-05-01,17.213001251220703,17.74186624538039,17.086433899093223,17.62886072789389,2024800
2001-05-02,16.13266372680664,17.018628111580007,16.04678017199593,17.018628111580007,3350600
2001-05-03,15.962605476379395,16.32539161063559,15.735863926231678,16.23469464459636,3751600
2001-05-04,16.325389862060547,16.32992393142154,15.962603766661536,16.007951379873703,2476100
2001-05-07,16.098644256591797,16.66096385938655,15.908182253485586,16.37073332671499,2106500
2001-05-08,16.27097511291504,16.343532344180733,15.899119086440745,16.098651039946194,1987900
2001-05-09,16.77887535095215,16.797015090832073,16.325392233358848,16.325392233358848,2101100
2001-05-10,16.783411026000977,16.96027091189249,16.60655287001044,16.778876955547798,3369600
2001-05-11,16.543067932128906,16.824227048815352,16.511324244595013,16.778879418024424,1163100
2001-05-14,17.06003761291504,17.118990913678832,16.552136909914633,16.552136909914633,1332500
2001-05-15,17.731191635131836,17.776540991044566,17.13259397629216,17.345731624329378,2660300
2001-05-16,17.912588119506836,18.02595893038979,17.450035003516227,17.504452508367685,3118400
2001-05-17,18.375139236450195,18.529323591673215,17.799215372231885,17.799215372231885,2391300
2001-05-18,18.461292266845703,18.719777434981616,18.35245731705181,18.379665189550114,2659800
2001-05-21,18.81955337524414,18.84222718995697,18.27537317263034,18.570137953600657,2753000
2001-05-22,18.520263671875,18.647238480910417,18.230034548421457,18.615494778651563,1844800
2001-05-23,17.912588119506836,18.311653858187196,17.753869676231215,18.307118057007155,1861700
2001-05-24,17.459115982055664,17.889925683437514,17.187026554815752,17.889925683437514,2849500
2001-05-25,17.912588119506836,18.04409867530737,17.504452508367685,17.513522380826473,1821800
2001-05-29,17.785612106323242,18.13932845767962,17.663171431645765,18.025957654819123,2072900
2001-05-30,17.518056869506836,17.93526059194547,17.209688148616905,17.898982834729622,1532200
2001-05-31,17.86724090576172,18.025959352756274,17.150736533840405,17.52259266385736,2007800
2001-06-01,17.776533126831055,18.003274616382726,17.52711783430427,17.867230068631777,1045800
2001-06-04,17.957931518554688,18.320719411778725,17.876304415569365,17.980607059306852,2086200
2001-06-05,17.84002685546875,18.003281063189807,17.649563036493884,17.86723646672256,2251300
2001-06-06,17.31398582458496,17.68584184812789,17.168871363197518,17.663168037892508,2784900
2001-06-07,16.92854118347168,17.30039754359428,16.815170299778146,17.2323743214172,1440500
2001-06-08,16.83329963684082,16.892252950301543,16.552140474792115,16.778882125131734,2454400
2001-06-11,16.77887535095215,17.064570199408156,16.620156951754815,17.0056169097488,1813300
2001-06-12,17.11899185180664,17.200618971213977,16.77887943090982,16.846902607049675,1805100
2001-06-13,17.450037002563477,17.867242533955793,17.32306223339696,17.685848523802353,2886300
2001-06-14,17.155275344848633,17.504455989496915,17.032834637156977,17.368411335362286,2357300
2001-06-15,17.463623046875,17.77652730715393,17.141650652294974,17.227813497252807,3820200
2001-06-18,17.232351303100586,17.73118183307241,17.187003702157725,17.368395835829258,1822300
2001-06-19,17.295860290527344,17.34574375195786,16.86505062260284,17.277720535479475,1911400
2001-06-20,16.964815139770508,17.794690651556483,16.914931685413713,17.30039364096041,2276500
2001-06-21,16.3707332611084,17.18700392800697,16.007947259097985,16.964796528706778,3595700
2001-06-22,16.3344669342041,16.733532680081805,15.799356558793484,16.665509500364685,2732600
2001-06-25,16.134931564331055,16.597482862385217,15.962607480214213,16.41609063743677,2449800
2001-06-26,16.79701042175293,16.89224143479988,16.053298592414247,16.16666934029881,1768400
2001-06-27,15.803885459899902,16.68817785741886,15.803885459899902,16.68364378754166,2239200
2001-06-28,15.368550300598145,15.713198611886922,15.028437791508832,15.599827775523817,3471900
2001-06-29,15.19168758392334,16.03063083316461,15.055642966465454,15.599823166198165,4145400
2001-07-02,14.937735557556152,15.509125341941429,14.828900561416814,15.509125341941429,3482200
2001-07-03,14.942278861999512,15.137276868734252,14.874255657826204,14.937743059106921,2618800
2001-07-05,15.02390193939209,15.291457150708933,14.738206981229686,15.19169027295983,3648600
2001-07-06,14.860640525817871,15.187148892298051,14.692852272999174,15.146335346488028,3580700
2001-07-09,14.561346054077148,14.987619645908044,14.307394835383613,14.987619645908044,2962100
2001-07-10,14.642974853515625,15.046574677385545,14.39809347839185,14.556811927137993,3305500
2001-07-11,14.466114044189453,14.547742024306169,13.876586224579292,14.42076555076931,3580200
2001-07-12,14.057978630065918,14.715529589387922,13.94460783466216,14.470648256139553,3790400
2001-07-13,14.33006763458252,14.738202294359299,13.831235999321805,14.062512508350421,2683100
2001-07-16,13.74507999420166,14.602164107500965,13.559151891278987,14.352747747883368,3972100
2001-07-17,13.7994966506958,14.130539244750139,13.581824879121777,14.057981987558797,4709700
2001-07-18,14.157746315002441,14.420766557255893,13.51380008535425,13.649845575109874,4326800
2001-07-19,14.584023475646973,14.615767169597477,14.057982894593723,14.216702229297034,2402800
2001-07-20,15.055644989013672,15.100992624291166,14.692858717089534,14.760880170005773,4374000
2001-07-23,15.273322105407715,15.427506541254191,14.869722128313063,15.395762839453623,1816100
2001-07-24,14.992156028747559,15.187153953726854,14.642973738200944,15.187153953726854,2412600
2001-07-25,15.472846984863281,15.595287661873865,14.806227827673931,15.191687872784092,2319200
2001-07-26,16.234695434570312,16.257369244708237,15.803886122346489,15.871909282661083,4211900
2001-07-27,16.402484893798828,16.497717671118846,15.844700820471653,16.32539358776462,1987500
2001-07-30,16.361671447753906,16.688178110793025,16.234695000554623,16.506785904638132,1531400
2001-07-31,16.134931564331055,16.778876817234625,16.003421033560283,16.54306536789078,2405800
2001-08-01,15.563541412353516,16.50225138497669,15.540867601062798,16.484111643983752,3528400
2001-08-02,15.861572265625,16.061775073775493,15.438414870635782,15.697769179085043,2425800
2001-08-03,15.75693130493164,16.039035846586827,15.652279648119526,15.861582961743755,1236100
2001-08-06,15.556722640991211,16.084531842939672,15.438421326639721,15.743275848514777,1993400
2001-08-07,15.288261413574219,15.688668764304676,15.265511370676162,15.629517264196117,1389300
2001-08-08,14.619400978088379,15.470265070992191,14.487448300616661,15.424764985658424,1907700
2001-08-09,14.837806701660156,14.969759398604705,14.378248655530466,14.62850350108986,1706700
2001-08-10,15.192710876464844,15.333763925935026,14.99250805993818,15.015258103861218,2779700
2001-08-13,15.07441520690918,15.3428699906553,15.01526368216031,15.242767677344556,2156100
2001-08-14,15.361066818237305,15.37926755184973,15.129013539690085,15.2336651543853,2092600
2001-08-15,16.15732765197754,16.243780252529053,15.411115071293619,15.411115071293619,3797600
2001-08-16,16.011728286743164,16.380285331561595,15.561271412127015,16.380285331561595,2037000
2001-08-17,15.811514854431152,16.15277057071384,15.538510975691535,16.15277057071384,1792300
2001-08-20,15.5885648727417,15.811519435694233,15.429312853287627,15.493013661069256,1583700
2001-08-21,15.893428802490234,16.039031216520378,15.561273187001607,15.588572554808705,1869800
2001-08-22,15.82516860961914,16.484930178422083,15.547613611068357,16.38027860672071,3488000
2001-08-23,15.42476749420166,15.857023582321613,15.242763651833158,15.825173170264717,1765300
2001-08-24,15.229116439819336,15.515770194798407,15.10171303522219,15.379268158753483,1406300
2001-08-27,15.311013221740723,15.461164893731315,15.242761357197805,15.379263350566621,2341500
2001-08-28,15.301912307739258,15.424764618073148,15.01525691696018,15.379262798106733,3183700
2001-08-29,15.188157081604004,15.447511324397185,15.01980298765879,15.392910887945089,2539200
2001-08-30,14.833255767822266,15.356515509085416,14.560251741947653,15.28826363475813,3680200
2001-08-31,14.987956047058105,15.129009087468557,14.833253328313958,14.83780437823651,1810000
2001-09-04,15.470256805419922,15.72051061248203,15.174501201618114,15.174501201618114,1806900
2001-09-05,15.452067375183105,15.743272144191636,15.129012193046602,15.48846883916784,2043300
2001-09-06,15.706867218017578,15.793318062795958,15.311010974630483,15.452062261599588,1665600
2001-09-07,15.447518348693848,15.702321658478862,15.256414130637719,15.470268396250743,1193300
2001-09-10,15.720525741577148,15.752376162089062,15.256417382480741,15.333769643522347,1016500
2001-09-17,15.42476749420166,16.33478323460961,15.106261637915422,15.993527331956628,2330600
2001-09-18,14.64670181274414,15.088059975022789,14.619402453076379,15.083510660317218,2708200
2001-09-19,13.172472953796387,14.21899029215573,12.512711457097044,14.014236484805371,4501300
2001-09-20,12.894925117492676,13.240731256799053,12.603720312964684,12.740222348122487,4109600
2001-09-21,13.081473350524902,13.586532251512045,12.28520975527556,12.899470416611027,3503900
2001-09-24,12.590067863464355,13.017775506501819,12.285212554255521,13.013225323634984,2751100
2001-09-25,12.198760986328125,12.603718588560874,11.921206770433576,12.444465657426106,3699100
2001-09-26,11.96215534210205,12.21695946419474,11.721000898424196,12.203308917921412,4043500
2001-09-27,12.39896297454834,12.467213973313596,11.875704160203329,12.012206157733841,2853600
2001-09-28,13.172472953796387,13.377225893288452,12.594612980037187,12.603713342110158,2457300
2001-10-01,13.013221740722656,13.222524887818086,12.517263226951517,13.081472729216454,1903400
2001-10-02,13.104223251342773,13.304426910431118,12.80846837842085,13.195225151253412,3453600
2001-10-03,13.213433265686035,13.44093727479612,12.512720501054691,12.96772851927486,2847900
2001-10-04,14.15983772277832,14.560244052360641,13.490975956193772,13.604727862852839,2908300
2001-10-05,14.014239311218262,14.378246056825853,13.650233433469138,14.196243117951292,1590200
2001-10-08,14.04609203338623,14.36459699229759,13.490981927750573,14.01424075642239,2253400
2001-10-09,14.141644477844238,14.332747816782348,13.80948894307472,14.0460932423045,1697600
2001-10-10,15.060761451721191,15.060761451721191,14.241747543190524,14.35549952314527,2033400
2001-10-11,14.86965560913086,15.329212740916454,14.61030129211136,15.074409474071798,2004600
2001-10-12,14.760452270507812,15.060757346299278,14.30089516047731,14.869654905212434,2088700
2001-10-15,14.155295372009277,14.833256138692857,13.927791432853146,14.560252105992422,2020600
2001-10-16,14.464700698852539,14.73770472835827,13.932341452742532,14.15529520636349,2619600
2001-10-17,14.997062683105469,15.07441494268551,14.569355804514297,14.651257380202477,4155700
2001-10-18,14.237197875976562,14.974310201871978,14.023343603515345,14.969760886501867,2283900
2001-10-19,14.510202407836914,14.687655220349935,13.814040840065061,14.241747663448178,3207000
2001-10-22,14.933354377746582,15.010706598656409,14.26449329043741,14.605748238771952,2002300
2001-10-23,15.20181655883789,15.647724171434774,14.651257319013773,14.937912832725234,2015300
2001-10-24,15.047110557556152,15.311015962938749,14.614852721401714,15.106262068369032,2193400
2001-10-25,15.934374809265137,15.988975264215714,14.94700689115467,14.969758671791482,1684600
2001-10-26,16.726091384887695,16.835294055993657,16.06178019816935,16.06178019816935,4045200
2001-10-29,17.15379524230957,17.376748103162942,16.516783597008605,16.74428750808508,4410900
2001-10-30,16.64873504638672,16.903540032739677,16.580483183842386,16.88078825474692,4251200
2001-10-31,16.302927017211914,16.835285202637817,16.152773640368714,16.653281425079392,3713100
2001-11-01,16.661266326904297,16.843856243447764,15.976556751826038,16.569971368632565,2393000
2001-11-02,15.876123428344727,16.510620341798287,15.71635864485122,16.478667385099584,2782700
2001-11-05,15.510948181152344,16.181963868842853,15.40595962819836,16.022197316803958,1756900
2001-11-06,15.524642944335938,15.643326876383854,14.967747176738522,15.177724297985186,2123600
2001-11-07,15.92634105682373,16.136318197359646,15.237067663740662,15.360315570048124,2501300
2001-11-08,16.492361068725586,16.816456305742374,16.13174717560841,16.159136167683698,2036500
2001-11-09,16.99905014038086,17.368792044020005,16.761684043277352,16.98079080799464,3154400
2001-11-12,16.976234436035156,17.27750662079315,16.43303205874162,16.821033508050327,2087000
2001-11-13,17.062965393066406,17.569650825370122,16.706915182057273,17.072095064251947,2638900
2001-11-14,15.97655200958252,16.84385124376796,15.743751589331806,16.43302492414202,3862700
2001-11-15,13.99089527130127,14.9631822389079,13.762658804002218,14.835370374438368,8681400
2001-11-16,14.333247184753418,14.333247184753418,13.712444706476273,13.99089255038517,6202400
2001-11-19,14.15066146850586,14.39259244575735,13.698753351893233,14.15066146850586,4388800
2001-11-20,15.383139610290527,15.47443455357865,14.378898716733605,14.378898716733605,3990100
2001-11-21,14.789722442626953,15.58855000607396,14.76689740491232,15.387700818542939,2645500
2001-11-23,14.890143394470215,15.072733225045653,14.269340930733376,14.378894306686936,1917100
2001-11-26,14.8490629196167,15.164030335897433,14.556920541441936,14.858192586597902,2824200
2001-11-27,15.07274055480957,15.37401270285152,14.561490347756202,14.652784436786733,2433400
2001-11-28,14.76689338684082,15.15489628543732,14.675600226046749,14.858188288940315,2788000
2001-11-29,15.059041976928711,15.081865274030894,14.556920734150914,15.040782642724583,1529500
2001-11-30,15.049909591674805,15.291839631613877,14.881013392749757,15.200544718387892,1992800
2001-12-03,15.542900085449219,15.908078014632078,14.849061149348927,14.940356066971072,2421300
2001-12-04,16.13176155090332,16.20479718688206,15.269027556746028,15.88070166105808,2820600
2001-12-05,16.775381088256836,17.053829869283142,16.547144610865587,16.547144610865587,4164200
2001-12-06,16.05415153503418,16.665825308893236,15.985681642779689,16.661261345931994,2530500
2001-12-07,15.688971519470215,15.80765543675533,15.319229621811074,15.748313478112772,5103500
2001-12-10,15.355746269226074,15.679841572149884,15.136639511982974,15.177722137797662,2811900
2001-12-11,15.323799133300781,15.42878771888376,15.01796304590337,15.24619955577238,2440600
2001-12-12,15.287280082702637,15.360315686106361,14.949489328644068,15.32379701375143,2154400
2001-12-13,15.378567695617676,15.497251596360123,15.017955514267646,15.227932580128273,2475100
2001-12-14,15.848739624023438,16.022198072051207,15.18685357164739,15.428783651105961,1907200
2001-12-17,15.556598663330078,16.017635567512745,15.337490119325754,15.793963060273617,1983800
2001-12-18,15.542900085449219,15.793959802930827,15.460734833719862,15.55659545494126,2232000
2001-12-19,16.259563446044922,16.33259903695916,15.611372794344298,15.688972347869369,2427200
2001-12-20,16.122623443603516,16.51975439763268,15.935469615492668,16.305213308675274,2209700
2001-12-21,16.13176155090332,16.296092167182216,15.848748679149063,16.067855587085287,2549500
2001-12-24,16.4056339263916,16.560834768111416,16.13631486991621,16.145444536053347,636000
2001-12-26,16.9853458404541,17.254664756987154,16.592779107069838,16.592779107069838,2386500
2001-12-27,16.862106323242188,17.076649118320137,16.615612309518657,16.985354200756813,1667000
2001-12-28,16.862106323242188,17.34596816741379,16.80276610693589,17.08121308061073,1393500
2001-12-31,16.647571563720703,17.044702602770144,16.64300585839815,16.86211269860841,1296300
2002-01-02,16.232179641723633,16.433027124148545,15.908082505604648,16.433027124148545,1894800
2002-01-03,15.894389152526855,16.433027412576934,15.679846292977993,15.94916542300303,2552600
2002-01-04,16.06784439086914,16.42845835405695,15.898949926850506,16.090667684713978,3413100
2002-01-07,16.02676773071289,16.364556784477855,15.876130800918475,15.97655542078142,1852700
2002-01-08,15.711790084838867,15.967415433253565,15.565718954689103,15.930898521368738,1477200
2002-01-09,15.501813888549805,15.657014690363308,15.223365237533931,15.383131741894923,3161400
2002-01-10,15.314665794372559,15.5018196179686,15.109252636448618,15.497255655039607,2017000
2002-01-11,14.712125778198242,15.205117494140987,14.69386643879893,15.109256832947821,1958500
2002-01-14,14.196306228637695,14.734943476206256,14.15065876815822,14.442801122182237,2869900
2002-01-15,14.76689338684082,14.990565809919314,14.388021893890235,14.44736297079801,2453000
2002-01-16,14.264780044555664,14.702993669610937,14.241956744745607,14.470193225458498,2214400
2002-01-17,14.141532897949219,14.4291113667077,13.92242607361627,14.378899059636476,2873600
2002-01-18,14.4428071975708,14.51584281679935,14.178052860204001,14.4930195122854,1976700
2002-01-22,14.287603378295898,14.803418313497712,14.260215244328172,14.607134800314,1573800
2002-01-23,15.049909591674805,15.10012188101438,14.3560706889852,14.470188895191274,2061200
2002-01-24,15.291845321655273,15.44704620949746,14.935796943025789,15.017962221372022,2088200
2002-01-25,15.803088188171387,16.136313130378436,15.451603915658465,15.520075533652694,2591200
2002-01-28,15.218804359436035,15.835041988984797,15.159462403433977,15.739183111731554,2641900
2002-01-29,14.835378646850586,15.177733538700984,14.666484054437024,15.04079193022223,1832600
2002-01-30,15.529207229614258,15.574853820042721,14.588872491557966,14.643650489639091,2194100
2002-01-31,16.06784439086914,16.236738854887776,15.501817300466396,15.529206297863622,3284500
2002-02-01,15.962857246398926,16.34172883311377,15.876126284352528,15.953727579798995,4324400
2002-02-04,15.775703430175781,15.994810204598325,15.579419951594073,15.962857242159986,3611900
2002-02-05,15.698100090026855,15.88068991558238,15.337486142272788,15.748312379119906,3188500
2002-02-06,15.647894859313965,16.045027647838214,15.50182362950266,15.702672876473015,2148400
2002-02-07,15.210493087768555,15.659342129446832,15.109732199011297,15.63186268122547,2549600
2002-02-08,15.183011054992676,15.34331363288736,15.041027523738054,15.320413514211987,2543900
2002-02-11,15.801321983337402,15.915824316549992,15.036447236117437,15.187589407431243,2256800
2002-02-12,15.563159942626953,15.93872752871806,15.526520097411067,15.709722817825078,1750200
2002-02-13,15.563159942626953,15.71430389045662,15.274613517694956,15.572320340722747,2497600
2002-02-14,15.622710227966309,16.02575922947506,15.434926331894319,15.870035870744514,2384100
2002-02-15,15.760110855102539,15.96163445765344,15.4624039051094,15.870033931964507,1824200
2002-02-19,15.549420356750488,15.801325191529822,15.137211174626266,15.618120722326323,1595300
2002-02-20,15.572321891784668,15.709724382572805,15.370798355106565,15.494461120966127,1555500
2002-02-21,16.00743293762207,16.1127749166682,15.810488705919585,15.847128558681538,3531800
2002-02-22,16.099027633666992,16.442534609516215,15.874602307358762,16.030325539630415,2954800
2002-02-25,16.48833465576172,16.57535579302041,16.16772779913299,16.25933000776503,3281200
2002-02-26,16.396738052368164,16.653223974784435,16.236435442837625,16.62574277865031,3320200
2002-02-27,16.085290908813477,16.57536086573376,15.989109346539554,16.488339701843167,2200200
2002-02-28,16.172317504882812,16.529564387397855,16.099036048285683,16.213538433416684,2566300
2002-03-01,16.534135818481445,16.575356727331037,16.12192847715241,16.534135818481445,2354000
2002-03-04,17.202835083007812,17.45015885114505,16.45169813869381,16.534139977128675,3632400
2002-03-05,17.179929733276367,17.404355080702057,16.98298732265153,17.289852744644804,1615700
2002-03-06,17.633371353149414,17.656271485992605,16.717352062076717,16.900556619158515,2697700
2002-03-07,17.2944278717041,18.251667238692352,17.244048323687093,18.045564481547274,2869300
2002-03-08,17.24863052368164,17.381453642739732,17.005886148771022,17.299011827266906,3519600
2002-03-11,17.46390151977539,17.834888071002336,17.335657680546014,17.45016004764914,2898500
2002-03-12,18.031822204589844,18.091363891413774,17.198245577720808,17.280687375733482,2371700
2002-03-13,17.358543395996094,18.29746158295121,17.353962327161817,18.182959322416053,2565200
2002-03-14,17.175357818603516,17.289860204060872,16.87765091754729,17.24405994874503,1909900
2002-03-15,17.509695053100586,17.587557541398947,17.138706896973375,17.221148709446087,2696200
2002-03-18,17.91274070739746,17.990601435434467,17.335648117143464,17.564652725016778,1421800
2002-03-19,18.05472755432129,18.137169376254292,17.766182924722784,17.953966686421953,2560000
2002-03-20,17.747859954833984,18.2654109407881,17.747859954833984,17.862362277123236,2140700
2002-03-21,17.999765396118164,18.173809421795863,17.610458184457705,17.74786062697511,1571600
2002-03-22,16.831851959228516,17.450164189475878,16.78605170038348,17.335661795195414,4705500
2002-03-25,17.05626678466797,17.473055170057403,16.71733914019555,16.71733914019555,2624600
2002-03-26,17.175357818603516,17.29443953072536,16.744829478264244,17.083755560804082,1975100
2002-03-27,17.495952606201172,17.647094740730427,17.18908551934907,17.280687713058647,2711400
2002-03-28,17.51886558532715,17.628788647949705,17.22115867389891,17.358562938969055,1530600
2002-04-01,17.047103881835938,17.546334006042574,16.781457693190877,17.390610799946014,3409300
2002-04-02,16.969242095947266,17.381451113325177,16.877639897955884,17.047104575748254,3500800
2002-04-03,16.460861206054688,16.804368339507004,16.35093990176382,16.76314741360602,2949100
2002-04-04,16.30971336364746,16.758562320581596,16.213531818697366,16.488336732031073,3409800
2002-04-05,15.961629867553711,16.61200424535823,15.755526996854757,16.60284384598999,3097900
2002-04-08,15.98452377319336,16.758558788786775,15.837960950680603,16.48833325718513,2314300
2002-04-09,15.856284141540527,15.98452795516614,15.641020922437646,15.755523266680477,2205800
2002-04-10,16.30971336364746,16.35093427536422,15.686820363112897,15.778422583279808,3336400
2002-04-11,16.19062614440918,16.557034938878562,16.099025692958453,16.259328230163845,2246800
2002-04-12,15.457817077636719,16.103610254549075,15.192170789958563,16.09903092935371,3688100
2002-04-15,15.92956256866455,16.17688800491929,15.892922733941694,15.984524941499018,2386100
2002-04-16,16.593679428100586,16.76314240745497,16.012007312838655,16.19063068934289,2660400
2002-04-17,16.86848258972168,17.12038734382064,16.7768803844584,16.946343328537083,2295300
2002-04-18,17.024215698242188,17.170780375095998,16.451703708166765,16.71735011020237,2765100
2002-04-19,16.937196731567383,17.047119816868012,16.602849895064878,17.024217936519594,2190800
2002-04-22,16.946352005004883,17.147875562029995,16.726507648113586,16.937191605071792,1886500
2002-04-23,17.037948608398438,17.129550830191874,16.68070011812073,16.694441587048335,2035900
2002-04-24,17.015052795410156,17.083753168764606,16.584522768185252,16.60284356661344,2316800
2002-04-25,17.262372970581055,17.491377661474676,16.80894466102528,17.015049232262967,2363900
2002-04-26,17.51886558532715,17.58756771786222,17.262379603986393,17.58756771786222,2665000
2002-04-29,17.39519691467285,17.724964243895897,17.372296793958412,17.509699265412273,2286400
2002-04-30,17.257797241210938,17.54634370106289,17.16161567031612,17.49596237902251,2071200
2002-05-01,17.587556838989258,17.770759500482164,17.005884850736656,17.083745588758628,2596500
2002-05-02,17.842517852783203,17.883862583035366,17.401508565036906,17.58526155872363,2775300
2002-05-03,17.667938232421875,18.118135106894073,17.43824584223725,17.86547382817376,3222900
2002-05-06,16.955902099609375,17.41528714891054,16.955902099609375,17.31881670913687,2991900
2002-05-07,16.73540496826172,17.135069649158748,16.675684394476658,16.891596024950257,2357900
2002-05-08,17.502582550048828,17.626616814873522,16.96510248822466,16.96510248822466,1577900
2002-05-09,16.94671630859375,17.456634057501933,16.882402674031475,17.34178778080784,1613200
2002-05-10,17.056968688964844,17.213159687890375,16.937527585566777,17.08912550470701,1687700
2002-05-13,17.21776008605957,17.295856494924614,16.831876380719248,16.882409041911494,2355900
2002-05-14,17.21776008605957,17.686333282002515,17.089132768418054,17.686333282002515,2845800
2002-05-15,16.51949119567871,17.079941694489342,16.51949119567871,17.020221128448345,2879200
2002-05-16,16.932937622070312,17.001844346021336,16.62055556672936,16.62055556672936,2092800
2002-05-17,16.372495651245117,16.864037897326956,16.28980613765974,16.859444814312774,2166900
2002-05-20,16.354110717773438,16.62055494721561,16.193326615465427,16.37248654444158,1420800
2002-05-21,16.138208389282227,16.478152578580172,16.138208389282227,16.354118319539214,1493300
2002-05-22,16.625144958496094,16.657301773021203,16.032539553379777,16.078477359154235,1958800
2002-05-23,16.923755645751953,17.135072477202563,16.675687146701605,16.76756456328499,2983400
2002-05-24,16.790529251098633,16.905375554803022,16.514898823174306,16.859437734287475,1543200
2002-05-28,16.72620964050293,16.95130908660514,16.615956457176054,16.767554365198645,1325100
2002-05-29,16.799711227416992,16.960495294803877,16.363295077119144,16.583799691998973,1511600
2002-05-30,16.675689697265625,16.79972396576197,16.423028077328436,16.423028077328436,1739000
2002-05-31,16.836469650268555,17.01562961245308,16.47355489217315,16.767561163698073,1505200
2002-06-03,16.21170425415039,16.85024940670988,16.161171601372505,16.813497749265792,1508400
2002-06-04,16.30817413330078,16.514897817867958,15.922290506247188,16.262236315581593,1777900
2002-06-05,16.101459503173828,16.124428424949688,15.66504297976689,16.07849058139797,2211400
2002-06-06,15.97741413116455,16.537864545996168,15.779878386671937,16.33114088868818,2698100
2002-06-07,16.413841247558594,16.951323113354217,15.688013177471666,15.977424737406807,2407100
2002-06-10,16.05091094970703,16.556235491099564,15.97740942126635,16.30357409661063,1351100
2002-06-11,15.380215644836426,16.133607061057106,15.320495080648575,16.046324507563625,2408700
2002-06-12,15.798245429992676,15.825809153116015,15.37101735985908,15.596116717664154,3035100
2002-06-13,16.184133529663086,16.423013942756587,15.527212831759645,15.802844886443555,2168500
2002-06-14,16.23008918762207,16.344935552938104,15.710983125716979,16.147399664401206,1573500
2002-06-17,16.71702003479004,16.831866285924804,16.4643586327765,16.491922363918142,2155400
2002-06-18,16.482738494873047,16.785932602111163,16.33114056504641,16.67567940292678,1350600
2002-06-19,16.07848358154297,16.482743087983856,15.96823035163522,16.266831461972988,2997300
2002-06-20,16.147382736206055,16.41841994430525,16.04172264875813,16.30816677812311,2108100
2002-06-21,15.802849769592285,16.377081203772015,15.582343356741836,16.151981710510846,3144100
2002-06-24,15.97741413116455,16.138199976810846,15.619094293440826,15.807442125118063,2206600
2002-06-25,15.821222305297852,16.423017420673066,15.816629225333731,16.308171145004025,1648000
2002-06-26,15.646659851074219,15.747723398963316,15.256181396889401,15.504249814501112,2782700
2002-06-27,15.495071411132812,15.844205343339318,15.320504445029561,15.75692098407946,1934700
2002-06-28,15.292936325073242,15.779883598203124,15.26077949580677,15.297529406790268,2855000
2002-07-01,14.934611320495605,15.481280802206149,14.884080423097533,15.2975260305964,2293900
2002-07-02,14.516570091247559,15.021893902805742,14.43388062874798,14.934609607714423,3016800
2002-07-03,14.907050132751465,14.957582785281224,14.038811506468349,14.447664931448896,2816900
2002-07-05,15.297528266906738,15.32968509377707,15.02649090298849,15.058647729858823,783800
2002-07-08,14.594670295715332,15.228622461490483,14.498198933006996,15.021898738692528,1919400
2002-07-09,14.668170928955078,14.769236243048706,14.240942513360999,14.240942513360999,2814200
2002-07-10,14.19499683380127,15.095391921717905,14.103120356230924,14.930013035400947,2225600
2002-07-11,13.93315315246582,14.19040862044806,13.322170868378166,14.19040862044806,2949700
2002-07-12,13.561044692993164,14.112306138110384,13.322164295338718,14.08014933000446,2889300
2002-07-15,13.133820533752441,13.675895110710742,12.403398129370673,13.561048831735087,4420300
2002-07-16,13.280827522277832,13.510520147535088,12.793879402070646,12.954664414992289,3480900
2002-07-17,13.386482238769531,13.89180605062984,13.17057154583078,13.551861163867564,1816800
2002-07-18,13.35432243347168,13.78155064361699,13.2900088108545,13.482950554913433,1780300
2002-07-19,12.633090019226074,13.230290287833752,12.550400562543391,13.138413795236623,2509200
2002-07-22,11.994551658630371,12.977636018207107,11.921050073402652,12.472311962610538,3310900
2002-07-23,11.457064628601074,12.265582508988272,11.392750118840217,11.944012588806617,2612900
2002-07-24,12.403399467468262,12.504463888435096,11.227373689224233,11.300875245601505,2726400
2002-07-25,12.283966064453125,12.770914365852837,11.916458077775635,12.403406379175347,2230400
2002-07-26,12.201266288757324,12.701996047188405,11.893478280145626,12.173703431985246,2533900
2002-07-29,12.982223510742188,13.023568241366172,12.311520784336752,12.311520784336752,2184800
2002-07-30,12.81684398651123,13.087881262895793,12.633090123591407,12.862782671293068,3064200
2002-07-31,12.311522483825684,13.000600254402666,12.182895194090905,13.000600254402666,3896800
2002-08-01,11.820170402526855,12.49837656202234,11.774033731544403,12.08776203824451,2850800
2002-08-02,11.031234741210938,11.870918722418125,10.90666600642076,11.820169181565015,4470700
2002-08-05,10.519121170043945,11.09582739383986,10.426848702226916,11.031236578369553,3948100
2002-08-06,10.952802658081055,11.174257599646799,10.6713697865181,10.749801854987265,2648900
2002-08-07,11.058915138244629,11.08659766283418,10.426845786504662,11.058915138244629,3484900
2002-08-08,11.663305282592773,11.769419001069688,11.003553318176229,11.058916614779951,2822400
2002-08-09,12.106216430664062,12.304603504029796,11.243464449262545,11.409555236279578,1891300
2002-08-12,12.180035591125488,12.470696028359155,11.561806432547087,11.810943950175943,2227500
2002-08-13,11.93089771270752,12.433785571192566,11.90782893755732,12.226170994759732,2261100
2002-08-14,12.779807090759277,12.798261227736399,11.92628191596411,12.249236792924686,3447100
2002-08-15,14.103925704956055,14.108539459833057,12.779808854688003,12.779808854688003,4977800
2002-08-16,13.582578659057617,13.933215979112944,13.425714571664882,13.817874790146723,3487100
2002-08-19,13.84094524383545,13.882468149965643,13.084307185433863,13.481080350701632,2488700
2002-08-20,13.01049518585205,13.702542783397712,12.835175968349429,13.61949693089479,3062100
2002-08-21,12.91821575164795,13.04739822595853,12.526055454619057,12.872079090823913,2612800
2002-08-22,13.661017417907715,13.808654071558799,12.918219514243855,13.056628657045778,3170000
2002-08-23,13.324216842651367,13.785581705180597,13.319603968411677,13.425717675597326,1454400
2002-08-26,13.49030876159668,13.63333162562637,13.148898861663799,13.37958129783334,1820400
2002-08-27,13.167352676391602,13.716376190745239,13.033556453240553,13.6056487370945,1759900
2002-08-28,12.91821575164795,13.185807328447027,12.733669988335416,13.13967066762299,1522000
2002-08-29,12.535284042358398,12.918216864205132,12.36919240108098,12.595261090606527,2435200
2002-08-30,12.687532424926758,13.019714775258036,12.549123332284614,12.590646236073967,1855600
2002-09-03,12.175414085388184,12.526051361084969,12.00932339267742,12.526051361084969,2498200
2002-09-04,12.35996150970459,12.447620174608131,11.750959328366527,12.281529470591737,2905000
2002-09-05,12.106216430664062,12.484535556624843,11.981647680413419,12.18003475377915,2189600
2002-09-06,12.512213706970215,12.641395287200295,12.318440456641577,12.45684954402624,1395700
2002-09-09,12.872079849243164,12.964353176327956,12.22616919960062,12.549124964413723,2523200
2002-09-10,13.213492393493652,13.33344739069517,12.918219095756896,12.973583279074457,1654400
2002-09-11,13.005880355834961,13.46724538277499,13.005880355834961,13.425722459951672,1223700
2002-09-12,12.765971183776855,13.213494973022371,12.687539088756093,13.079699563859903,2034100
2002-09-13,13.065850257873535,13.236555611433078,12.572190090529016,12.76596333079339,1548200
2002-09-16,13.213492393493652,13.434948246780062,12.908991585206662,12.964355768524225,2086600
2002-09-17,12.747509002685547,13.079692220985834,12.599872407878093,12.982805155653743,1882300
2002-09-18,12.784421920776367,13.135059376818596,12.526057803686642,12.858241119928637,1738400
2002-09-19,12.715213775634766,13.079692393868799,12.62294134265224,12.789032074014198,3461300
2002-09-20,12.622947692871094,13.001266882382374,12.466083509905346,12.798266019723648,2674000
2002-09-23,12.558351516723633,12.872079770922637,12.443010298561273,12.692147752184127,1923500
2002-09-24,12.050853729248047,12.687537017860508,11.995489544159026,12.45685452662668,2301000
2002-09-25,12.724445343017578,12.765968259102994,11.926284187124669,12.249239125586588,2677400
2002-09-26,13.674857139587402,13.757902973226003,12.719831812711156,12.724445567911504,3477700
2002-09-27,13.370360374450684,13.859408013587391,13.319610811886756,13.670247513176793,2616500
2002-09-30,13.393421173095703,13.527216514619903,12.899760071655193,13.287306594664742,3170400
2002-10-01,13.75329303741455,13.757906793896172,13.139677505104103,13.421110490594483,2217200
2002-10-02,13.407262802124023,13.91015057805906,13.319604110893987,13.757900206995108,2875800
2002-10-03,13.31499195098877,13.910152243692373,13.12121864825146,13.494923989250642,3054000
2002-10-04,13.144287109375,13.564129136751848,12.858241337747415,13.425720005962216,1806500
2002-10-07,12.664467811584473,13.12121899141429,12.572194472635836,13.033559407411463,2579600
2002-10-08,12.51683235168457,12.876697376784144,12.06930860815032,12.641401115755645,2999200
2002-10-09,12.230779647827148,12.682916892360456,12.212324635405334,12.438393257671988,2081700
2002-10-10,12.452238082885742,12.502988501595496,11.81094117730036,12.346124371023237,2386900
2002-10-11,12.632169723510742,12.793647603625304,12.489146860544656,12.549124786293554,2369800
2002-10-14,13.061240196228027,13.061240196228027,12.479920311127842,12.710602763311229,1885500
2002-10-15,13.37957763671875,13.541055473848246,13.079690727754496,13.111986119183712,2051100
2002-10-16,12.872079849243164,13.448785943563948,12.61371576538288,13.448785943563948,2668000
2002-10-17,13.23194408416748,13.241171592395188,12.982806641921094,12.982806641921094,2613000
2002-10-18,13.005880355834961,13.356517881907457,12.858243688011584,13.356517881907457,2484300
2002-10-21,13.04740047454834,13.125832547471106,12.655240109934505,13.125832547471106,2462800
2002-10-22,12.793652534484863,13.171971732001829,12.64140210426501,13.171971732001829,2201500
2002-10-23,13.125829696655273,13.241170903550369,12.835169362488832,12.895147282865082,3138100
2002-10-24,13.531830787658691,13.840945267157895,13.26423921435965,13.26423921435965,4189400
2002-10-25,13.148895263671875,14.30230712890625,12.973577047348954,13.702533310977742,2387300
2002-10-28,13.430336952209473,13.785587373644002,13.04740399405225,13.264245251809326,2436800
2002-10-29,13.075084686279297,13.527222192922354,12.996652597985383,13.527222192922354,2634100
2002-10-30,13.605647087097168,13.679465380578831,13.231941866348318,13.231941866348318,3193200
2002-10-31,13.455123901367188,13.895136923998754,13.362490185264605,13.756185908130373,1891400
2002-11-01,14.103559494018555,14.14524496116767,13.26521921773408,13.45511928655618,1839300
2002-11-04,13.853446960449219,14.288828023899402,13.774707841351086,14.265668939794818,2423500
2002-11-05,14.214715957641602,14.219347772910194,13.594066846505372,13.853442317547422,2608600
2002-11-06,14.682530403137207,14.775164132068783,14.284202806786938,14.41852202293792,3297300
2002-11-07,14.13135051727295,14.798317155724995,14.126718700212246,14.728840783243227,1810300
2002-11-08,14.242510795593262,14.427779052020924,14.126718024897382,14.135981658575947,1576300
2002-11-11,14.00629711151123,14.446310108951817,13.997033475402617,14.261041803924346,1485700
2002-11-12,14.015554428100586,14.242508109855969,13.913657127137526,14.219349913455272,1185700
2002-11-13,13.584805488586426,14.265666545259524,13.431959092866808,14.010922846869688,2296700
2002-11-14,14.024818420410156,14.04334480132105,13.61722743922744,13.686702913643321,1984100
2002-11-15,14.05260944366455,14.122084923074686,13.714494796020885,14.029451245004058,1459200
2002-11-18,14.010926246643066,14.219353602030761,13.783972506014683,14.191562699026539,1166900
2002-11-19,13.871979713439941,14.191567249606303,13.844188801524458,14.01556255795363,994200
2002-11-20,14.413881301879883,14.520410415372119,13.895129415010919,13.895129415010919,1389000
2002-11-21,14.738103866577148,14.932636642141556,14.418515568762395,14.418515568762395,1364900
2002-11-22,14.58525562286377,14.775155674413641,14.339774659027498,14.775155674413641,1500900
2002-11-25,14.714945793151855,14.789053097138577,14.450938412270569,14.728840360506398,1727700
2002-11-26,14.386092185974121,14.70568044939984,14.38146036958492,14.427777650048286,1359800
2002-11-27,14.72420883178711,14.761262482282591,14.43241056113507,14.617678813612477,1064900
2002-11-29,15.164217948913574,15.2151652701558,14.87241975052707,14.992843422242222,978400
2002-12-02,15.687607765197754,15.747820514827595,15.131801981891087,15.256858415649427,1619700
2002-12-03,15.608867645263672,15.919191458464802,15.446756687458796,15.70150222588679,2132400
2002-12-04,15.187384605407715,15.330966551661069,15.053064528644665,15.196648241755991,1437100
2002-12-05,14.895581245422363,15.386543205964355,14.877053978943637,15.19201044165248,2211600
2002-12-06,15.386547088623047,15.479179910676995,14.733474915309982,14.895585004191128,1546800
2002-12-09,15.053053855895996,15.618122904496088,15.011368405313092,15.409695651581568,1626600
2002-12-10,15.104012489318848,15.247594424584806,14.75200228588228,14.98358699286461,1803500
2002-12-11,15.080846786499023,15.349485019061712,14.802943156045218,15.108635912744532,1965800
2002-12-12,15.414338111877441,15.497709075398829,15.029906906180408,15.131803376261406,2897600
2002-12-13,15.219801902770996,15.516231109935255,15.131798267179615,15.335594672248126,1968500
2002-12-16,15.493071556091309,15.493071556091309,15.224431506278508,15.284644235867116,2293600
2002-12-17,15.053053855895996,15.557910194352623,14.98821021429075,15.497697484209157,1451100
2002-12-18,15.0299072265625,15.224438301020395,14.77053069376056,15.05306543539919,1774800
2002-12-19,14.826108932495117,15.26149097947652,14.821477998038189,15.029905385757173,2272200
2002-12-20,15.562549591064453,15.562549591064453,14.83537104290242,15.053062044010256,2482100
2002-12-23,15.706132888793945,15.733923792558599,15.238330826663594,15.469916390796124,1457600
2002-12-24,15.516233444213867,15.73855538303341,15.456020700307207,15.724660814000224,434100
2002-12-26,15.289278030395508,15.687605479851863,15.242961624724703,15.493074455805338,687100
2002-12-27,14.92337417602539,15.432861705523623,14.8909523387041,15.289278021059609,1079600
2002-12-30,14.81684398651123,15.229066883033536,14.775158515138989,15.099377768287892,1371100
2002-12-31,14.909480094909668,14.923376432189414,14.626946267374903,14.821478204141417,1067500
2003-01-02,15.460653305053711,15.516233347698446,15.029903999127198,15.145696785304052,1769700
2003-01-03,15.076215744018555,15.55791400957842,15.071584811421141,15.423593995110489,1476000
2003-01-06,14.83073616027832,15.07621623362778,14.821472527925502,15.04379440382152,1942400
2003-01-07,14.159140586853027,14.835369978416452,13.983135955060654,14.835369978416452,2753300
2003-01-08,14.057243347167969,14.302723469758906,13.881237830873445,13.987767857442776,2233800
2003-01-09,14.335149765014648,14.381466180764638,14.117458723902082,14.177671477863473,2618500
2003-01-10,14.186934471130371,14.39536187924986,14.020193428063799,14.339780942608323,1785400
2003-01-13,14.020190238952637,14.10356118323641,13.779341040672588,14.098929365950776,2025700
2003-01-14,13.811758041381836,14.126714439077034,13.686701668750771,13.871970761579835,2270000
2003-01-15,13.959975242614746,14.080399822301738,13.830287913281582,13.96460705915217,4292400
2003-01-16,14.52041244506836,14.538938827495194,14.024819568006437,14.071135965787855,3325100
2003-01-17,14.353671073913574,14.483359289023701,14.173034642826607,14.404620173319104,1675900
2003-01-21,13.830292701721191,14.358307601799781,13.802501792874649,14.358307601799781,1472000
2003-01-22,14.034086227416992,14.159142656496462,13.385646760105944,13.83492336455539,2975100
2003-01-23,14.279568672180176,14.335149607269148,13.91829480267433,14.038719425842945,1743000
2003-01-24,13.867345809936523,14.35830702871974,13.709867533140766,14.265672436453196,1805300
2003-01-27,13.214269638061523,13.788601602040757,13.117003263599576,13.686703411325515,1789200
2003-01-28,13.547762870788574,13.75619034524935,13.293018965051449,13.325440820316615,1743500
2003-01-29,13.92292594909668,13.969243245531162,13.293013721246156,13.552389344478724,2139500
2003-01-30,13.77470874786377,14.34440900289757,13.77470874786377,13.927555179297931,2147000
2003-01-31,14.015554428100586,14.159137189327755,13.66354436555288,13.68670256195358,1639200
2003-02-03,14.210088729858398,14.358303332588132,13.904395890871141,14.020188659682336,1646200
2003-02-04,14.483357429504395,14.566728351126287,13.959973703068558,14.214718283960844,1835600
2003-02-05,14.714945793151855,14.812211298348647,14.511150265473999,14.65936487344744,3252800
2003-02-06,14.824182510375977,14.958990493512813,14.59640432987667,14.773049212149907,2161400
2003-02-07,14.410463333129883,15.005475445243064,14.410463333129883,14.945045746733799,2086600
2003-02-10,14.731213569641113,14.731213569641113,14.382573304856107,14.41511292104062,1806800
2003-02-11,14.666139602661133,14.963645803015526,14.577818003579932,14.921808882760887,1589900
2003-02-12,14.26636028289795,14.819535546806605,14.17803783175296,14.596405983886909,1769500
2003-02-13,13.615564346313477,14.294250275259898,13.46681042794135,14.271007946540696,4271100
2003-02-14,13.666701316833496,13.829400321472587,13.53654282243282,13.615568002592479,2595400
2003-02-18,13.940962791442871,13.978151053137307,13.504000051554693,13.66669902895713,2657400
2003-02-19,13.996742248535156,14.01998457399427,13.85728563586683,13.945608068559649,2295500
2003-02-20,14.131555557250977,14.470898623610502,13.829400759990602,14.038585327822238,2404200
2003-02-21,14.419767379760742,14.554574542126588,14.094369313407212,14.178043152563172,2109400
2003-02-24,14.712626457214355,14.749814735517011,14.284960813414576,14.424417522028403,2288400
2003-02-25,14.494144439697266,15.479634190498873,14.391876016394797,14.921809167549652,4163500
2003-02-26,14.62429428100586,14.898557984387283,14.494135836443764,14.54991777364526,2380900
2003-02-27,14.447657585144043,14.828837599295415,14.345390057598518,14.624301657566013,2600700
2003-02-28,14.419767379760742,14.731219510708813,14.294256621026804,14.475549348105782,2058800
2003-03-03,14.224520683288574,14.484838457361274,14.173386502320795,14.419759235502575,1976200
2003-03-04,14.12690258026123,14.317492511772901,14.033932379345147,14.289601540161877,1692300
2003-03-05,14.099024772644043,14.275668939960532,13.945622955598017,14.178050004857985,1842700
2003-03-06,14.275656700134277,14.322142247457725,13.959556928938586,14.047878493551261,2528400
2003-03-07,14.191985130310059,14.410466070905013,14.066474406576761,14.085068095293831,1966000
2003-03-10,13.824751853942871,14.41976503490919,13.773617652409706,14.41976503490919,1726800
2003-03-11,13.587676048278809,13.992099235085663,13.559785069179858,13.75967234043852,2075200
2003-03-12,13.248336791992188,13.569086246793935,13.136771956982557,13.504006094726114,3262700
2003-03-13,13.44821834564209,13.596971395111122,13.206494196935855,13.55048584549252,2469700
2003-03-14,13.480758666992188,13.569081127207028,13.294817345464756,13.448219046554657,2353700
2003-03-17,13.5458402633667,13.750376195932908,13.369196198858369,13.480761011174941,3037300
2003-03-18,14.03393840789795,14.03858705293637,13.294820692918307,13.545841318524355,3661400
2003-03-19,14.00604248046875,14.219875657102095,13.861938072574663,14.145499131309139,2515100
2003-03-20,14.312846183776855,14.43835601187122,13.88053209079046,14.006041918884824,2939600
2003-03-21,14.015340805053711,14.317495574278242,13.936315629720694,14.317495574278242,3322900
2003-03-24,13.72713565826416,14.29425708352643,13.68529873733252,14.019993218147206,2039500
2003-03-25,13.866584777832031,14.061823352405328,13.768965933864385,13.829396520134166,2025700
2003-03-26,13.755023002624512,14.145500236875016,13.671349182908232,13.866587800033486,1478800
2003-03-27,14.136199951171875,14.317492597688428,13.773613771500763,13.852638930404543,2907300
2003-03-28,14.205933570861816,14.40117222556919,14.024640851004385,14.038586785854328,1474900
2003-03-31,13.913073539733887,14.205931026013317,13.708537631767085,13.708537631767085,1417200
2003-04-01,14.284950256347656,14.354678115804049,13.871230855153598,14.015335216248522,1574300
2003-04-02,14.363978385925293,14.363978385925293,14.066472317530307,14.284953225678123,1737800
2003-04-03,13.866584777832031,14.36397805703024,13.861936134790048,14.36397805703024,1845800
2003-04-04,13.982797622680664,14.140847933098726,13.838693240818772,14.038580450267379,1743700
2003-04-07,13.88518238067627,14.03393544393561,13.875885092563012,13.982801245950888,1697700
2003-04-08,13.77826976776123,13.945617461017758,13.722487794434707,13.931671524366886,1534700
2003-04-09,13.76431941986084,13.889829254856007,13.666699674155558,13.796859039549888,1403200
2003-04-10,14.12690258026123,14.168739480996768,13.838693804791971,13.889827104972516,1982800
2003-04-11,13.852635383605957,14.178033222045725,13.52723843180397,13.666694141627996,3149600
2003-04-14,13.517950057983398,13.917724656713387,13.438924867226039,13.852644514147206,2653200
2003-04-15,13.020553588867188,13.517946957402923,12.997310369482522,13.517946957402923,4226100
2003-04-16,12.648674011230469,13.155364825863508,12.644026252539248,13.020557657857175,3146900
2003-04-17,12.87645149230957,13.015907287159523,12.527811118546369,12.597539015971346,3123900
2003-04-21,12.899689674377441,13.025200381299648,12.783476253887555,12.922932003820206,2331000
2003-04-22,13.169307708740234,13.24833288774671,12.876450213974024,12.89969254859548,2428800
2003-04-23,13.434274673461914,13.620216016560414,13.285521598983113,13.41103233806395,4609400
2003-04-24,13.341300964355469,13.527242258940062,13.262275803327263,13.480756713634406,1964200
2003-04-25,13.183253288269043,13.457517085317217,13.108876755507323,13.457517085317217,1642900
2003-04-28,13.122821807861328,13.411031537436825,13.015905652792275,13.248332539449281,2047700
2003-04-29,13.001960754394531,13.173957054319672,12.960123840538099,13.122822851464415,2451900
2003-04-30,13.015904426574707,13.234385360259628,12.876448662373798,13.001958495499366,2948000
2003-05-01,13.027576446533203,13.120930987658372,12.878209892968842,13.06958590101004,1954900
2003-05-02,13.204946517944336,13.349645218399791,12.836197154173904,13.11625981559663,1686300
2003-05-05,13.414995193481445,13.485010648513907,13.130264667348648,13.130264667348648,1870800
2003-05-06,13.400989532470703,13.676384381691111,13.368315718206361,13.466338051294054,2244400
2003-05-07,13.611038208007812,13.741734369329592,13.223618429773166,13.40099096486473,2596600
2003-05-08,13.732400894165039,13.877099634214604,13.53168925038618,13.643714167549865,2461200
2003-05-09,13.881766319274902,13.942447034228518,13.611039235614873,13.797747415674406,1443300
2003-05-12,13.933110237121582,14.208505113532667,13.713727364895437,13.900436419631243,2143800
2003-05-13,13.989124298095703,14.28319047933415,13.69039119106797,13.933112285675445,3610300
2003-05-14,14.171162605285645,14.264516236592298,13.87709648544767,14.035798637993151,2801200
2003-05-15,14.2365083694458,14.292521253120778,14.049800241020183,14.217837111455948,1983100
2003-05-16,14.325196266174316,14.35320226521418,13.844422016134235,13.951779087699267,2636800
2003-05-19,14.13382339477539,14.325199395561391,14.129155578866603,14.325199395561391,2152200
2003-05-20,14.04980754852295,14.227180140207624,13.956452990607827,14.189838495100584,1884800
2003-05-21,14.88999080657959,15.10003716717034,13.965784683272775,13.965784683272775,4211200
2003-05-22,14.936668395996094,15.118708757177956,14.62859968155226,14.89465894490877,3251400
2003-05-23,15.165390014648438,15.226068960387712,14.843316896938486,14.936671449616588,2218800
2003-05-27,15.520127296447754,15.627484354301364,15.067359103274153,15.128039798787615,2435600
2003-05-28,15.361430168151855,15.557474871042308,15.170054171367422,15.520132344552824,2213600
2003-05-29,15.006681442260742,15.361426455218867,14.983341478551367,15.361426455218867,3204900
2003-05-30,15.426779747009277,15.543472486064703,15.067365897047779,15.100039721536108,1718900
2003-06-02,15.324084281921387,15.548134023933748,15.310079948890628,15.426772634142218,1624500
2003-06-03,15.263408660888672,15.426777762312433,14.964675572233988,15.426777762312433,1484500
2003-06-04,15.510797500610352,15.75351859334902,15.352095316150061,15.73018040340275,2547200
2003-06-05,15.814194679260254,15.823530308622045,15.286743194149055,15.51079295706435,3087700
2003-06-06,15.87954044342041,16.05691381933116,15.739509580580988,15.846866634777513,3130800
2003-06-09,16.033580780029297,16.150273512869656,15.61815493601199,15.730180742998243,2355100
2003-06-10,16.20162010192871,16.24829826774529,16.03358226616894,16.03358226616894,1829300
2003-06-11,16.775747299194336,16.785082931863567,16.12693596369675,16.206287951090264,2841100
2003-06-12,16.4630126953125,16.873771656702893,16.238962838351373,16.775748397553038,2686500
2003-06-13,16.131603240966797,16.463010158705348,15.916887269779409,16.463010158705348,2420000
2003-06-16,16.024240493774414,16.136264475187552,15.706836245455388,16.136264475187552,3091400
2003-06-17,15.874878883361816,16.360321088224524,15.832869427545047,15.940228310646658,2349500
2003-06-18,15.772181510925293,15.949553085123954,15.510789292322109,15.874869848464304,4013800
2003-06-19,15.977567672729492,16.26229820625674,15.692837139202245,15.748850929154592,2227300
2003-06-20,15.874878883361816,16.29030651558979,15.84220506001431,16.150273809140675,1952300
2003-06-23,15.874878883361816,16.04758541315844,15.80019560419754,15.874878883361816,1607900
2003-06-24,15.888877868652344,16.098925076961432,15.828197168343221,15.879542239328691,1362400
2003-06-25,15.916888236999512,16.36498968969839,15.832869325905337,15.949562060137268,2054500
2003-06-26,15.818866729736328,16.047585271743177,15.613488158991874,15.893550008242476,5089900
2003-06-27,15.72550106048584,16.000895788992956,15.72550106048584,15.818855537716626,1761900
2003-06-30,15.669498443603516,15.916886442495413,15.618153361435851,15.776855533322445,2066300
2003-07-01,15.627492904663086,15.7301830947038,15.39877611123248,15.669502365989736,2714500
2003-07-02,15.613484382629395,15.972898129944781,15.380098971171824,15.627486937528246,2285200
2003-07-03,15.510797500610352,15.893549513616392,15.370766580342979,15.590149483135377,1940100
2003-07-07,15.258740425109863,15.51546585038822,15.193392782526178,15.51546585038822,2423100
2003-07-08,15.375429153442383,15.585476364675731,15.109369946076557,15.258736456155994,1720500
2003-07-09,15.613484382629395,15.781522163773147,15.380098971171824,15.380098971171824,2350100
2003-07-10,15.160719871520996,15.622823884178175,14.941336960598012,15.618155177662038,2754000
2003-07-11,15.347432136535645,15.356767770910828,15.076704081425866,15.160723010212337,1502000
2003-07-14,14.99267864227295,15.403437473463685,14.8713190092747,15.347425472125217,2635000
2003-07-15,14.964675903320312,15.216730839580759,14.8479822864011,15.076699923749466,1484300
2003-07-16,14.773303985595703,15.100043195954422,14.637940840098633,14.9646809407525,1572900
2003-07-17,14.936668395996094,15.142046945428774,14.390546422155694,14.773298407355924,2578500
2003-07-18,15.45944881439209,15.524796443260295,14.922662557973347,15.076696890516024,2582700
2003-07-21,15.226064682006836,15.641490455074166,15.123376305446385,15.459450107827987,1781300
2003-07-22,14.974015235900879,15.576148500849714,14.964679601792895,15.22607023445591,1661200
2003-07-23,14.819975852966309,15.314753640565803,14.49323587174361,15.170054022721418,2507100
2003-07-24,14.7079439163208,15.21672312747335,14.57257999469987,14.824636583803231,2585500
2003-07-25,14.950674057006836,14.96934532372002,14.605264525762937,14.712621638478744,1906100
2003-07-28,14.824644088745117,15.081368621349304,14.647270645812062,14.955340262996058,2870900
2003-07-29,14.353208541870117,14.875992464230654,14.273857434644725,14.707954615919224,2814400
2003-07-30,14.535248756408691,14.581926034793012,14.264521610133665,14.35787616690231,2154400
2003-07-31,14.715618133544922,14.973293357538624,14.336132527461244,14.593807751454946,2103300
2003-08-01,14.785898208618164,14.828063389779231,14.42046783001579,14.584442541647544,1809200
2003-08-04,14.420463562011719,14.799949186550348,14.219007954665628,14.790578950488927,2421200
2003-08-05,14.176843643188477,14.561014408986741,14.148733826899443,14.43451889529367,1565200
2003-08-06,14.579750061035156,14.635969675022613,14.167468721685418,14.317388883778175,2206000
2003-08-07,15.29655933380127,15.301243557734608,14.528217037487964,14.584436660636012,2928300
2003-08-08,15.427741050720215,15.460535984074886,15.11853040252631,15.446481523262834,2582100
2003-08-11,15.437111854553223,15.661992171763131,14.898334865878098,15.432425842650368,2594700
2003-08-12,15.43242359161377,15.507383686416418,15.165378142179978,15.413684908305331,1774100
2003-08-13,15.460538864135742,15.601088860008034,15.268453452765904,15.432428150085219,1282500
2003-08-14,15.418364524841309,15.572970679464746,15.03419393038132,15.465213899896781,2712600
2003-08-15,15.488649368286133,15.624513349713713,15.366838062908132,15.554239246324993,939500
2003-08-18,15.633883476257324,15.694789128512548,15.49333348329076,15.629199250940827,1121100
2003-08-19,15.558921813964844,15.732268515672935,15.42774207186354,15.732268515672935,1016000
2003-08-20,15.840018272399902,15.914978355323504,15.441791379776916,15.469902081069273,1324600
2003-08-21,16.003997802734375,16.083643920557247,15.835337117641137,16.069587672006215,1789700
2003-08-22,15.633883476257324,16.060219467663643,15.624513238434204,16.055535242347144,1356600
2003-08-25,15.507379531860352,15.647931235751276,15.423049224401458,15.596395849283159,1250800
2003-08-26,15.465216636657715,15.51206780719318,15.277817316084105,15.51206780719318,1819700
2003-08-27,15.310614585876465,15.736950473478235,15.15600838022378,15.469905015705132,2146000
2003-08-28,15.633883476257324,15.788489719553633,15.25439867396661,15.31530253903171,3321900
2003-08-29,15.676041603088379,15.680727613487624,15.319981661886512,15.633876445441773,1398100
2003-09-02,15.474590301513672,15.507385234564493,15.207544825419943,15.207544825419943,3531300
2003-09-03,15.394943237304688,15.530808957036397,15.287188221128002,15.530808957036397,2537400
2003-09-04,15.123207092285156,15.432417586422211,14.968602738811096,15.432417586422211,2676600
2003-09-05,15.02014446258545,15.193489352474986,14.781207923774488,15.038883146516165,2097400
2003-09-08,15.221600532531738,15.315299316668325,15.062310097433894,15.08573479346804,1892400
2003-09-09,14.87022590637207,15.221602650950139,14.851486325655706,15.221602650950139,2348600
2003-09-10,14.720296859741211,14.992027319157156,14.654707026170126,14.870216989957669,2337100
2003-09-11,14.640649795532227,14.832735049362062,14.514154366836186,14.781199676131598,2087000
2003-09-12,14.598491668701172,14.650027066699664,14.4204616748074,14.640656831864524,1575300
2003-09-15,14.514165878295898,14.720306641117551,14.448576001141532,14.603181349859007,1271700
2003-09-16,14.56570053100586,14.593810349231907,14.481370182732707,14.51885023823244,1833500
2003-09-17,14.3595609664917,14.607866913209149,14.27523061124445,14.565701735585524,1314300
2003-09-18,14.584426879882812,14.682812494803755,14.167461529050843,14.36423186529853,3625800
2003-09-19,14.823373794555664,14.846799384569277,14.397037885851711,14.58443813798616,2939600
2003-09-22,14.476682662963867,14.851484049390889,14.382982986553257,14.828058460092091,3691400
2003-09-23,14.397034645080566,14.532900355791488,14.293964753006364,14.35955460309043,1937300
2003-09-24,14.462618827819824,14.85147442216189,14.308013613047539,14.682813862921478,6429600
2003-09-25,14.21431827545166,14.514158584443278,14.106563276107122,14.429828274140734,2540300
2003-09-26,13.872312545776367,14.148728160435073,13.698966811962,14.078452307465044,3037400
2003-09-29,13.933218955993652,14.092509359744056,13.84420352011085,13.87699933913745,2262500
2003-09-30,13.862945556640625,14.083140719164879,13.619324806446897,13.937905649993342,2326500
2003-10-01,14.298651695251465,14.350186201069869,13.839520898863203,13.91448099241252,2976000
2003-10-02,14.326759338378906,14.382979846828537,14.172154057135758,14.242429022501796,2346400
2003-10-03,14.589122772216797,14.7249885090058,14.279912143049591,14.429832339785829,2286800
2003-10-06,14.53758716583252,14.74372697398861,14.476681532008609,14.54695650722522,1194600
2003-10-07,14.453261375427246,14.53759172959881,14.195585193948014,14.53759172959881,1968000
2003-10-08,14.546953201293945,14.743723623339415,14.397033049943985,14.439198204210484,1574000
2003-10-09,14.546953201293945,14.640653742684965,14.434513087781475,14.546953201293945,1891200
2003-10-10,14.654706001281738,14.846791266387248,14.439195158971653,14.52352544971932,2511300
2003-10-13,14.397034645080566,14.687505640700135,14.35955460309043,14.659395832606204,1527700
2003-10-14,14.336129188537598,14.490734465644797,14.265854225051532,14.401719035311972,1941900
2003-10-15,14.120619773864746,14.340815814514983,14.045659685777991,14.340815814514983,1813700
2003-10-16,14.256488800048828,14.387668537841806,14.069088536348183,14.073773654640068,1471100
2003-10-17,14.012864112854004,14.256484834700803,14.008178995865254,14.256484834700803,1805200
2003-10-20,13.961334228515625,14.083144637503672,13.820784237772902,14.055034818074137,2123900
2003-10-21,14.172159194946289,14.275229121942612,14.008183620583285,14.008183620583285,2758100
2003-10-22,13.670862197875977,14.172158230320385,13.563107159678472,14.172158230320385,4531300
2003-10-23,13.539676666259766,13.937902634536883,13.460031472604342,13.937902634536883,3541500
2003-10-24,13.2117338180542,13.497518934203002,13.150828163389876,13.492833815106124,2516800
2003-10-27,13.127399444580078,13.39913001388511,13.122714326916823,13.23046935238722,2218100
2003-10-28,13.183619499206543,13.277320068337142,13.000904372356214,13.164879921537334,3450400
2003-10-29,12.696380615234375,13.282007019132687,12.644845205740932,13.183621318608383,5979700
2003-10-30,13.046895980834961,13.084535746442524,12.656383076130437,12.797532870210901,5222000
2003-10-31,13.296260833740234,13.39976997138757,12.830468368222938,13.051601893043415,4004000
2003-11-03,13.173933029174805,13.338607371520084,13.122178005105525,13.296262514991213,3285500
2003-11-04,13.446825981140137,13.475055595543298,12.938688434866947,13.173937315500892,4974300
2003-11-05,13.592670440673828,13.620900932552097,13.409176730478231,13.451521570893004,2343600
2003-11-06,13.724414825439453,13.762054596988088,13.4750507780529,13.644430198723233,2333600
2003-11-07,13.823216438293457,13.85144693500171,13.644427779488419,13.785576673418566,1919900
2003-11-10,13.682066917419434,13.87967589830841,13.658542401976618,13.827920887450924,2118300
2003-11-11,13.682066917419434,13.70559143286225,13.512687534542387,13.639722071700172,1310600
2003-11-12,13.79499340057373,13.809108655641776,13.602089401659818,13.625613929370019,1298400
2003-11-13,13.87026596069336,13.973775984106272,13.72911707091562,13.893791373924818,2563400
2003-11-14,13.950249671936035,14.049054606335774,13.794985544224472,13.874970149251805,1738300
2003-11-17,13.644428253173828,13.950251465574746,13.578558886706716,13.950251465574746,2107900
2003-11-18,13.545623779296875,13.73382260431154,13.503278931493227,13.691477756507892,3021800
2003-11-19,13.578563690185547,13.644433079954256,13.470348538904359,13.620908554294898,1614200
2003-11-20,13.526803016662598,13.743231434175875,13.498573418161465,13.503278500812113,1509100
2003-11-21,13.409181594848633,13.550330515833226,13.29155719489382,13.507985660057257,2463600
2003-11-24,13.343313217163086,13.437412205731105,13.178638865415277,13.409182598901001,2043600
2003-11-25,13.32919979095459,13.40918443576581,13.268035484876902,13.268035484876902,3220800
2003-11-26,13.569153785705566,13.649138430872332,13.315084596092376,13.315084596092376,2060300
2003-11-28,13.578563690185547,13.625612741504264,13.517398487626206,13.522103572238704,1047200
2003-12-01,13.611493110656738,13.743231839145789,13.526803415255044,13.630312544411124,2010900
2003-12-02,13.879681587219238,13.88909175621444,13.639727662260297,13.653842915753096,2364700
2003-12-03,13.578563690185547,14.171390890313315,13.522103572238704,14.171390890313315,2689800
2003-12-04,13.92202377319336,14.22314194391211,13.550330245984833,13.62090560247461,3055300
2003-12-05,14.180800437927246,14.209030946151268,13.90320672221307,13.926732145733089,2370500
2003-12-08,14.293716430664062,14.336061285678712,13.9831880921586,14.114927740804498,1717100
2003-12-09,14.289013862609863,14.416047544636672,14.21373341385648,14.35017816155588,1595100
2003-12-10,14.114925384521484,14.41133842273921,14.044350937079436,14.260779362222094,2253500
2003-12-11,14.129048347473145,14.166688133153857,13.950258692437297,14.161983047768357,1847200
2003-12-12,14.576017379760742,14.646591849707843,14.09140536136173,14.166684915625714,2071700
2003-12-15,14.350181579589844,14.599545713710183,14.326657050715752,14.576020287432838,1832100
2003-12-16,14.38782024383545,14.566608982604537,14.307835595527472,14.31254068041655,1954200
2003-12-17,14.279605865478516,14.383115039972502,14.152571266733734,14.359590513124878,2453500
2003-12-18,15.11708927154541,15.150023961880319,14.303127694082788,14.303127694082788,4178500
2003-12-19,14.914780616760254,15.182964219136142,14.7877459954022,15.093570283279737,2851600
2003-12-22,15.140610694885254,15.168841192882224,14.783032463549041,14.867722162734305,2256700
2003-12-23,14.830083847045898,15.140612176170597,14.740689056115178,15.140612176170597,2162600
2003-12-24,15.178247451782227,15.187657616471643,14.834785414645498,14.844194681932217,893100
2003-12-26,15.070038795471191,15.197073373315868,15.0088744972884,15.150024327361272,643000
2003-12-29,15.286468505859375,15.309993027963342,14.994759585794,15.126499242824007,1520400
2003-12-30,15.319405555725098,15.564064571869336,15.262944540210551,15.314699573695753,1362600
2003-12-31,15.131199836730957,15.408793439183274,15.027690707685414,15.319399558490534,1621400
2004-01-02,14.961828231811523,15.253536337010333,14.881843577662835,15.10297719917827,1370900
2004-01-05,15.361746788024902,15.40409164224621,14.84890345385542,14.94300332932564,1835600
2004-01-06,15.375863075256348,15.52642217702483,15.253532683315663,15.291173356160817,2649500
2004-01-07,15.055925369262695,15.324108896318194,14.966530561109835,15.319404709355013,1571200
2004-01-08,15.33821964263916,15.394680641747987,14.985347372237705,15.12649717780116,1737000
2004-01-09,15.578171730041504,15.949865167133357,15.150019098329821,15.159429263234033,3977200
2004-01-12,15.385270118713379,15.559353708250606,15.338219287212977,15.526419023603177,1953500
2004-01-13,15.488776206970215,15.855765462474738,15.48407202187645,15.596992206986792,2208300
2004-01-14,15.291175842285156,15.601704264520846,15.258241145593974,15.531128888864679,1405100
2004-01-15,15.11238956451416,15.498197635593046,15.093571015656886,15.404099506886398,1690600
2004-01-16,15.540535926818848,15.620521456097277,15.126499310480378,15.187662709263062,2590000
2004-01-20,16.062793731689453,16.100434415150584,15.597001940100704,15.597001940100704,3459000
2004-01-21,16.33568000793457,16.44389425885181,16.02515161123103,16.13807004922893,3029400
2004-01-22,16.255695343017578,16.46271548182012,15.855773011832083,16.30274619038466,2408000
2004-01-23,16.872045516967773,17.111998521653486,16.51446630845622,16.51446630845622,5532100
2004-01-26,16.895570755004883,17.126115396157356,16.537993326163026,16.65561774016189,2967000
2004-01-27,16.848520278930664,17.19198332331224,16.735600061350297,16.895569322619,2524100
2004-01-28,16.975557327270508,17.032016546894706,16.636798419912843,16.848522737011383,3560800
2004-01-29,16.72618293762207,17.07435181846074,16.62737891008327,17.00848246676821,3025800
2004-01-30,16.505062103271484,16.82499892537903,16.396846040215603,16.702670298820838,1684500
2004-02-02,16.857925415039062,16.947319289287872,16.373311794623323,16.373311794623323,2434100
2004-02-03,16.70266342163086,16.749712459825826,16.382724936448962,16.585039031337683,2717300
2004-02-04,16.67914390563965,16.895572417945996,16.537994953909696,16.660323566793974,1873100
2004-02-05,16.4502010345459,16.851426547977972,16.15754371697724,16.695656197897495,2359400
2004-02-06,16.44076156616211,16.639012768885216,16.322754383404057,16.3321933734556,1827900
2004-02-09,16.379396438598633,16.662612941598823,16.237788187098538,16.237788187098538,3713600
2004-02-10,16.558774948120117,16.63901899812658,16.31331970001333,16.450206714768317,3719800
2004-02-11,16.84198760986328,17.016637760456522,16.46908442832485,16.521007884063994,3226200
2004-02-12,17.436744689941406,17.767165237854318,17.040240392575335,17.040240392575335,4967300
2004-02-13,17.087446212768555,17.427305789817332,16.719262453382008,17.370662827083756,2625800
2004-02-17,17.219614028930664,17.422586599664296,17.02608225225992,17.205453738160013,2235800
2004-02-18,17.059127807617188,17.427309852180866,17.05440830989231,17.299863606484006,2502700
2004-02-19,17.0072021484375,17.285699295332687,16.931677589990375,17.153531768212094,2032300
2004-02-20,16.99303436279297,17.323454835532175,16.832544521785167,17.148804708762327,2000800
2004-02-23,17.01664161682129,17.129929345984582,16.875033305852696,17.040242701874828,1753000
2004-02-24,17.299861907958984,17.5122734970307,17.01664345478409,17.040244542386773,2857600
2004-02-25,17.460350036621094,17.550034880586576,17.24793666865298,17.299860136450448,2521900
2004-02-26,17.620838165283203,17.691641413722795,17.37066164565116,17.46506777755115,1817400
2004-02-27,17.757728576660156,17.83797443441482,17.342344397551148,17.342344397551148,2781300
2004-03-01,18.135351181030273,18.35248586396427,17.748287590642207,17.842693739659484,2484500
2004-03-02,18.064542770385742,18.30055717532836,18.05038248229623,18.1400673079415,2189100
2004-03-03,17.960691452026367,18.0598170456413,17.55946778226312,18.0598170456413,2146900
2004-03-04,17.69636344909668,17.937097384872004,17.59723601610941,17.904055507425337,2247700
2004-03-05,17.60194969177246,17.922929334256462,17.540585459949977,17.724676354770935,2511100
2004-03-08,17.597230911254883,17.889890027522753,17.53114717553206,17.701077810617466,1538700
2004-03-09,17.465068817138672,17.521711779391392,17.276256542099873,17.479229107540025,2090400
2004-03-10,16.8797550201416,17.465071729859684,16.714545602415484,17.44147064170561,2553600
2004-03-11,16.58709716796875,17.073286414748285,16.53045419762734,16.8797546154882,2639800
2004-03-12,16.714534759521484,16.84670220796397,16.568205226855568,16.780618483742728,2205100
2004-03-15,16.78062629699707,16.95999777529105,16.686220161018802,16.771185503334515,2847700
2004-03-16,16.681503295898438,16.875035094890862,16.59181844292794,16.875035094890862,1691000
2004-03-17,17.460350036621094,17.498111412789104,16.81839043593851,16.99304062709124,3165400
2004-03-18,17.795495986938477,17.89934115607605,17.592523346347438,17.701089814465067,3308000
2004-03-19,17.17713165283203,17.74828619865226,17.153530567590614,17.71052482239547,2876600
2004-03-22,16.99303436279297,17.12048233659152,16.80422214961436,17.016635439278616,2066500
2004-03-23,16.74758529663086,17.09216618044825,16.554053518030752,16.99304054277079,2844500
2004-03-24,16.218910217285156,16.94583501762844,16.048979557397427,16.747581980877083,3016000
2004-03-25,16.388845443725586,16.539894561125568,16.214193438705752,16.261397413297942,2043000
2004-03-26,16.591812133789062,16.87502867805715,16.32275587654032,16.3321948674553,1691100
2004-03-29,16.511568069458008,16.71926010406199,16.417161944402718,16.634296572224002,1659400
2004-03-30,17.054401397705078,17.125204638767983,16.506848050509046,16.5115675463211,2257700
2004-03-31,17.219614028930664,17.356502841871457,16.875033148548475,17.111047598178523,2464400
2004-04-01,16.738147735595703,17.252659412326878,16.554056715593784,17.214898029052296,2931500
2004-04-02,16.875028610229492,16.917511271763637,16.535167317956333,16.742861130188537,1910200
2004-04-05,16.856136322021484,16.9080597421035,16.6437231492522,16.757010774944394,1113900
2004-04-06,16.610700607299805,16.941121282259523,16.591820814944708,16.719267066094833,1449900
2004-04-07,16.672056198120117,16.8797482110015,16.17642634422683,16.605972457687262,3081400
2004-04-08,16.912797927856445,16.936399014926977,16.58237730692644,16.80422968616646,2074100
2004-04-12,17.37065887451172,17.512267149447347,16.993036207801076,16.993036207801076,2249900
2004-04-13,16.9222354888916,17.46034995201926,16.912796495380867,17.41786727863148,1592100
2004-04-14,16.84198760986328,17.06384172051345,16.757022282407767,16.884470273591038,1385600
2004-04-15,17.158252716064453,17.196015898804653,16.837272865363396,16.851434959214803,1566300
2004-04-16,17.332904815673828,17.356505904672108,17.026085256753177,17.172414889578786,1779000
2004-04-19,17.351778030395508,17.568912648572553,17.229051333727604,17.370659614697335,1925100
2004-04-20,17.01664161682129,17.384825386116468,17.01664161682129,17.332901918610265,1985600
2004-04-21,16.889188766479492,16.959993802037367,16.657895678197896,16.959993802037367,1928900
2004-04-22,17.37065887451172,17.465064991351106,16.8844698036622,16.91751167445895,1893200
2004-04-23,17.347055435180664,17.375377806572942,17.16768401765623,17.370656511017565,2841100
2004-04-26,17.252655029296875,17.592516395665065,17.2243344491977,17.44146729964526,1401500
2004-04-27,18.064542770385742,18.34775933605808,17.6963608748823,17.701080370696467,4502000
2004-04-28,17.677478790283203,18.262793489621593,17.6066737505445,17.9701361399524,3033200
2004-04-29,17.134645462036133,17.67747931440211,16.92223213716914,17.67747931440211,3111700
2004-04-30,17.314022064208984,17.45563038935884,16.851433908374094,17.27625888382366,2666100
2004-05-03,17.757728576660156,17.771890669586003,17.186573979899613,17.314022012346992,2140500
2004-05-04,17.71523666381836,17.837965135074317,17.342335356593818,17.757719319153637,2049600
2004-05-05,17.649152755737305,17.649152755737305,16.757018803325675,16.922228127606868,4547600
2004-05-06,17.537893295288086,17.784105830826583,17.367438324053527,17.58997695941007,2228000
2004-05-07,16.99811553955078,17.608909936029804,16.875008404054153,17.54262231208652,1712300
2004-05-10,16.505699157714844,16.832403390425412,16.240546718425904,16.690358150386174,2875300
2004-05-11,16.538835525512695,16.77084222479509,16.354176616148468,16.619327129614064,2571300
2004-05-12,16.704559326171875,16.931832033293603,16.33050734502317,16.49149240500976,2771900
2004-05-13,16.60986328125,16.770846530785914,16.562513672972198,16.60986328125,1914400
2004-05-14,16.73297119140625,16.998123619418912,16.39679704949596,16.643009631321327,1469000
2004-05-17,16.8323974609375,17.04546614904103,16.59565487553415,16.59565487553415,2165300
2004-05-18,16.41573715209961,16.870284486692285,16.212140101715473,16.860814562408752,2856900
2004-05-19,16.264211654663086,16.62406132426237,16.098492600375405,16.45360640773663,2670900
2004-05-20,16.117435455322266,16.44413956904543,16.065351798162943,16.3115643007872,2145700
2004-05-21,16.022733688354492,16.278416041248942,15.932772181759217,16.164778837895163,2175400
2004-05-24,16.529361724853516,16.67614272905648,15.918565624843668,16.098490435446983,2968900
2004-05-25,16.690345764160156,16.851330731722115,16.38257980063815,16.529360796598194,1940300
2004-05-26,16.231067657470703,16.770840349470742,16.16951589870032,16.643000969746275,2867800
2004-05-27,15.970654487609863,16.202663014480517,15.866487172745174,16.202663014480517,2974500
2004-05-28,16.11269760131836,16.24053879685817,15.904364804625157,15.923304642379723,1768800
2004-06-01,16.24054527282715,16.448879958796812,16.16478769780265,16.3068329251982,2477400
2004-06-02,16.30208969116211,16.368377306222445,16.03220336915814,16.33523349869228,2205300
2004-06-03,15.961185455322266,16.524633992119178,15.961185455322266,16.297359509554056,1684400
2004-06-04,15.99905776977539,16.11742901375502,15.838072805715019,15.961178104725024,2071200
2004-06-07,16.368377685546875,16.39678743817484,15.909096618839564,16.003793988064032,2141800
2004-06-08,16.358911514282227,16.72823115821361,16.27368404308287,16.510426617258307,2721400
2004-06-09,16.16004753112793,16.358910413071513,15.9895926002035,16.34944049399767,2720900
2004-06-10,16.382585525512695,16.42046520462399,16.169518652220454,16.287889940139483,2287300
2004-06-14,16.283157348632812,16.548309737076668,16.273687426952367,16.344710936454273,1530600
2004-06-15,16.72348976135254,16.770837538038958,16.3352322126778,16.406255683909333,2710200
2004-06-16,17.140161514282227,17.187509303273767,16.908153013337976,16.927092851415544,2337200
2004-06-17,17.40057945251465,17.53315471797757,17.11648908189338,17.21118466796545,3259600
2004-06-18,17.357973098754883,17.514224133392883,17.12123042048152,17.42899662471821,2390900
2004-06-21,17.19224739074707,17.39111029768929,17.178041607249337,17.263269083425318,1804200
2004-06-22,17.367435455322266,17.447927063885967,17.17330661597171,17.178040672745013,2073900
2004-06-23,17.471603393554688,17.608912719339685,17.192247072636302,17.367436078777555,2483400
2004-06-24,17.291669845581055,17.49526850980336,17.23485215976603,17.481062733698355,2050800
2004-06-25,17.589969635009766,17.589969635009766,17.234855861540137,17.234855861540137,3093200
2004-06-28,17.362699508666992,17.585238106192364,17.29641187694518,17.53315445092451,2688900
2004-06-29,17.556835174560547,17.613652902828825,17.178045502897312,17.329560649081397,2045500
2004-06-30,17.82672119140625,17.859865015909342,17.518955042502718,17.533159022660335,2049700
2004-07-01,17.82672119140625,17.926152664915524,17.72255385370912,17.831455249391134,2305600
2004-07-02,17.86459732055664,17.949824805543564,17.575771044345704,17.826719441786224,1903200
2004-07-06,17.897729873657227,18.01610110536951,17.79356441796754,17.959283419884077,1536500
2004-07-07,18.20077133178711,18.20077133178711,17.77936977208034,17.897741077894725,2492600
2004-07-08,18.030309677124023,18.295460121304007,17.888262732082534,18.18182473271314,2282100
2004-07-09,18.295461654663086,18.319135545420153,17.79356866828577,18.035045243931183,2215900
2004-07-12,18.17709732055664,18.28126464702032,18.01611227338676,18.25285488356583,1501500
2004-07-13,18.096614837646484,18.21972026237034,17.90721993139043,18.001917384518457,1527200
2004-07-14,18.385425567626953,18.428037488657658,18.058719723441033,18.101333450673888,2252100
2004-07-15,18.858915328979492,18.892059146630917,18.248119021627378,18.409104052878263,3317800
2004-07-16,19.015159606933594,19.105121116537592,18.72159938057127,18.939402070898087,2982100
2004-07-19,19.038841247558594,19.19982630293419,18.849448233483276,19.04831116919279,2130000
2004-07-20,18.792621612548828,18.88731898695521,18.541675105643776,18.7736835826293,2333000
2004-07-21,18.513267517089844,19.152473514453753,18.494329484955,18.81629951187851,2042100
2004-07-22,18.768943786621094,18.83996725409026,18.371216342437723,18.489587584085132,2641000
2004-07-23,18.603242874145508,18.792635961364134,18.40437805543185,18.655326560146786,2053600
2004-07-26,18.446985244750977,18.887326679821207,18.21024261541012,18.60797030495088,1857600
2004-07-27,18.574817657470703,18.73580264119554,18.338075140593123,18.44224242600392,1941700
2004-07-28,18.721607208251953,18.91100022442666,18.617439875323985,18.65058369830963,1925200
2004-07-29,18.74053192138672,18.915720816613728,18.54166733782513,18.915720816613728,3003700
2004-07-30,19.081445693969727,19.299248366818635,18.892052772180147,19.01042402562438,2738000
2004-08-02,19.038841247558594,19.294523713073286,18.939409779703837,19.081454991811043,2787800
2004-08-03,19.30398941040039,19.431830615182147,19.152474309815158,19.21402788386618,2049000
2004-08-04,19.038841247558594,19.389221123212376,18.948879701338033,19.365547222228322,2972900
2004-08-05,18.851272583007812,19.164668975683046,18.794291914716712,18.99372515942696,3062900
2004-08-06,18.229230880737305,18.841779067749034,18.11526952259469,18.827534350826987,2616700
2004-08-09,18.694583892822266,18.865527804284604,18.27197356247581,18.347948432971986,1808400
2004-08-10,18.694583892822266,18.946252123090172,18.64710027803108,18.789552933788432,2015800
2004-08-11,18.69932746887207,18.789547033196662,18.51413889340499,18.64709442217454,2767500
2004-08-12,18.414424896240234,18.851281728768623,18.39543253851752,18.63760185478102,2436200
2004-08-13,18.495149612426758,18.70408004300041,18.371689321927647,18.471407806218068,1964500
2004-08-16,18.623348236083984,18.723064859176,18.42866262421648,18.499888007261,2008700
2004-08-17,18.28145980834961,18.62334742856381,18.262465649141546,18.62334742856381,2365700
2004-08-18,18.371675491333008,18.49988332200275,18.233972394435,18.32893954777643,2566300
2004-08-19,18.51889419555664,18.917762758377833,18.433422231281813,18.447666954866293,2587900
2004-08-20,18.685083389282227,19.007976982665795,18.628102699680262,18.637599783177834,2633900
2004-08-23,18.40492057800293,18.794293646113776,18.36693406610367,18.732563526471658,1335600
2004-08-24,18.3146915435791,18.362175111710997,18.072522447895206,18.28145268361037,2246000
2004-08-25,18.423913955688477,18.509385868053585,18.229228335608592,18.3147002479737,2097200
2004-08-26,18.746814727783203,18.803795421036984,18.243480138454665,18.423921113705813,1654900
2004-08-27,18.794282913208008,18.974721911605826,18.727803385428796,18.80377817722312,1474500
2004-08-30,18.480899810791016,18.94149837758291,18.42391912369186,18.827537003384606,1348900
2004-08-31,18.675579071044922,18.789540395047982,18.53787414410719,18.56636356941666,1541600
2004-09-01,19.1171875,19.20740887231134,18.5426276307235,18.675584965870964,2693200
2004-09-02,19.21215057373047,19.278628315080404,19.031711507604246,19.1789117030555,2113300
2004-09-03,19.601524353027344,19.61577087905014,19.155172450941308,19.216902566685846,1863800
2004-09-07,19.32611656188965,19.601524646893793,19.264386445219653,19.601524646893793,1541600
2004-09-08,19.35936164855957,19.468575390702377,19.088701111209264,19.254895542430173,1239900
2004-09-09,19.720239639282227,19.857944616838388,19.364107200943828,19.39734608361142,2414000
2004-09-10,19.511310577392578,19.753479854794165,19.373605590544926,19.720240969883818,1446800
2004-09-13,19.79621124267578,19.84844428155978,19.639513937406736,19.68224989545883,1690800
2004-09-14,19.862689971923828,20.090614468140977,19.592027708071655,19.83894636515262,2868000
2004-09-15,19.800966262817383,20.076374438939073,19.454330866097195,19.810463346322745,2398500
2004-09-16,19.663259506225586,19.8484480895191,19.48281855856739,19.75347907436303,1510800
2004-09-17,20.1048641204834,20.190336053978026,19.75822875081443,19.75822875081443,2427600
2004-09-20,20.17607879638672,20.508467429643044,20.104851625613392,20.104851625613392,2824500
2004-09-21,20.53221893310547,20.55596072871059,20.00989037287826,20.176086564879917,2070600
2004-09-22,20.508472442626953,20.665171532078098,20.27105089719138,20.465736491993244,2419700
2004-09-23,20.242568969726562,20.375524504780383,20.04313385576252,20.370776869121308,2261500
2004-09-24,20.498987197875977,20.665183462458543,20.05738453489272,20.24257315742395,2352800
2004-09-27,20.380264282226562,20.693662456384896,20.218819372701525,20.560705161213374,1940300
2004-09-28,20.935840606689453,21.02606017916627,20.494236204649326,20.631941192679772,2963000
2004-09-29,20.60344886779785,20.907348265943252,20.404015567033667,20.798134532946204,3514200
2004-09-30,20.760143280029297,20.87410462265609,20.513224622494064,20.603444169688853,2529800
2004-10-01,21.16375732421875,21.31570697491328,20.62243646719665,20.74114724501317,2349700
2004-10-04,20.93108558654785,21.34894622770241,20.802877726858583,21.168507146405883,2177600
2004-10-05,20.916845321655273,21.182758200382132,20.845619919209657,21.011814336299388,1972300
2004-10-06,21.31571388244629,21.391688732413833,21.002317399907266,21.00706684693335,2573900
2004-10-07,21.230236053466797,21.51039357454741,20.992814486835186,21.396432236938605,2945100
2004-10-08,21.25398063659668,21.486654599433336,21.03080556642038,21.23023883909491,1783500
2004-10-11,20.70316505432129,21.320462730779656,20.669926171605315,21.310965648377486,2608600
2004-10-12,20.36602020263672,20.878851618424825,20.32803369667982,20.655674782511554,1957000
2004-10-13,20.19508171081543,20.37077500766282,19.84844637511218,20.366025561054435,3059500
2004-10-14,20.404010772705078,20.655677063025863,20.2378145830694,20.299544699870246,2397700
2004-10-15,20.37552261352539,20.6176918600929,20.185584599892845,20.608196589656103,1846100
2004-10-18,19.895933151245117,20.522726104263647,19.867441903786723,20.375524042803512,2386700
2004-10-19,19.943403244018555,20.166580002820062,19.68698762472091,19.824692510423205,2440500
2004-10-20,20.631942749023438,20.783892467490407,20.038388595204488,20.08587220295659,3266600
2004-10-21,20.935840606689453,21.27297890589498,20.646185911654165,20.726910212403645,2997700
2004-10-22,20.60344886779785,21.16851350939629,20.59870123218202,20.821876333791945,2125400
2004-10-25,20.50373077392578,20.66042809758261,20.166592516054667,20.65568046230102,2464600
2004-10-26,20.988067626953125,20.988067626953125,20.5891993078388,20.631935263864722,1962400
2004-10-27,20.418249130249023,21.24447675252778,20.190324706160958,20.916833921153064,3529900
2004-10-28,19.919675827026367,20.44200270703142,19.5492968393261,20.109612050944865,4923100
2004-10-29,20.337541580200195,20.565466171173018,19.75823211269617,19.91967892439154,2533600
2004-11-01,20.17607879638672,20.850354951143494,20.052618608563915,20.489475087301397,3240300
2004-11-02,19.720239639282227,20.176090537006647,19.682253121112087,20.176090537006647,3066300
2004-11-03,20.19982147216797,20.517965409829117,19.800953283317604,20.038374781171814,4137000
2004-11-04,20.097457885742188,20.440272254958487,19.959379674108643,20.202207124401124,2868600
2004-11-05,20.09270477294922,20.29744100583959,19.902251871932393,20.259349699118836,3281000
2004-11-08,19.402311325073242,19.978428599674274,19.140440001735783,19.764169583746135,4108200
2004-11-09,19.37849998474121,19.559429973798558,19.045208473201658,19.283273579116678,3160600
2004-11-10,19.711795806884766,19.916531988047097,19.292800620285924,19.36898139818635,3247000
2004-11-11,19.621334075927734,19.835593127134175,19.49277864520387,19.71656052271875,2181200
2004-11-12,20.073654174804688,20.12126648018372,19.597523855842248,19.64037565720059,2788900
2004-11-15,19.540388107299805,19.983189435215138,19.20233602745265,19.968904291019406,3044900
2004-11-16,19.63085174560547,19.778452790174384,19.58799994662049,19.58799994662049,2077600
2004-11-17,20.102224349975586,20.11650767954014,19.516584226017528,19.6641834749664,3089000
2004-11-18,20.549776077270508,20.5926278610782,20.09269159418331,20.102214414617496,3454200
2004-11-19,20.7640380859375,20.902116278340397,20.57358528149954,20.806889876121414,2398900
2004-11-22,20.787858963012695,20.85451694691308,20.535510362163002,20.764052799661677,2165500
2004-11-23,21.025924682617188,21.211615303571644,20.76881375377538,20.787859411384524,2439100
2004-11-24,21.27825355529785,21.344913295109112,20.716419890934006,21.025905183035043,1878200
2004-11-26,21.316356658935547,21.559182345915747,21.259221523697832,21.306833833680393,668700
2004-11-29,21.111618041992188,21.42110347036034,20.811655437789994,21.402057822028425,1771800
2004-11-30,21.106857299804688,21.292547828212335,20.992585227396074,21.111617803687434,2379400
2004-12-01,20.16887855529785,21.002106528933577,20.035562660729845,20.997344209103094,3744200
2004-12-02,19.6451416015625,20.049853574533525,19.354703552250367,20.045091252900974,4437800
2004-12-03,19.968904495239258,20.13078887286703,19.573717283446545,19.645135739983715,3158900
2004-12-06,19.954614639282227,20.19744021813997,19.716549562785758,20.11649896395152,1746200
2004-12-07,19.39754867553711,19.964143062733967,19.34517405340348,19.926051767984816,2836100
2004-12-08,19.17853546142578,19.578485143705567,18.935709711892258,19.28328474992329,4110500
2004-12-09,19.564199447631836,19.60228893757147,19.216624451575477,19.283282421189924,3173400
2004-12-10,19.75465202331543,19.997477739555208,19.511824490782228,19.91653643957309,3787400
2004-12-13,20.102224349975586,20.11174717511635,19.640377320261084,19.640377320261084,2576000
2004-12-14,20.36410140991211,20.51170251665384,20.20221696958991,20.25935212020548,1731300
2004-12-15,20.635486602783203,20.664055073718508,20.216491443863195,20.421227611500647,2383400
2004-12-16,20.359338760375977,20.76881126850422,20.302203610679424,20.635495313781036,2267400
2004-12-17,20.36884880065918,20.57834724518139,20.068888090844684,20.359325978972485,2856700
2004-12-20,20.621204376220703,20.7116684812388,20.28791279602263,20.368854076887295,1794500
2004-12-21,20.90688133239746,20.92592698024587,20.54502310474246,20.649770535322805,1910700
2004-12-22,20.430755615234375,20.949737829573266,19.91653572207194,20.949737829573266,3711200
2004-12-23,20.540260314941406,20.592634937180406,20.302195171158974,20.345046969691527,1646300
2004-12-27,20.059370040893555,20.54502316468726,19.997472593352104,20.54502316468726,1585300
2004-12-28,20.16887855529785,20.235536502581855,20.035562660729845,20.059368811003726,1358400
2004-12-29,20.430755615234375,20.4926530764748,20.111749115559412,20.216496569627797,1486900
2004-12-30,20.349815368652344,20.3783820320123,20.126033485434295,20.3783820320123,1032700
2004-12-31,20.31647491455078,20.449792606629597,20.249816976657666,20.283145945604225,986300
2005-01-03,19.6879825592041,20.068888162868763,19.64989308861315,19.997467908108508,2326800
2005-01-04,19.740354537963867,20.03555652306532,19.72607121543364,19.807012464827974,2675500
2005-01-05,19.6737003326416,19.878436470334083,19.57371342343159,19.716552124630553,2306000
2005-01-06,19.93081283569336,20.09269719562002,19.573715143175086,19.64513359190307,2149200
2005-01-07,19.6879825592041,19.883195863750604,19.392782351027265,19.883195863750604,2544400
2005-01-10,19.72608184814453,20.078417313282007,19.678469536518364,19.92605573652635,2260800
2005-01-11,19.616573333740234,19.79750339882624,19.535630219243846,19.68799180574994,2361900
2005-01-12,19.878433227539062,19.907001689635496,19.43563205465217,19.654651481847832,4043500
2005-01-13,19.959375381469727,20.15459049018318,19.849865662920603,19.997466665987204,3586000
2005-01-14,20.126022338867188,20.16411180768286,19.783208038063904,19.949854685973254,2058000
2005-01-18,20.273635864257812,20.673583707127193,20.11175143516106,20.321248183753625,2426100
2005-01-19,20.31647491455078,20.45455310949657,20.20220468281761,20.230773148897196,2297200
2005-01-20,20.24030303955078,20.521220055623942,19.90225088253033,20.14031608881967,2585100
2005-01-21,20.18792152404785,20.65928941233804,20.168875879838073,20.42598662779232,3017900
2005-01-24,20.206979751586914,20.568839984266255,20.18793591009897,20.32601238828256,2865800
2005-01-25,20.283153533935547,20.664059292330776,20.059373489615606,20.40218612936074,2436100
2005-01-26,20.459321975708008,20.52121761424838,20.097461888073813,20.306960407112506,2356500
2005-01-27,20.77832794189453,20.883077198890877,20.425992504113754,20.502173286576607,2034300
2005-01-28,20.264102935791016,20.711664691347888,20.07365012015811,20.521211875714982,3107500
2005-01-31,20.61644172668457,20.754519950264246,19.87844012136552,20.178402720381687,2618000
2005-02-01,20.84499740600586,20.959269550925224,20.49266177373489,20.616454932461256,3066400
2005-02-02,21.064014434814453,21.168761911304372,20.66882524207154,20.78309736295315,2203300
2005-02-03,21.185741424560547,21.195289070264828,20.655858924649845,20.999566885895103,1648800
2005-02-04,21.099815368652344,21.352821617424894,20.880224970810985,21.185742362768927,1971000
2005-02-07,20.961366653442383,21.14754110640179,20.65107468449245,21.01387777012865,1898200
2005-02-08,21.123680114746094,21.17619124933351,20.69881994730535,20.741783437328966,1709200
2005-02-09,21.305082321166992,21.457840996448518,20.851579207225633,21.061621930480964,2589400
2005-02-10,21.9686222076416,22.049774435203574,21.367133493249405,21.481703379190105,3243600
2005-02-11,22.426889419555664,22.43643705810349,22.006802428580528,22.044992982771838,3033100
2005-02-14,22.33619499206543,22.412574297912197,22.102282343582417,22.374383734475668,2792800
2005-02-15,22.1929931640625,22.426904087883337,21.89224872669438,22.29324070284286,2476900
2005-02-16,22.60352325439453,22.675129655401104,22.140474476571676,22.2836854575584,2932500
2005-02-17,22.01158905029297,23.033163253487498,22.002041406586958,22.86608404119936,4075300
2005-02-18,22.312335968017578,22.527151602018463,21.897021614621238,22.12615962630868,2996600
2005-02-22,21.973398208618164,22.546244076834306,21.959077653746476,22.54147116555268,2897600
2005-02-23,22.479408264160156,22.503276458238275,21.99726418808685,22.006810008896913,1963500
2005-02-24,22.665584564208984,22.72286859884402,22.10706112920748,22.551016494938914,2343700
2005-02-25,22.770606994628906,22.92336563556597,22.503278462475727,22.665584746099686,2029300
2005-02-28,22.57011604309082,23.085677956859918,22.092744710057413,22.90427634041963,2399200
2005-03-01,21.815860748291016,22.503274511826213,21.720386159210104,22.317100064682908,4580300
2005-03-02,21.88747215270996,22.016362615026047,21.51035023077796,21.653561248564646,3502900
2005-03-03,22.584436416625977,22.72287270693647,22.049779259948984,22.049779259948984,3571900
2005-03-04,22.560564041137695,22.69422922687282,21.982945276760265,22.584434060001417,3035700
2005-03-07,22.39825439453125,22.560560664971035,22.04022601747524,22.560560664971035,2078300
2005-03-08,22.2836856842041,22.646486961128918,22.197758730532826,22.398253741748174,2154200
2005-03-09,21.448278427124023,22.436436216954643,21.41008787436449,22.412568031992826,4017800
2005-03-10,21.195281982421875,21.448288135383134,20.78951537030344,21.448288135383134,3833000
2005-03-11,21.223928451538086,21.515125248121414,20.970922234650242,21.004338081370257,3105900
2005-03-14,21.448278427124023,21.496014797047653,20.789505960228347,21.223913482226227,3131300
2005-03-15,21.147550582885742,21.739491862114978,21.109361821563287,21.448295045294067,2798700
2005-03-16,21.04729652404785,21.481704248226478,20.861122045260817,21.09980764801889,2946100
2005-03-17,20.794294357299805,21.29075912230459,20.670176800278373,21.29075912230459,3685200
2005-03-18,20.85157585144043,21.271663051370673,20.741780685066104,20.932728087924026,3674000
2005-03-21,20.908845901489258,21.090247360713484,20.62242407831462,20.851561901059437,2234200
2005-03-22,20.942272186279297,21.567629058670757,20.789513561440025,20.908856350909858,3328500
2005-03-23,20.37419891357422,20.947044603962002,20.28827196896474,20.942269873135782,3552300
2005-03-24,20.464908599853516,20.71314191231345,20.26918642555222,20.517419738012155,2280400
2005-03-28,20.756103515625,20.9804686051395,20.398075047349675,20.46490673673009,2633300
2005-03-29,20.498321533203125,21.118905636633947,20.49354862178872,20.76565009808143,4079800
2005-03-30,20.574705123901367,20.813390806642808,19.977990917047762,20.603348061400148,4072900
2005-03-31,21.238248825073242,21.4244233309508,20.884993280336854,20.95659969999448,3310300
2005-04-01,21.744253158569336,21.91133413555326,21.395772475410258,21.91133413555326,3583200
2005-04-04,21.35280990600586,22.05454603273288,21.075935604287025,21.9829396365674,4540700
2005-04-05,21.424427032470703,21.648790332176077,21.06162378102962,21.295536547434573,3292200
2005-04-06,21.825403213500977,22.064088719086854,21.457827316375617,21.591490616775424,3645900
2005-04-07,21.677425384521484,22.092737804559295,21.45306034539659,22.0688696095735,4285200
2005-04-08,21.31939697265625,21.82541108250765,21.28598113550844,21.677425360119816,2642900
2005-04-11,21.386226654052734,21.443510680821397,21.004330107217687,21.27165860051541,2832700
2005-04-12,21.00434112548828,21.367142580040145,20.73701249195768,21.362369667400014,3711000
2005-04-13,20.68450355529785,21.223931924051094,20.612897117166604,20.913641607879537,3472000
2005-04-14,20.651081085205078,21.128452372455587,20.579476484733668,20.81338739571133,3191300
2005-04-15,20.55561065673828,21.290761139961536,20.479231314804938,21.05207546879144,5863100
2005-04-18,21.009109497070312,21.252569872722344,20.66540340942471,20.67017632103319,4143500
2005-04-19,21.491249084472656,21.72515992485592,21.219147678542345,21.243015871496052,3898400
2005-04-20,21.042522430419922,21.768125019514063,21.01865241466457,21.529439430172786,3843700
2005-04-21,21.753801345825195,21.81108536916103,20.966138285595793,21.047292321262308,4079500
2005-04-22,21.959075927734375,22.250272660749033,21.63446335529443,22.078418731689453,3860500
2005-04-25,22.188217163085938,22.340975828981126,21.968626808489972,22.17389660722918,2629500
2005-04-26,21.538991928100586,22.159574236089007,21.538991928100586,21.982947370044464,3235200
2005-04-27,20.947050094604492,21.749033907158204,20.913634254166983,21.624916367510252,3662000
2005-04-28,20.9327335357666,21.376689048967254,20.765654287154412,20.947055914952813,3930500
2005-04-29,21.06162452697754,21.43397543727869,20.8754499823406,21.338500798200773,3776600
2005-05-02,21.639232635498047,21.67264846650464,20.856342509129544,21.01864875445852,2457200
2005-05-03,20.923181533813477,21.481704989446264,20.846800390109816,21.343266898023426,3220500
2005-05-04,21.343271255493164,21.448293528500482,20.71791599247303,20.95182691922761,3124500
2005-05-05,21.465314865112305,21.704616042318563,21.182939402979994,21.41745535996029,2990800
2005-05-06,21.589750289916992,21.833836662366565,21.517959213813814,21.656754320561074,2354400
2005-05-09,21.771623611450195,21.905631696954458,21.474888813943274,21.637613700222698,1884700
2005-05-10,21.307373046875,21.747686254121188,21.259511724963836,21.680682229168312,2629700
2005-05-11,21.240365982055664,21.441378028145966,21.01542236557343,21.226006674676007,2426400
2005-05-12,20.417173385620117,21.24036989926718,20.25923558109645,21.197295620629305,4669300
2005-05-13,20.345378875732422,20.570322495700008,20.091720292005576,20.340593657013383,4304100
2005-05-16,20.603824615478516,20.618183923158423,20.010358902088182,20.345378985910536,6441700
2005-05-17,20.7521915435791,20.785693551294422,20.460243911440607,20.488960700506237,3476700
2005-05-18,20.675615310668945,20.98192042515371,20.41716968567649,20.871842138743403,4240000
2005-05-19,21.202075958251953,21.2307927459726,20.532034009605148,20.675614296763577,2868800
2005-05-20,21.044143676757812,21.450954900724913,21.001069396807647,21.302587530735924,2365700
2005-05-23,21.321731567382812,21.407880125289235,20.986709600604815,21.044143189690992,2630300
2005-05-24,21.412673950195312,21.52275229221225,21.230804511951778,21.39352941443843,2353300
2005-05-25,21.781185150146484,21.919980225245936,21.355229487557988,21.460522554974467,3748000
2005-05-26,21.82904624938965,21.896050264093134,21.675893694146684,21.876905738257147,2356400
2005-05-27,22.111434936523438,22.192796481759117,21.742910807913628,21.82905940035351,1474400
2005-05-31,22.106643676757812,22.207151565934304,21.704617597221517,22.11143072304981,2166300
2005-06-01,22.288515090942383,22.441667722978565,22.144934726623884,22.226296263639124,2046300
2005-06-02,22.360292434692383,22.47037070716406,21.943907260799463,22.25499938027501,2035000
2005-06-03,22.503877639770508,22.786253035602552,22.417729090145638,22.47994789281308,1891800
2005-06-06,22.73361587524414,22.80540697145533,22.446455141846215,22.623537533250822,2131100
2005-06-07,22.37944221496582,22.81018500505939,22.336367935956464,22.647460153882136,2206900
2005-06-08,22.494306564331055,22.843686000392445,22.207145934224442,22.283722223967725,2795700
2005-06-09,23.374937057495117,23.389294542664555,22.556527539824287,22.613959306224977,2944000
2005-06-10,23.240915298461914,23.547220306395207,23.011186542511943,23.336634244149675,2562300
2005-06-13,23.566368103027344,23.59508306043811,22.982472959380228,23.17391270309976,2218900
2005-06-14,23.437152862548828,23.64295197694801,23.307930035433806,23.379719277793686,1779200
2005-06-15,23.815244674682617,23.83438920086084,23.432363279730644,23.504154340037736,3048100
2005-06-16,24.255558013916016,24.31298976285864,23.757811321153604,23.76259836523688,3009800
2005-06-17,24.67193603515625,24.695865773212923,24.088042758541153,24.518783520727176,3711300
2005-06-20,24.676727294921875,24.863381839669927,24.533145190602795,24.671940251059347,2925500
2005-06-21,24.21727180480957,24.681516546334194,24.18376979518641,24.676731327411996,2613700
2005-06-22,24.365644454956055,24.48050981703898,24.00669270881603,24.408718737521777,2517000
2005-06-23,24.413496017456055,24.93517245854305,24.255558249896684,24.38478105556657,2244600
2005-06-24,24.121559143066406,24.614518978778683,24.097627565014953,24.499653611590166,2511400
2005-06-27,24.86338996887207,24.925608779371586,24.38478766658665,24.38478766658665,3045900
2005-06-28,24.250770568847656,24.81073604537697,24.250770568847656,24.81073604537697,2575000
2005-06-29,24.293848037719727,24.456572866579062,24.035404224832323,24.25077376461806,2244000
2005-06-30,24.485294342041016,24.743740030099936,24.107198075331443,24.107198075331443,3372600
2005-07-01,24.6815185546875,24.882532454505697,24.49486396424951,24.695876038344963,2354900
2005-07-05,25.423349380493164,25.52864245298066,24.758092587716895,24.801166860487,3361200
2005-07-06,25.318063735961914,25.78230674996183,25.15533887234833,25.538220367402943,2845500
2005-07-07,25.432924270629883,26.136470189961578,24.853815963584637,24.983038795240834,2939600
2005-07-08,25.073970794677734,25.619577050356433,24.973464763520635,25.495141272598495,2245200
2005-07-11,25.356351852416992,25.36113889824045,24.566659083789265,24.695880109453967,2368100
2005-07-12,25.595645904541016,25.81101726362031,25.29891304632206,25.485567615616606,2354900
2005-07-13,25.327632904052734,25.710516205604584,25.25105660888694,25.581293365189268,2669200
2005-07-14,24.901681900024414,25.533436912129496,24.719814305377028,25.43771789419855,2557500
2005-07-15,24.729368209838867,25.078749329400804,24.7197977750242,25.021315766180695,2305500
2005-07-18,24.66716766357422,25.016547189821978,24.313001091012758,24.729384659866493,1840800
2005-07-19,25.562145233154297,25.562145233154297,24.68151704997042,24.83466961872217,2245600
2005-07-20,25.126615524291992,25.46642264844711,24.839454934303372,25.365916624523344,3612000
2005-07-21,25.0978946685791,25.418559040309955,24.624079589294357,25.1266114532142,2221300
2005-07-22,26.347055435180664,26.490635755596454,25.734445094354452,25.796663902633,3876600
2005-07-25,27.18460464477539,27.20853438967483,26.083819947898487,26.083819947898487,4259400
2005-07-26,26.902231216430664,27.28032742060903,26.7299341195533,27.184606608374644,3348100
2005-07-27,27.28989601135254,27.328183235659484,26.68685625344721,26.969231607385204,2468300
2005-07-28,27.438274383544922,27.500491376296825,26.744300591129463,27.414342804784667,3505700
2005-07-29,27.06016731262207,27.869004328121438,27.002733737314287,27.6871349910916,2545200
2005-08-01,27.28989601135254,27.61055858959748,27.136743462679974,27.17503068698692,2657700
2005-08-02,27.744577407836914,27.87858547481497,27.42391290020987,27.462201962616735,2301000
2005-08-03,27.816356658935547,28.070017041861227,27.6392743732873,27.90250519265033,2776200
2005-08-04,27.82355499267578,28.044148059246375,27.718053165471467,27.74203035456092,2172100
2005-08-05,27.516645431518555,27.91467193378124,27.257687372113462,27.857126308138703,2518000
2005-08-08,27.89069175720215,28.1592410303632,27.828349602311818,27.885897051137782,1946300
2005-08-09,27.732440948486328,28.048944600826477,27.650916310353573,27.957828721187383,2035600
2005-08-10,28.024965286254883,28.216786455670206,27.636530070735105,27.828349410808183,2516100
2005-08-11,28.3702392578125,28.37983049806748,27.97700755406844,28.068121592477713,2578400
2005-08-12,28.077720642089844,28.403815584089028,27.938650363725554,28.331884006183127,2622000
2005-08-15,27.82834243774414,28.197596907270544,27.684477511402605,28.08250569793403,2353500
2005-08-16,27.324827194213867,28.120882114139494,27.25769031881598,27.833152125479206,2687800
2005-08-17,26.77334213256836,27.5693969847474,26.715794676259637,27.38237049575779,3451000
2005-08-18,26.51438331604004,26.806909807956547,26.2362427731219,26.28419898535388,3365400
2005-08-19,26.82608985900879,27.01311633848539,26.61508801797013,26.77334077075593,2438100
2005-08-22,26.624675750732422,27.190546162332488,26.39928616138635,26.969953108140505,1997400
2005-08-23,26.931594848632812,27.109028277319094,26.447248949999683,26.75416141994653,2284400
2005-08-24,27.19054412841797,27.56938988619752,26.734970277991856,27.046679183373413,2293100
2005-08-25,27.008325576782227,27.19055555943126,26.854869326975507,27.16178182658895,1272000
2005-08-26,26.634262084960938,27.2528832932366,26.60069366243514,27.046676223811378,1533000
2005-08-29,26.89803123474121,27.190557806782778,26.696618746883512,26.696618746883512,2251000
2005-08-30,27.444713592529297,27.732445395835168,27.07066426050848,27.07066426050848,3510100
2005-08-31,28.173635482788086,28.17843019029985,27.51185425625299,27.52624203747391,4368200
2005-09-01,28.38463592529297,28.56686590028753,27.823561878506517,28.293521852467048,3277600
2005-09-02,27.7803955078125,28.389425627369146,27.74203054153699,28.389425627369146,2352900
2005-09-06,28.221576690673828,28.221576690673828,27.617343212623584,27.89548185193498,3101100
2005-09-07,28.05373764038086,28.355855327185377,27.861916480333697,28.125671032734083,2813200
2005-09-08,27.909873962402344,28.197603886299817,27.823554619364653,28.125672319996568,2126300
2005-09-09,28.442188262939453,28.547688304991294,28.001000115659732,28.096910741532977,2549400
2005-09-12,27.698884963989258,28.509327910209382,27.607770866734064,28.44219101440627,3082700
2005-09-13,27.718050003051758,27.986599246504092,27.281658625780505,27.732437778337708,3609700
2005-09-14,28.1496524810791,28.35106308320578,27.88110318223443,27.88589971809979,2869300
2005-09-15,28.144851684570312,28.648381772346138,27.953032353870046,28.317490362740063,3746900
2005-09-16,28.19761085510254,28.36065834009819,27.90028961634907,28.341475852606305,3472300
2005-09-19,29.132719039916992,29.276583953258132,28.657962813615438,28.70112247055194,3387500
2005-09-20,29.008037567138672,29.25260774501452,28.705919958540065,29.012832271694727,3118900
2005-09-21,29.151920318603516,29.348536253829543,28.590844416546005,29.314967813377013,3606200
2005-09-22,28.964887619018555,29.684214280126543,28.499722459445852,29.30057193072844,3975400
2005-09-23,28.37504768371582,28.979283306556987,28.269547648581693,28.979283306556987,2472300
2005-09-26,28.964887619018555,28.998456050189542,28.22158193906646,28.22158193906646,2575300
2005-09-27,29.01763916015625,29.060798836649333,28.518907356543615,28.638795143541905,2291700
2005-09-28,28.955293655395508,29.22863761457335,28.83540588981427,29.22863761457335,2612900
2005-09-29,29.11835479736328,29.180695147686205,28.701143859610227,29.027238881849332,2247700
2005-09-30,28.619604110717773,29.214246332194804,28.590830391868792,29.123132299852557,1942800
2005-10-03,28.346267700195312,28.763476672745565,28.11128684064627,28.638794183358293,2248400
2005-10-04,27.540620803833008,28.322289636990906,27.526234855708285,28.317493101387775,2726400
2005-10-05,26.624675750732422,27.83793937813048,26.52876517041438,27.60296037716055,3845500
2005-10-06,26.116348266601562,26.615081769431175,25.636797243728928,25.665570963664397,5186700
2005-10-07,26.375307083129883,26.375307083129883,25.833413898115264,26.255419323661112,3110800
2005-10-10,26.212261199951172,26.399285823036134,25.569662698201064,26.399285823036134,3061500
2005-10-11,26.610286712646484,27.137792099102345,26.605490178049603,26.854856926170797,2703000
2005-10-12,26.159521102905273,26.758960183307973,25.934133252627028,26.615095169879904,2754700
2005-10-13,25.598438262939453,26.615086084023243,25.01818004089756,26.615086084023243,3987200
2005-10-14,25.88137435913086,25.962897170902682,25.090114284672538,25.536096969644706,3544900
2005-10-17,25.9437198638916,26.17870076292176,25.72312674518913,26.12594983685319,3149300
2005-10-18,24.70647430419922,25.9485117973907,24.648928681124683,25.77587309882472,3265800
2005-10-19,25.34427833557129,25.373052064031256,24.270084750527783,24.768818401112096,3918900
2005-10-20,24.553014755249023,25.315501017467927,24.154986495461955,25.104497379280225,3902300
2005-10-21,24.88870620727539,25.53130484185991,24.36119882791473,24.48108661922272,3662900
2005-10-24,25.679964065551758,25.708737793506,24.64413364065136,24.65851958995724,3074800
2005-10-25,26.840473175048828,26.89322408387475,25.67516396325797,25.72791487208389,4455400
2005-10-26,27.142593383789062,27.919467536024282,26.62947381805849,26.80690905431478,5406100
2005-10-27,26.56712532043457,27.454293911605617,26.490397235951356,27.420725488978075,3460000
2005-10-28,26.423276901245117,26.423276901245117,24.773621025190497,26.015659012509854,8868900
2005-10-31,26.356130599975586,26.663043041359604,25.953307563323452,26.015649724649094,4467200
2005-11-01,26.89803123474121,26.965168120912793,26.169113073241405,26.35613777881737,3430800
2005-11-02,27.526229858398438,27.679686041677066,26.615082169507332,26.663036540778652,4104200
2005-11-03,28.184707641601562,28.540381774940023,27.73771263851828,27.73771263851828,4020800
2005-11-04,27.362821578979492,28.189522549740733,27.252274654621097,28.18471512540179,3685500
2005-11-07,26.862947463989258,27.39645772354372,26.459210118934095,27.36281309758034,3872000
2005-11-08,26.65146827697754,27.22823620891245,26.43518007331511,26.74759657121581,3435100
2005-11-09,25.896865844726562,26.968692085154586,25.714222257370427,26.646662553934693,6465400
2005-11-10,25.34412956237793,26.15160435412536,24.945199589958154,25.89686591591159,5210100
2005-11-11,25.39219093322754,25.723831596975547,24.901938321494903,24.99806477464303,3402500
2005-11-14,25.51715660095215,25.935312542254827,25.454672939173033,25.565219827862496,2508200
2005-11-15,25.219165802001953,26.175637784172054,24.99807014517566,25.401807569017425,4137300
2005-11-16,25.988183975219727,26.045860215949386,25.334513801968168,25.521962959460527,3421100
2005-11-17,26.598596572875977,26.68030442797963,26.290987510259274,26.36308235296933,4288300
2005-11-18,26.757213592529297,26.89659955793288,26.4351858450401,26.891793967244357,3496600
2005-11-21,27.39646339416504,27.406076408357826,26.675503831160697,26.834115815099242,3536000
2005-11-22,27.843454360961914,27.954001257622764,27.36281472322184,27.684842400430227,3460100
2005-11-23,28.011682510375977,28.391388332135868,27.333980573302206,27.6512027176028,2840300
2005-11-25,28.12221908569336,28.194315751134596,27.944382966697837,28.0693502756634,922100
2005-11-28,27.34358787536621,27.8050014736818,27.30033023593071,27.732906630285733,3109800
2005-11-29,27.266681671142578,27.848255091289115,27.151329204970143,27.34839134871791,3420400
2005-11-30,27.56467628479004,27.877092712378204,27.204196637647218,27.204196637647218,3453100
2005-12-01,28.63650131225586,28.694177536908075,27.732898569731887,27.80499339217363,4852900
2005-12-02,28.554792404174805,28.79511215234443,28.2183443900385,28.70859689632383,3567300
2005-12-05,28.756671905517578,29.170020475391606,28.622091553156565,28.843185358006703,4932300
2005-12-06,28.684572219848633,29.06427795375134,28.54999371507081,28.57402532899619,2856800
2005-12-07,29.001800537109375,29.222894366433085,28.569224059306457,28.996994946687124,3495300
2005-12-08,29.98709487915039,30.054384108537807,29.064268018704695,29.078686615432286,3805600
2005-12-09,29.78524398803711,30.07843451013287,29.588181776488405,29.88617788903876,2729400
2005-12-12,30.16494369506836,30.270685005024372,29.55933854144475,30.064009808380217,2560800
2005-12-13,29.530502319335938,30.280300906605294,29.4439870272089,30.208204218667785,3368500
2005-12-14,30.1361083984375,30.261073908896755,29.38630983519733,29.530501372956437,3047100
2005-12-15,30.064010620117188,30.280298835642167,29.751595938576497,30.088042236621117,3033800
2005-12-16,29.44878387451172,30.34277368308797,29.44878387451172,30.328353250582552,3302600
2005-12-19,28.89606285095215,29.71315083773374,28.76628989127255,29.535314633800322,2887100
2005-12-20,29.39592742919922,29.588184065164576,28.968158339346218,29.15080196016379,2412200
2005-12-21,29.838117599487305,29.97750173838644,29.41515409137475,29.63144235310817,2822000
2005-12-22,29.9053897857666,30.1553225416828,29.732359275248143,30.01593664893247,2095700
2005-12-23,29.991924285888672,30.01595590921564,29.15561022624474,29.79966763228227,1619300
2005-12-27,29.141176223754883,29.804457477947363,28.81434118538713,29.79965188921888,2097700
2005-12-28,29.439191818237305,29.59299642881212,29.01142263048262,29.20848490237508,2258800
2005-12-29,29.141176223754883,29.794846300490395,29.093111168998234,29.395914596734848,1778700
2005-12-30,29.21327781677246,29.72275651414056,28.771090211637528,28.88644270276195,1574400
2006-01-03,30.72730255126953,30.72730255126953,29.126771137681928,29.126771137681928,3764800
2006-01-04,31.049325942993164,31.22235653981214,30.313947740007585,30.496591351482625,2720700
2006-01-05,30.890718460083008,31.174297850089154,30.261081492920024,30.953203981215058,3945900
2006-01-06,32.21727752685547,32.35185605205417,31.049322944609944,31.217546101108315,3928500
2006-01-09,32.14997482299805,32.36626112421531,31.57801266303968,32.31339415455255,2741000
2006-01-10,32.65945816040039,32.745973431920206,32.082692128260966,32.149981376444266,2710900
2006-01-11,33.17375946044922,33.322760301335926,32.01061195167019,32.65947498891529,3253200
2006-01-12,32.81808853149414,33.659208273100354,32.52009416991365,33.45253298991176,4183600
2006-01-13,32.87576675415039,33.101668072298104,32.64025425239665,32.81328122624251,3313100
2006-01-17,33.212196350097656,33.447708732471106,33.06800666715011,33.28429302506604,3169100
2006-01-18,33.32754135131836,33.38041198996532,32.779612611693885,33.21218889744699,4174200
2006-01-19,34.83195495605469,34.928081416316566,33.380421203970236,33.59671124004357,4016200
2006-01-20,35.524078369140625,36.12007050968354,34.9088565355275,35.39911103311098,5864000
2006-01-23,36.72087860107422,36.78816787448822,35.298185343621945,35.49524573947998,4210400
2006-01-24,36.07680892944336,36.533418771493274,35.86532998887316,36.5286113485062,4767600
2006-01-25,35.067466735839844,36.19696912556854,34.706987015693066,36.12006869210502,4669700
2006-01-26,35.30780029296875,35.44237885415714,34.63490382003601,34.96654646510082,5017200
2006-01-27,35.77400588989258,36.21138602291208,35.086691109156924,35.6682645902426,4931500
2006-01-30,37.201515197753906,37.46106108754403,36.04797913212781,36.07201258501191,4482000
2006-01-31,37.220733642578125,37.648502614424764,36.62954529179596,37.081347711629654,4021500
2006-02-01,35.831695556640625,37.60525377658854,35.764406283633946,37.340904108916696,4595400
2006-02-02,35.643898010253906,36.37574831629362,34.90723555794651,35.89426920514953,5351800
2006-02-03,35.595760345458984,36.3420546365093,35.02761469555744,35.79798074456079,3412400
2006-02-06,36.553897857666016,36.65500804298155,35.80760734508151,36.15908508355056,3663300
2006-02-07,34.65205764770508,35.75464542583789,34.44020563011258,35.74982960542133,4273700
2006-02-08,34.724281311035156,35.04687149420647,33.9876150475885,34.762796855348974,4652000
2006-02-09,33.631309509277344,35.249079343874556,33.535015172639156,35.220191777561794,4255700
2006-02-10,33.737247467041016,34.18502327090557,32.822436250464584,34.18502327090557,5658600
2006-02-13,33.34725570678711,34.011695785692616,32.93318323527639,33.737252745123456,3319400
2006-02-14,32.350589752197266,33.34243576331641,32.23503209532122,32.93317916371642,5945100
2006-02-15,31.859481811523438,33.3905860080917,31.305779926820072,33.101699186236324,5082100
2006-02-16,33.29429626464844,33.43873785900565,32.403560242560516,32.62504029262484,5830900
2006-02-17,32.995784759521484,33.79022655392627,32.86578692967906,33.631337460366005,4303000
2006-02-21,35.075767517089844,35.19132152464646,33.799846592058095,33.84799746248605,4840000
2006-02-22,33.236515045166016,34.555767280908654,32.9813316073343,34.54613931133191,5565600
2006-02-23,33.3279914855957,34.05983826809908,32.75503005052477,33.236509260259716,4559800
2006-02-24,33.443565368652344,34.18504423368355,33.37615853304924,33.944304485559016,2483200
2006-02-27,32.66355514526367,33.34725856808891,32.461334713471096,33.222072916952506,3720500
2006-02-28,32.71651840209961,32.88022328145295,32.15318847798087,32.54800137437978,3642100
2006-03-01,33.04391860961914,33.19799181804183,32.65873742525994,32.865773643458716,2955400
2006-03-02,33.81910705566406,33.99725572989689,33.058372507281696,33.3183681124707,3392600
2006-03-03,33.76133346557617,34.28132837366129,33.66985121326119,33.82392445887825,2450100
2006-03-06,32.10506057739258,33.58801865945508,32.008766124644794,33.58320283479832,3579600
2006-03-07,31.276897430419922,31.97022885428355,30.81949352758512,31.65726654915645,4696200
2006-03-08,31.580215454101562,31.767995700749843,30.597999391181315,31.007257767703837,4304800
2006-03-09,31.18060874938965,31.92208750845065,30.906165622686256,31.77764221086086,3717700
2006-03-10,31.32985496520996,31.777630819142782,30.57393268205404,31.060227757988546,2821200
2006-03-13,31.975048065185547,32.09060209027817,31.517640440475358,31.60912270009664,2560500
2006-03-14,32.67801284790039,32.78393524531182,31.522461388878224,32.037644273211846,2767300
2006-03-15,32.80799865722656,32.97170352664336,32.302443931357466,32.591334445222934,3704300
2006-03-16,32.80317306518555,33.07280388625621,32.076142195787796,32.81280470525649,3692700
2006-03-17,32.29762649536133,32.96206648699657,32.16281290344069,32.92354726833499,2791300
2006-03-20,31.021705627441406,32.466143256519736,30.90133582501821,32.138737246992854,3583500
2006-03-21,31.25762939453125,31.83540664988324,30.636522610257575,30.910963775999022,3203800
2006-03-22,31.483936309814453,32.032822508192375,31.060235778570696,31.310603439442882,2854600
2006-03-23,32.02318572998047,32.27836914301544,31.618741252543895,31.68133590559445,2339800
2006-03-24,32.18208312988281,32.43245448896599,31.753566733825288,32.023197710791514,2617200
2006-03-27,32.230220794677734,32.33614681289931,31.498370308816888,31.873923520042453,2680700
2006-03-28,33.053558349609375,33.36170484195118,32.461337128561134,32.54800355911951,3750600
2006-03-29,33.38096618652344,33.438741360958666,32.692450528466594,32.95726198255237,2965100
2006-03-30,33.443565368652344,33.79504701720886,33.0680119493216,33.559119419200954,2661900
2006-03-31,32.93319320678711,33.1883767127603,32.40837872652449,32.9813404143185,2702700
2006-04-03,32.6202278137207,33.79985081880676,32.548005172442835,33.17392983232286,2454400
2006-04-04,33.19317626953125,33.19317626953125,32.08095685158742,32.49984506597091,3912300
2006-04-05,33.737247467041016,33.93465570267996,32.860955468159226,33.41465728398666,2816200
2006-04-06,34.15131759643555,34.281315355742755,33.5302090277577,34.16094556351979,2825000
2006-04-07,33.46282196044922,34.23800417311697,33.23652602995163,34.1513377247008,2384100
2006-04-10,34.926513671875,35.075771099939836,33.915407737333894,34.06466516539873,3755600
2006-04-11,34.17059326171875,35.268365694923126,33.8865185084127,35.061329408071686,3541200
2006-04-12,34.127262115478516,34.72429927870728,34.04059566748703,34.29096703874985,3310200
2006-04-13,34.44020080566406,34.45464459149575,33.5109459587524,33.94427790067388,2533100
2006-04-17,34.9794807434082,35.1865170418066,34.546148528923595,34.921701890344764,2655700
2006-04-18,35.485015869140625,35.61983313192631,35.10465053052841,35.24427626711553,3138800
2006-04-19,36.12537384033203,36.3179662019764,35.147971921224546,35.147971921224546,3550100
2006-04-20,36.0146598815918,36.322806397664344,34.96984681234347,36.130213906769946,3288700
2006-04-21,37.53129959106445,37.77685499473763,36.36130506854399,36.59241668495307,5121100
2006-04-24,37.04982376098633,37.536118791910475,36.61167958980515,37.536118791910475,3599200
2006-04-25,36.558738708496094,37.54577315627187,35.91837008966395,37.33873682361926,4464400
2006-04-26,38.03687286376953,39.04797887610186,37.72872633950437,37.72872633950437,7935100
2006-04-27,38.08981704711914,39.24055195790264,36.53463772746328,37.67092885103607,7168800
2006-04-28,38.91796875,39.283890336010025,38.63870990273301,38.9516721506429,4489000
2006-05-01,40.242034912109375,40.61277230279668,38.70611499341553,39.004633438342005,4681500
2006-05-02,41.85017776489258,41.85017776489258,40.242038747182,40.718702201604636,6058900
2006-05-03,41.383148193359375,41.946481818245296,41.118336757903066,41.76833313834511,5546900
2006-05-04,42.11609649658203,42.17396285182381,40.86717801403026,41.13239421018892,5602800
2006-05-05,42.019657135009766,42.559732091760765,41.70622080902892,42.33791657710223,3902000
2006-05-08,42.371681213378906,42.44883269490498,41.132404960006895,41.542281632950534,3247500
2006-05-09,42.42472839355469,42.80085063834165,41.90394204894464,42.00038232951945,2584500
2006-05-10,41.95213317871094,42.25110372808767,41.63869696514729,42.000353285653425,4595000
2006-05-11,41.18061447143555,42.366847165670976,41.08899366173555,42.31380392626146,4243900
2006-05-12,39.46396255493164,41.0407872364733,39.42538865072599,41.0407872364733,5305800
2006-05-15,38.677974700927734,39.34824476501922,38.09450238436416,38.576711275305485,5318500
2006-05-16,38.890113830566406,39.6568235317548,38.48987991762671,39.155326281618066,3889000
2006-05-17,38.11858367919922,39.19872969709906,37.85819064579357,38.58150340115629,4108500
2006-05-18,37.61228942871094,38.48026681018886,37.5158491325296,38.14271841563123,4416100
2006-05-19,38.02214813232422,38.32111879471081,36.778049036568056,37.617094666148574,5909800
2006-05-22,38.21503448486328,38.57669096263801,37.10595314810347,37.93535259243377,5381000
2006-05-23,39.01070022583008,40.07155832010543,38.79370401634519,39.01070022583008,5918100
2006-05-24,39.126407623291016,39.960630165097946,37.98839497149882,39.010678583148035,6548000
2006-05-25,40.76591873168945,40.79967318921896,39.26142645546037,39.58932847672978,6011000
2006-05-26,40.708030700683594,41.24328229869406,40.60194426807496,40.746608254170006,3869000
2006-05-30,40.41872024536133,41.40724923787876,40.34156879093263,41.15649873332717,3562600
2006-05-31,41.6146354675293,41.667678748399645,40.10049960023256,40.41875560649216,4484200
2006-06-01,41.69175338745117,41.94732334623068,40.93950917987985,41.469937882115,4064400
2006-06-02,42.72367477416992,42.91655892084193,41.73996893720587,42.048582100297445,4047700
2006-06-05,41.08416748046875,43.06122550231479,41.01665857697696,43.0371136029423,4798300
2006-06-06,41.22882843017578,41.81230029747862,40.48140375313284,40.98772417035019,5600400
2006-06-07,39.08781433105469,41.32526116181341,39.058883002393664,41.18060083954994,6007600
2006-06-08,39.51699447631836,39.6809473182644,37.6170950373797,38.721353205770015,8407000
2006-06-09,39.35787582397461,40.004033722731705,38.422389759067904,39.709886118383935,4955400
2006-06-12,37.3663444519043,39.59897268825194,37.34705566587782,39.46877430231318,4519200
2006-06-13,35.92936325073242,37.747288025383725,35.56288369039056,36.69607314676701,6624100
2006-06-14,36.72502136230469,36.86485866687471,35.77988894402928,35.98723886044262,4907800
2006-06-15,38.866004943847656,39.087820415680696,37.014326042132375,37.03843426011658,4941800
2006-06-16,38.54775619506836,38.9190551938356,37.752111278899,38.57668753345137,4480500
2006-06-19,37.19273376464844,38.55256134925708,37.08182788929541,38.55256134925708,4255200
2006-06-20,36.12224197387695,37.45313483929711,36.0209749472637,37.38562594086097,4643500
2006-06-21,36.78287887573242,37.43868299898919,36.069212063280325,36.12225531434965,5230800
2006-06-22,36.57552719116211,37.125244785266226,36.271737050934114,36.74429949128877,4190600
2006-06-23,36.78287887573242,37.28437636286762,36.57552898854153,36.93718551185399,4045100
2006-06-26,37.08186340332031,37.20723874153828,36.2862180199152,36.84075896464978,3163900
2006-06-27,36.961280822753906,37.85336577725413,36.82143992171957,37.44348930399281,3280600
2006-06-28,37.4627685546875,37.61225196857817,36.78767611689582,37.02395718248767,2701200
2006-06-29,39.14569091796875,39.14569091796875,37.732819694702044,37.732819694702044,3820700
2006-06-30,39.46877670288086,39.73881604471607,39.00585684696906,39.203564156545546,2834100
2006-07-03,40.2451171875,40.413889410852086,39.545916399773404,39.685757293110434,1179300
2006-07-05,39.902774810791016,40.36087166029732,39.092663948440695,40.249965705935566,3262700
2006-07-06,38.774383544921875,39.931680891142584,38.644185202148996,39.89310701083816,4011400
2006-07-07,37.97391128540039,39.58930868047977,37.90157929001753,38.991371297967135,3168800
2006-07-10,38.23431396484375,38.83707461441129,37.863011344493074,37.978744038060555,2448300
2006-07-11,39.729183197021484,39.85455851658017,38.258444868432726,38.388643306156304,3383600
2006-07-12,39.960628509521484,40.48141100806869,39.618260840686304,40.11975455351551,3991300
2006-07-13,39.48807144165039,40.24031586101397,39.30001033680949,40.14387558944037,3561500
2006-07-14,40.336769104003906,40.40427804544969,38.87085382882426,40.240325131251794,3948700
2006-07-17,38.22467803955078,39.97027467573395,37.94499981875948,39.666484550875786,4361900
2006-07-18,38.374168395996094,38.83708829647264,37.564057650422036,38.51400935743594,5021900
2006-07-19,39.22285079956055,39.36269175300999,38.161993214788374,38.374166203326865,3594700
2006-07-20,37.41938400268555,39.565214329729024,37.41938400268555,39.222843010230335,4294500
2006-07-21,36.52729797363281,37.61226722037438,36.324771263857954,37.42420617858925,4917000
2006-07-24,37.23613357543945,37.91604551256764,36.36333754076461,36.52728663235646,4242400
2006-07-25,38.74546813964844,38.93835235459641,37.46761435444855,37.46761435444855,4121500
2006-07-26,38.92869567871094,39.20355438964972,37.78103703949082,38.75027720078402,5850500
2006-07-27,38.986568450927734,39.777390339248164,38.45613967397525,39.46877709887727,7108900
2006-07-28,37.56404495239258,38.2198488427886,36.67195991410594,38.21502572741476,6852600
2006-07-31,38.552574157714844,39.09264908695344,37.88230453177238,38.02214546020807,5809100
2006-08-01,38.552574157714844,38.84190224631806,38.00767979156981,38.446491361381064,3188600
2006-08-02,38.33557891845703,39.256598995480125,37.90159049679587,38.55739440531514,4018100
2006-08-03,38.224510192871094,38.68335740428552,37.46137149484623,37.673892065178975,3807100
2006-08-04,37.58692932128906,38.8427242231843,37.18121249905504,38.83306587812458,3449800
2006-08-07,38.156883239746094,38.693011893989535,37.65939535166113,38.156883239746094,3627200
2006-08-08,37.37925720214844,38.398384429607376,37.31163770046754,38.161716173724244,3995600
2006-08-09,37.311622619628906,38.036120146223645,37.18604201655669,37.8912191669107,4125300
2006-08-10,36.82862854003906,37.44686591150697,36.40359126840122,37.44686591150697,3698700
2006-08-11,36.45191192626953,36.99769912240408,36.16694078139391,36.833481335686415,2959500
2006-08-14,35.693599700927734,36.4374180376384,35.64530057464515,36.176598333727874,3358700
2006-08-15,36.15725326538086,36.215214388348144,35.39894607690242,36.055824063926565,3373300
2006-08-16,36.09446334838867,36.640250082165,35.741872980030344,36.224871263544266,4242500
2006-08-17,35.55833053588867,36.02200838818832,35.25887031076465,35.74186853419978,4363200
2006-08-18,36.558135986328125,36.61126608465154,35.408597878949415,35.83846599448692,2821100
2006-08-21,36.89140701293945,36.93004775943525,36.50017958837664,36.925216744877176,2467700
2006-08-22,36.64509582519531,37.10394290495961,36.60162404601496,36.73203569857008,2170300
2006-08-23,35.64044952392578,36.71753380607548,35.567999032730924,36.645086999865676,2637000
2006-08-24,36.239356994628906,36.40840563993889,35.563158728404886,35.83846757504803,3242000
2006-08-25,36.33597946166992,36.930065564281826,36.249039582630836,36.42774667261004,2327700
2006-08-28,35.37961959838867,36.22003546899857,35.37961959838867,36.12826831303076,2482500
2006-08-29,35.96889114379883,36.031679608691235,35.04153510777008,35.26854125852817,3300500
2006-08-30,35.210594177246094,35.97373275211736,34.89664439037005,35.97373275211736,3264800
2006-08-31,34.37983322143555,35.09949995137467,34.254252580209126,34.87249006780672,4644000
2006-09-01,34.7662353515625,34.780724717673294,33.74710817192537,34.147994145940395,3881100
2006-09-05,35.66460037231445,35.780522642430604,34.41846729094157,34.645477130353974,5085900
2006-09-06,34.46192932128906,35.57282692890675,34.39914086641787,35.186426799739365,4284200
2006-09-07,33.68913650512695,34.36050394856651,33.466957695821826,34.12383577767401,5811500
2006-09-08,32.64103317260742,34.04172928746499,32.45266408900432,33.88233892903609,4704900
2006-09-11,30.8587646484375,32.22565087935697,30.742846074874457,32.07109155294457,8093100
2006-09-12,30.42890167236328,31.264490593648848,30.037672273278336,30.911900111607142,7099100
2006-09-13,31.327289581298828,31.573619899806765,30.810481225205322,30.853951173030637,5594500
2006-09-14,30.02800941467285,31.322445264203612,29.858960712958734,31.15822757824856,5653500
2006-09-15,30.12944221496582,30.36611041100801,29.50154463205706,30.028011145597826,8007800
2006-09-18,31.158235549926758,31.385245443873053,30.308157123123475,30.308157123123475,5942000
2006-09-19,30.617273330688477,31.38041181294392,30.187404978592202,31.20170104887571,5496700
2006-09-20,30.245361328125,30.849109368767426,30.168081652622483,30.43373042200659,6889400
2006-09-21,30.795963287353516,31.22100220360073,30.308135934012437,30.35160584411149,5700800
2006-09-22,30.4675350189209,30.936043980593425,30.332294235942584,30.931212965580425,4681200
2006-09-25,30.887758255004883,31.056808856361325,30.00387000653764,30.428909254884946,6588300
2006-09-26,31.510820388793945,31.96484014762397,30.60761373031272,30.93605469270673,6096300
2006-09-27,32.752132415771484,33.012952090255425,31.81994501224037,31.844096415150386,8440100
2006-09-28,32.34157180786133,33.27858986526921,32.240142587985,32.67484187673017,5839500
2006-09-29,32.94047927856445,33.14816867411045,32.25462264582529,32.34639349280596,4374900
2006-10-02,32.612056732177734,33.254445614356534,32.583078001698894,32.94532687262868,4792500
2006-10-03,31.906869888305664,32.61204703857721,31.626733645310377,32.418850646162525,6497100
2006-10-04,32.82456588745117,32.9453154692995,31.356250529977334,31.998639189806788,6464000
2006-10-05,33.71330642700195,33.92099598886839,33.148195219606286,33.35105744828053,5702300
2006-10-06,33.43798828125,33.78574411111218,33.02743660206249,33.471798029361025,4671000
2006-10-09,32.60722732543945,33.97894119394365,32.50579809023196,33.85819157798437,4738700
2006-10-10,33.099884033203125,33.592544528361756,32.36572799187024,32.37055532330364,5752400
2006-10-11,32.491310119628906,33.09505829379687,32.20151173302557,32.97913967615282,5074000
2006-10-12,33.27859878540039,33.32689790043275,32.50580188992384,32.60240011998856,3640500
2006-10-13,33.69879913330078,34.30254717606082,33.44764156890628,33.44764156890628,4080000
2006-10-16,34.515079498291016,34.52474153387933,33.63602219408553,33.698810685462036,3492400
2006-10-17,34.42811965942383,34.5488692394218,33.80022405442523,34.5343798794196,3973000
2006-10-18,33.97891616821289,34.727564709769396,33.59251989271851,34.4329355690265,4496100
2006-10-19,35.00773620605469,35.01256353832038,33.92098947846795,34.29289673718137,4080500
2006-10-20,34.42811965942383,35.089828684407216,34.19628252941918,35.065677294413724,4085700
2006-10-23,34.51023864746094,35.0898390130465,33.95962069539544,34.14798980083964,4159400
2006-10-24,35.25407028198242,35.53904140046555,34.3895022599557,34.51025192194289,5125000
2006-10-25,35.85298156738281,36.263529570168544,34.9207942814173,35.065691625643076,5975300
2006-10-26,36.1041259765625,36.26351631343066,35.41343820178539,36.031675488441984,4160400
2006-10-27,34.09486389160156,35.66944010476743,33.72295665113827,35.66944010476743,8187500
2006-10-30,33.34620666503906,34.29288299278247,33.19647835511084,33.81471565608735,6415200
2006-10-31,33.35104751586914,33.544243965660876,32.66518685315862,33.336554465647296,6371900
2006-11-01,32.77144241333008,33.30273994406119,32.61688306466311,33.30273994406119,5449400
2006-11-02,32.73272705078125,33.21181235752334,32.55851354068243,32.7762822743356,4856000
2006-11-03,33.34247589111328,33.763488816770696,32.916618983429224,32.97953167682408,4662300
2006-11-06,33.65703201293945,33.84092243942297,32.969854751743405,33.24569223749862,4282500
2006-11-07,33.8118782043457,33.96673422669434,33.26988028009606,33.569915438672275,4335100
2006-11-08,34.08771896362305,34.26193246741451,33.43441647837546,33.560238162682445,4623300
2006-11-09,34.252254486083984,34.871678683406486,33.855435628920546,34.43130829302167,4832800
2006-11-10,33.35215759277344,33.96190499456204,33.061802917846485,33.874798222877956,4511000
2006-11-13,33.5118522644043,33.84092186392488,32.93597954222832,33.17310577610067,3777000
2006-11-14,34.03448486328125,34.12642820730459,33.24568385280466,33.608628015791865,4473500
2006-11-15,34.37806701660156,34.6926193213535,33.98124826520853,34.03448036410771,3523300
2006-11-16,33.47312927246094,34.77004988891484,33.376345639674696,34.69746031829569,5387200
2006-11-17,33.1489143371582,33.45378623476692,32.75693565565263,33.29409354100646,5945700
2006-11-20,33.1731071472168,33.41990658801313,32.59239411061726,33.14890938616933,3717900
2006-11-21,33.545719146728516,33.966735706483384,33.28439890536953,33.35214818734494,3139400
2006-11-22,33.860286712646484,34.05385775903012,33.279573573495576,33.54573422378065,3995900
2006-11-24,34.06351089477539,34.349028819790945,33.65217501560469,33.89897801993033,1399300
2006-11-27,33.71025466918945,34.32483847648361,33.65218227562622,34.111910058810594,4071600
2006-11-28,34.203853607177734,34.2909603426177,33.7683199299779,33.78283710387482,4253000
2006-11-29,35.733070373535156,35.834698015161685,34.24741868633981,34.34420603739842,5424800
2006-11-30,35.5346565246582,35.907277607632324,35.21526386034386,35.73306409838073,5203100
2006-12-01,35.350765228271484,35.70402883544191,34.77489260445494,35.534655620219155,5480100
2006-12-04,35.132999420166016,35.283018873592354,34.80392984951073,35.132999420166016,3842200
2006-12-05,35.370113372802734,35.612076125196985,34.881351271248555,35.544326849891284,4003000
2006-12-06,35.350765228271484,35.60724519590296,35.079764391855896,35.13299650122007,4668400
2006-12-07,34.97332000732422,35.447568970964916,34.866859420278736,35.32658750690019,3321300
2006-12-08,35.316890716552734,35.79113572093992,35.02169581518432,35.316890716552734,3256800
2006-12-11,34.953948974609375,35.35076783325518,34.84264445808434,35.08460726682103,2609900
2006-12-12,34.81846237182617,35.30238820710971,34.61521440710175,35.07494616585779,3236000
2006-12-13,35.91211700439453,36.03309839991886,34.842641911006574,34.94910612979745,5339700
2006-12-14,37.21388244628906,37.74619991176095,36.081494529065225,36.41540440205142,7729100
2006-12-15,37.86717224121094,38.05106261113254,37.0541772134617,37.21387352242608,5466600
2006-12-18,36.71543884277344,38.157535151266266,36.64284925992967,38.13334108502471,4944600
2006-12-19,37.165504455566406,37.3735927058642,36.197652815495,36.29443650267774,3526800
2006-12-20,36.729957580566406,37.36873929100844,36.425082058088805,36.425082058088805,3341700
2006-12-21,36.72028350830078,36.991284430986276,36.4686437501575,36.82674776092076,4341300
2006-12-22,36.51701354980469,36.95738747589525,36.30892546126726,36.846082999304386,2263300
2006-12-26,36.2799072265625,37.34938248933353,35.85889057431608,37.34938248933353,1911500
2006-12-27,36.43959045410156,36.60896363523898,35.83468359856906,36.28473444676758,2316000
2006-12-28,36.51219177246094,36.875136039352434,36.20731991741368,36.3428185196569,2360400
2006-12-29,36.1298942565918,36.47831765658428,35.89760829787008,36.39605117431078,2649400
2007-01-03,34.60068130493164,36.129888013114346,34.39259314380702,36.129888013114346,5351800
2007-01-04,33.04244613647461,34.489382942685204,32.72305709501084,34.358724628463676,8014100
2007-01-05,32.79564666748047,33.39087696837995,32.6456308654587,33.14891409179748,7243300
2007-01-08,32.98920440673828,33.57475388894171,32.76175880372145,33.124702972265155,3718200
2007-01-09,33.06180191040039,33.410228986519606,32.21009169011563,32.30203874966373,5207500
2007-01-10,32.360111236572266,33.00372957875812,32.26332388627596,32.9166228095214,5223700
2007-01-11,32.08427810668945,33.29892905837522,31.91490114368287,32.36011563139049,5385000
2007-01-12,32.89243698120117,32.94082882244249,32.10363556993049,32.18590576130764,4488200
2007-01-16,32.52947235107422,32.79079256131235,32.11813641890733,32.47624025128172,4578300
2007-01-17,32.47624588012695,32.98920581206167,32.35042419589534,32.42785406067146,5946800
2007-01-18,31.939088821411133,32.71820931378302,31.721323783543387,32.51979805043128,5216300
2007-01-19,32.4423713684082,32.660136402867536,31.837464392622085,32.18589140140436,5436900
2007-01-22,32.471412658691406,32.89242933292211,32.10362810506665,32.50528730888974,6011400
2007-01-23,33.16825485229492,33.39570043240782,32.713363692069116,32.7375614443589,6646600
2007-01-24,33.40053939819336,33.448934906205444,32.53915252122639,33.12470198599541,4917400
2007-01-25,32.44721603393555,33.284405333776654,32.311713751755434,33.27956504354102,5005500
2007-01-26,32.24394989013672,32.810145446011575,32.21975583400781,32.640768592819214,4623000
2007-01-29,32.02619171142578,32.6165814485403,31.977799896855153,32.08426410414581,4373000
2007-01-30,32.90209197998047,33.115020370235335,32.277827674780994,32.39880904341519,8051100
2007-01-31,33.405391693115234,33.48765817900765,32.573038868165504,32.73757553201056,7536300
2007-02-01,33.55083084106445,33.7059790506557,33.13386933422077,33.45386459720433,6471900
2007-02-02,34.4526481628418,34.72416043942494,33.36661015359005,33.74478387205103,6099600
2007-02-05,34.03083801269531,34.78233596545429,33.98235117139819,34.622341965864386,3486600
2007-02-06,34.11326217651367,34.25386588852327,33.51690875654377,34.25386588852327,4932500
2007-02-07,33.841739654541016,34.539904803557626,33.59932032664037,34.350818023717146,3781400
2007-02-08,34.15204620361328,34.21507391586764,33.46842172112296,34.011442507944494,3425400
2007-02-09,34.33142852783203,34.583546733307,34.04537545899505,34.27325024889617,3908100
2007-02-12,33.99204635620117,34.055074064458104,33.647811274441786,33.89023065869709,3436200
2007-02-13,34.423545837402344,34.564149496677615,34.07931082291138,34.07931082291138,3057900
2007-02-14,34.879295349121094,35.17504723582593,34.34596984914482,34.37506268488704,4845900
2007-02-15,31.606647491455078,32.48420467280794,31.403012352394814,32.48420467280794,23533600
2007-02-16,31.53875160217285,31.897531121260595,31.412692533673155,31.756927486977254,10839600
2007-02-20,30.835735321044922,31.39814989265536,30.71452566671768,31.39814989265536,8543900
2007-02-21,31.296348571777344,31.359376289267615,30.709692170306393,30.787266310651912,7021900
2007-02-22,31.689041137695312,31.844189292509263,31.07814365979248,31.3108677415253,5598400
2007-02-23,31.689041137695312,31.887822977133283,31.635708612694536,31.76661336559039,4970100
2007-02-26,31.800573348999023,32.120568714746476,31.73269621669374,31.80542277245691,4413100
2007-02-27,31.30603790283203,31.727848946486848,30.956953411397162,31.07816309875504,7365300
2007-02-28,31.567846298217773,31.752083662327646,31.0587642119049,31.286638980082557,7519800
2007-03-01,31.606647491455078,31.9799717981826,30.85999517897296,31.053931469063794,7169700
2007-03-02,31.39329719543457,31.718138147374297,31.16057305583577,31.611473070850874,5633800
2007-03-05,30.855134963989258,31.417549638665204,30.77271327170854,31.063615755598338,6277300
2007-03-06,31.121803283691406,31.42725039140942,30.947261022416416,31.102409288102358,5968700
2007-03-07,31.20906639099121,31.815114725994746,31.019977756879406,31.02967475218099,6531100
2007-03-08,31.5823917388916,31.844205073453207,31.301184412989254,31.466031489872766,4765500
2007-03-09,31.48057746887207,31.815117361191597,31.223613545390723,31.815117361191597,4814200
2007-03-12,31.398147583007812,31.56299092523494,31.155728292185696,31.349664464648352,4617700
2007-03-13,30.918167114257812,31.829664476367263,30.7581694400016,31.209071472129192,6486300
2007-03-14,30.709684371948242,31.199370661745554,30.186057670449717,30.99088986572443,8062900
2007-03-15,30.76787757873535,30.96181388754568,30.530307542432094,30.530307542432094,4758900
2007-03-16,30.418787002563477,31.03937822269206,30.350908017247317,30.918170372696302,4911700
2007-03-19,30.986042022705078,31.150887258833507,30.758167236127065,30.777561228498154,3630600
2007-03-20,31.184816360473633,31.42723564303298,30.772704319927676,31.00542660924317,6278200
2007-03-21,31.674530029296875,31.946038662219934,31.22362965017668,31.296356233717557,5807800
2007-03-22,32.00421142578125,32.24663083488634,31.829669155303456,31.878152297319147,5148000
2007-03-23,32.10116958618164,32.43570946977538,31.87814423012771,32.241773251764144,3149100
2007-03-26,32.236934661865234,32.43572036935805,31.863610368439247,32.32905522865722,3208100
2007-03-27,32.125423431396484,32.236934296117155,31.868459431183673,32.05754628790732,2490400
2007-03-28,32.086631774902344,32.35814031788488,31.849061799792626,32.29026318213924,4185800
2007-03-29,32.561763763427734,32.98842042089941,32.17874080658406,32.35328300714637,4840500
2007-03-30,32.06239700317383,32.60541793462718,31.999369274132246,32.49390335352402,4134200
2007-04-02,32.61994171142578,32.70236338893258,31.844200660427717,32.1399525140934,3795700
2007-04-03,32.61994171142578,32.68781882219904,32.159346502746494,32.59570199987825,3834200
2007-04-04,32.35329055786133,32.61994964388045,32.173898893464965,32.49389053649311,3717300
2007-04-05,32.84297561645508,32.95449015560025,32.241776607176384,32.41146942846157,3500800
2007-04-09,32.56660079956055,33.075682698579065,32.387212923906226,32.83811287191503,4015300
2007-04-10,33.68660354614258,33.735086689351874,32.70722703779192,32.72662103488098,4936700
2007-04-11,33.66236114501953,33.89023599393739,32.85268116190756,32.96904144894102,4896900
2007-04-12,34.132659912109375,34.30235279034804,33.40540154906313,33.83205845706709,4120600
2007-04-13,34.11326217651367,34.29749960999509,33.81751017867053,33.97265846450407,3193600
2007-04-16,35.17019271850586,35.24776497152155,33.982335921301704,34.13263840362426,5909900
2007-04-17,35.14109420776367,35.67926151056687,34.874431567570376,35.199272457242934,5754400
2007-04-18,34.96657180786133,35.11687063592597,34.7289981582433,34.96657180786133,5197100
2007-04-19,34.59809112548828,34.8405104838793,34.44779230697412,34.6659682499157,4764600
2007-04-20,35.15080261230469,35.15565203459901,34.67565910114649,34.9520169875167,4501000
2007-04-23,35.37868881225586,35.69383478083009,35.10233083652726,35.432021377661954,3734700
2007-04-24,35.2962532043457,35.514429104902284,34.94716880423506,35.42230858292166,4595000
2007-04-25,38.06467819213867,38.23437095640636,36.11562501676456,36.14471784708533,9321400
2007-04-26,39.184661865234375,39.56768486529691,37.73014582910982,37.91438319536973,7197300
2007-04-27,39.276790618896484,40.12040906069922,38.59316616329634,38.8355855533912,5289200
2007-04-30,38.976165771484375,40.46946920294479,38.95192236746411,39.33494521703491,6322400
2007-05-01,39.41738510131836,39.66949958055267,38.50104031673574,39.223448894739796,6767000
2007-05-02,39.897377014160156,39.926466152433484,39.262239501687695,39.51435399778322,4015800
2007-05-03,40.295562744140625,40.47523448258975,39.48945550123892,39.712833679363165,3985700
2007-05-04,39.95078659057617,40.88315252022288,39.746833048572704,40.3052804463349,5155800
2007-05-07,39.67399597167969,39.9896405112461,39.43605014549269,39.955648250362245,4054000
2007-05-08,39.47976303100586,39.610875000099426,38.731929464826955,39.55260095556941,4343400
2007-05-09,39.33406448364258,39.72255055308644,38.61536636663476,39.33406448364258,4294500
2007-05-10,38.29001998901367,39.63515024918727,38.28030950229785,39.334073292696765,4679300
2007-05-11,39.02815246582031,39.12041507920219,38.45999067506508,38.45999067506508,3918200
2007-05-14,38.95043182373047,39.53801426213561,38.64935496315307,39.212659340063546,3492500
2007-05-15,38.87273406982422,39.39718536023757,38.65906639658503,38.84845230518263,3503500
2007-05-16,38.780479431152344,39.028139426178264,38.16861508662641,38.84846394666876,3488900
2007-05-17,39.33406448364258,39.51373993911397,38.39198817341175,38.780474242855604,5719400
2007-05-18,40.11103439331055,40.15959422755808,39.33892302560453,39.33892302560453,4778600
2007-05-21,40.05762481689453,40.620929371220505,39.57687607130844,40.23730031195614,5018400
2007-05-22,39.92166519165039,40.596657173989726,39.80026370267023,40.057634266527465,3599400
2007-05-23,40.12074661254883,40.71803958372528,39.805102148126,40.03333743324524,3822200
2007-05-24,39.33406448364258,40.790881686740455,39.15438902817119,40.203299192742975,4599900
2007-05-25,39.65943145751953,39.989643605172866,39.40691802925703,39.69828081721495,2427600
2007-05-29,39.64000701904297,39.87795656996715,39.31465196559016,39.5380302278807,3086400
2007-05-30,40.21303176879883,40.499541236008604,39.338943189675625,39.52832923372964,4461800
2007-05-31,40.05276870727539,40.68891113072305,39.59144096636499,40.21301580834107,3795900
2007-06-01,40.38785171508789,40.70349636844536,40.2858748956733,40.353859441949695,2694200
2007-06-04,41.5435791015625,41.67469104192794,40.21301649626241,40.305282786998546,4004600
2007-06-05,41.50959396362305,41.7426827208991,41.00456338301961,41.7426827208991,4597700
2007-06-06,40.737457275390625,41.509572177717985,40.548071370171606,41.44644107272694,4510500
2007-06-07,40.22273635864258,41.20851571277766,40.16446231866456,40.55780190009924,4785100
2007-06-08,40.31500244140625,40.37813358305775,39.72741971414667,40.06248898943786,4129000
2007-06-11,40.781166076660156,41.03367939664737,40.052757566660496,41.03367939664737,2960600
2007-06-12,40.21303176879883,40.8346068574766,40.18389659429199,40.78119360584065,2922500
2007-06-13,40.79087829589844,40.999688892513014,40.305272601899645,40.3344077579788,5731200
2007-06-14,41.9466438293457,42.000060784313774,40.81518469518126,40.81518469518126,4147900
2007-06-15,42.73817825317383,42.94698894792958,41.98548759175958,42.18458779821749,4853200
2007-06-18,43.39374542236328,43.583131435273856,42.72846397644717,42.74303156130504,4960700
2007-06-19,43.22861862182617,43.471421476532825,42.69931017690689,43.29174973517153,4422900
2007-06-20,42.15543746948242,43.354884364278334,42.00975795532243,43.3160350118844,3916700
2007-06-21,43.07807540893555,43.194619723896054,42.14085638578505,42.27197198188298,3431500
2007-06-22,43.03438949584961,43.680242426650516,42.213714466980704,43.22862886172387,5529200
2007-06-25,42.23801040649414,43.03440392929449,41.95150094744298,43.03440392929449,4381900
2007-06-26,41.25706100463867,42.34481676631087,41.15994134381846,42.24769710549066,4441200
2007-06-27,41.40761184692383,41.50959234223756,40.41697910987673,40.93172015822771,7061000
2007-06-28,41.0094108581543,42.19429026881733,40.83459246297849,41.57271539924933,4177400
2007-06-29,40.8540153503418,41.28135083310074,40.582077283043056,40.59664486452287,6371400
2007-07-02,41.70867919921875,41.70867919921875,40.79574168733803,41.08224731268048,3046100
2007-07-03,42.29627227783203,42.3351216382028,41.66012974749618,41.66498684376225,1905600
2007-07-05,42.38853073120117,42.79158443441584,42.058318638970086,42.67018298440262,3651800
2007-07-06,42.55363464355469,42.8304297995598,42.38853045096977,42.611908672931946,2421300
2007-07-09,42.883853912353516,43.12665685141996,42.471089656916334,42.718749692130174,3249500
2007-07-10,42.61190414428711,43.09750988952115,42.56334431073927,42.58762237507428,3146800
2007-07-11,42.30599594116211,42.43225083331266,41.50960239967204,42.12632038788359,4439800
2007-07-12,43.28204345703125,43.50056828913416,42.30597847022423,42.36910589023002,3791200
2007-07-13,40.79087829589844,41.514429742590956,40.378114196974956,41.08224097132223,13740900
2007-07-16,39.76140213012695,40.912289226088845,39.49917454984912,40.79574486981368,6624800
2007-07-17,39.285499572753906,40.256710915937546,39.16409815485595,39.86822489671319,5769300
2007-07-18,39.9702033996582,40.043044994573464,39.188377937647765,39.188377937647765,6080400
2007-07-19,40.66463088989258,40.76660766891266,39.88766230815972,40.305283615505836,4240500
2007-07-20,40.013912200927734,40.8880002768836,39.771109340127055,40.23243329369729,4810600
2007-07-23,40.718055725097656,40.96571578211436,40.1207625171434,40.65492828913931,6568800
2007-07-24,39.955657958984375,40.61608236366837,39.707997881008005,40.305294844391135,4319800
2007-07-25,40.31985855102539,40.33928323222117,39.36321430518803,40.21788175340687,4485200
2007-07-26,39.460323333740234,40.805449598757164,38.955292921295815,39.94107197731724,6081600
2007-07-27,38.57167434692383,39.9702179167598,38.4405623923587,39.26123379216303,6545600
2007-07-30,38.46968460083008,38.984425463344664,37.84810989027415,38.72705503208737,6028000
2007-07-31,38.38715362548828,39.26124215345702,38.32887957500521,38.8387673283133,6026300
2007-08-01,38.42599105834961,39.33893246267256,37.668447088701846,38.36286362917188,6267100
2007-08-02,37.968772888183594,39.2139722042909,37.48236789105708,39.2139722042909,5983100
2007-08-03,36.888954162597656,38.46004397710798,36.62629872295978,38.02714381525659,7311100
2007-08-06,37.16135025024414,37.21971648701199,35.82373622999369,37.20026354874031,7812000
2007-08-07,38.65947723388672,39.2528883118515,36.6019821210311,36.6019821210311,7632800
2007-08-08,38.644859313964844,39.928967670424306,38.3919304544694,38.45030036557176,6515400
2007-08-09,38.62540817260742,40.40564786728444,38.01740215335072,38.08549853062953,9259400
2007-08-10,39.170188903808594,39.559314337013404,37.764478935593324,38.74215389606343,6483600
2007-08-13,38.76161575317383,40.400798233040604,38.62055785743584,40.00681136937719,3425200
2007-08-14,38.05632781982422,39.03400295151483,37.9006783614784,38.888079960763704,3676000
2007-08-15,37.54560852050781,38.62056327930934,36.68466946892674,38.01255694213815,5763400
2007-08-16,37.25861740112305,37.672060855035326,35.95991711104352,37.05919330682543,7596200
2007-08-17,38.236305236816406,40.82884531241285,37.72071701793865,38.669205479265926,6913300
2007-08-20,38.328731536865234,38.72271856435893,37.62344176489709,37.96392763408153,3752600
2007-08-21,37.910396575927734,38.562177317375806,37.380213340429634,38.2800616034768,4010000
2007-08-22,38.0757942199707,38.54760780515922,37.89582669104745,38.338453444023386,3486300
2007-08-23,38.596248626708984,38.91727781293663,38.07579525498766,38.55247394366532,3089500
2007-08-24,39.714988708496094,39.97278289272058,38.698399824108456,38.8637795359177,3303300
2007-08-27,39.28691864013672,39.65172228263671,38.89293189374859,39.471754860693764,2118400
2007-08-28,38.76161575317383,39.3890786503632,38.63514941372328,39.15560261683725,2863500
2007-08-29,39.97761154174805,40.371598240681536,38.95615849699971,39.009663321666494,3156800
2007-08-30,40.021400451660156,40.49321386765801,39.63714007895032,39.6663269006966,2602400
2007-08-31,40.789913177490234,41.018524062849906,40.39592641564254,40.5418456517835,3120400
2007-09-04,41.524383544921875,41.91350519987842,40.50293038709647,40.7899111794399,3974200
2007-09-05,41.75785827636719,41.89891613712251,41.120669070002386,41.17417390377077,3536800
2007-09-06,41.93782424926758,42.43395553372748,41.31522667230837,41.894045885682544,4618700
2007-09-07,41.495208740234375,41.64599681143663,40.79964945222581,41.50493891823483,3373900
2007-09-10,41.02339172363281,41.40765207965499,40.27433136589115,41.29578101924142,3203900
2007-09-11,41.699493408203125,41.93296568036841,40.459159437784905,41.32009447172854,3931000
2007-09-12,42.005916595458984,42.414494824506555,41.58760819278233,41.684887663229674,3511600
2007-09-13,42.26371383666992,42.68688735924955,42.00591987995071,42.03024160495125,2790100
2007-09-14,42.35126876831055,42.65770247792715,41.88432057276289,41.95241695267769,2306300
2007-09-17,41.70923614501953,42.288059385156714,41.451442043068916,42.09836169840149,3476300
2007-09-18,43.0371208190918,43.12953525590599,41.42225618793781,41.71895985683735,3530400
2007-09-19,42.91550827026367,43.77644335678473,42.57988768368296,43.32895171532718,4237900
2007-09-20,43.314369201660156,43.55757171551344,42.51180016374915,42.73068094182676,3243400
2007-09-21,44.13151550292969,44.3260744822161,43.2754418923658,43.727798570058546,5134700
2007-09-24,44.102325439453125,44.38444113400725,43.80075681718265,43.970997767008626,3746600
2007-09-25,43.669429779052734,43.79103099973888,43.26571283574079,43.53810209354059,2809300
2007-09-26,43.431095123291016,44.155837404524675,42.73553594932281,44.01964462265258,4302000
2007-09-27,44.102325439453125,44.29688811538612,43.221933876799966,43.611059228665944,2657800
2007-09-28,43.95640182495117,44.79788002616802,43.674286158577445,44.49144634709078,2859200
2007-10-01,44.91462707519531,45.23565609325411,43.708344990854485,43.95641253108402,4054200
2007-10-02,44.96812438964844,45.021629217041735,44.0634111222382,44.72492197821503,3829900
2007-10-03,45.05084228515625,45.60047871936885,44.67630827512768,44.74926978327397,3280000
2007-10-04,45.30860900878906,45.469123487484886,44.296886108552286,44.94380539955723,3359300
2007-10-05,44.938941955566406,45.55181308055848,44.43794557432482,45.478851613849415,3587600
2007-10-08,44.316349029541016,44.82707563926618,44.180156256540904,44.62278276879127,1964600
2007-10-09,44.85140609741211,44.992463997423826,43.990470851588036,44.413640840647425,3524700
2007-10-10,47.035362243652344,47.11805391439475,44.62765896636928,44.65198070087746,7073500
2007-10-11,46.59273147583008,48.47512000343049,46.043095208017974,47.37584375683094,6672100
2007-10-12,46.9867057800293,47.468245522084864,45.9993045700573,46.865104572673644,2708600
2007-10-15,47.910892486572266,48.37784084112432,47.28829468050286,47.667689986640426,3582000
2007-10-16,47.99357986450195,48.78155729068648,47.487718225454856,47.716329166377406,4454500
2007-10-17,47.20072937011719,48.217313774472096,46.71918958442142,48.11516919635328,3613200
2007-10-18,46.884578704833984,47.42448856382326,46.67055931252091,46.84080403512034,3812200
2007-10-19,44.16071319580078,45.59560655240533,44.02938175932594,45.44482218035543,9174400
2007-10-22,44.112064361572266,44.26771379098858,43.19762071664816,43.440823182047104,4148400
2007-10-23,44.389339447021484,44.98761576293274,43.63540990507726,44.59849383078182,4174400
2007-10-24,45.21133804321289,45.60532857116618,43.97587275158102,44.428225786792744,3482800
2007-10-25,45.5712776184082,45.92635112778013,44.35040024417084,45.6247824558711,4679500
2007-10-26,43.800758361816406,45.867978980684406,42.55555941851796,45.80474397496593,7760500
2007-10-29,42.79878234863281,44.05370835735192,42.51180513002932,43.80564072516878,4971300
2007-10-30,41.95242691040039,42.599346384116565,41.752999099761084,42.50692825616418,4790800
2007-10-31,42.18104934692383,42.79878216885122,41.217965650772406,42.19077581574398,4966500
2007-11-01,41.09471893310547,42.575610140740785,40.96806276154201,41.51365543273797,4673900
2007-11-02,41.50393295288086,42.01542658928264,40.476077002184425,41.38702150213543,3927800
2007-11-05,41.00704574584961,41.197028197194214,40.578368061170224,41.026531601955085,3218800
2007-11-06,42.38562774658203,42.42459573152868,41.294442404063616,41.36751341522585,3381700
2007-11-07,41.5088005065918,42.57562805530663,41.40650253455097,42.015421689470834,4206800
2007-11-08,42.161537170410156,42.37587405044846,41.279820263174834,41.71337013059501,4404900
2007-11-09,41.528289794921875,42.11285074529869,41.14345241124712,41.513676328644635,3719200
2007-11-12,39.784324645996094,42.12744711738383,39.7404842688213,42.12744711738383,5102200
2007-11-13,40.242210388183594,40.519877104935105,38.89771715712913,39.725848634779304,5983600
2007-11-14,39.69178009033203,41.11421406690215,39.5358969657291,40.56862127251846,5013000
2007-11-15,38.34242248535156,40.04252379550421,37.95758511755467,39.61871842475842,6179800
2007-11-16,39.2387580871582,39.341056075512746,38.43985632582428,38.6882927047361,4880400
2007-11-19,38.16217041015625,39.20951185064854,38.001418616094355,39.06824219434523,3874400
2007-11-20,39.72587585449219,40.12532655784328,38.3667682412918,38.3667682412918,5844200
2007-11-21,39.10233688354492,40.02302573693441,39.10233688354492,39.321549931131464,2829100
2007-11-23,40.09607696533203,40.30067647104981,39.009768096714744,39.28256248227877,1179700
2007-11-26,38.62495040893555,40.20326741446163,38.4739396864066,39.89637357677636,3487900
2007-11-27,38.10858154296875,38.31317739855274,37.21225100202857,38.12319500171818,4555700
2007-11-28,38.853904724121094,39.20951134005841,38.47393986148269,38.47393986148269,5436200
2007-11-29,39.30206298828125,39.516403637782176,38.66878582378097,39.21437851498962,3970000
2007-11-30,39.10233688354492,39.691773686032604,38.77108483264312,39.691773686032604,3474800
2007-12-03,39.41410827636719,39.501789038832875,38.75160414973069,39.433590412550856,2595200
2007-12-04,39.121829986572266,39.565124839497976,38.775964411702894,38.99517749991944,2422800
2007-12-05,39.70638656616211,39.974308665016636,39.30206350530145,39.41897489904622,4220300
2007-12-06,40.880374908447266,40.98754522039787,39.40922860620041,39.73073582550651,3425300
2007-12-07,40.651432037353516,41.03626930160081,40.441963747106165,41.03626930160081,2821400
2007-12-10,41.20676803588867,41.387009412069204,40.56862206282432,41.05575730126658,2546200
2007-12-11,40.67090606689453,41.913101985471044,40.50528192657534,41.33828245260893,2841300
2007-12-12,41.401611328125,42.37588153329638,40.75859314137372,41.66953712116548,3674100
2007-12-13,41.416236877441406,41.45520858899651,40.93884641880572,41.153187115811846,3484900
2007-12-14,40.3104362487793,41.328546993658115,40.154553139439834,41.01678077497919,2559300
2007-12-17,39.06336975097656,40.217877703989174,38.90261425587095,40.217877703989174,3225500
2007-12-18,39.628440856933594,39.76971048625126,38.663915410621215,39.30206122189587,3298200
2007-12-19,38.849037170410156,39.4482151783505,38.54701196981176,39.29233204306842,3457900
2007-12-20,39.306941986083984,39.306941986083984,38.55675330330255,39.09260130056164,2799700
2007-12-21,39.96457290649414,40.04251260716243,39.34104043496108,39.67229252503135,3440800
2007-12-24,39.93047332763672,40.05225712882309,39.81356191913086,40.00841302779173,1367900
2007-12-26,40.46632385253906,40.61733458620508,39.81843309754148,40.02303272096754,2737100
2007-12-27,40.066864013671875,40.636811217700775,39.98405193442926,40.55887153033892,2820300
2007-12-28,40.23735427856445,40.59296449938887,40.096084668458616,40.28606704012446,1493800
2007-12-31,39.50666046142578,40.19352281625181,39.50666046142578,40.183778031852775,1949500
2008-01-02,39.5310173034668,39.78919833268735,38.936711838783765,39.380002883009624,4242100
2008-01-03,39.62357711791992,40.00841438874536,39.457952926614865,39.73074746125698,4060300
2008-01-04,38.78084182739258,39.3605340281283,38.585986962590475,39.32156231185839,3885200
2008-01-07,38.18165588378906,39.209511459728304,37.962446528996836,39.0633731287157,5847600
2008-01-08,37.9234733581543,38.810059245005135,37.76759024782491,38.53726473106534,4437400
2008-01-09,38.464195251464844,38.60059251390054,37.78220522273973,37.84553517783248,4629400
2008-01-10,38.41061019897461,38.8149333113909,37.757850807740596,38.103716357557424,5440100
2008-01-11,38.63468933105469,39.37026448196038,38.43983823534541,38.47880622455942,4659500
2008-01-14,38.72236251831055,39.21924233048702,38.386241874650935,39.21924233048702,3838500
2008-01-15,37.319419860839844,38.33266174866143,37.09533816351223,37.76758325549507,5237000
2008-01-16,36.27207946777344,37.07585313423199,35.6193202110972,37.07585313423199,5606800
2008-01-17,34.917850494384766,37.39736682232481,34.77658084359645,36.4523270829651,7284700
2008-01-18,34.95682144165039,35.229615952251976,33.724370034979906,34.89836388228728,9076500
2008-01-22,34.06050109863281,34.58660814263302,32.89137557303711,33.5879792378112,6539600
2008-01-23,34.591468811035156,34.6401815838087,32.301931325215364,33.130063328550904,7263600
2008-01-24,35.15654373168945,35.75084922367462,34.60608233686608,34.72299373505365,5297600
2008-01-25,35.15654373168945,36.4133533409814,34.85939098569687,35.789820928585925,4561100
2008-01-28,35.960323333740234,36.281834376669295,34.88375489736189,35.28320564622873,2996000
2008-01-29,35.77519989013672,36.40847323634085,35.302678288683644,36.033380876527644,4247700
2008-01-30,32.769588470458984,33.90461455860058,32.53089322520232,33.90461455860058,12918600
2008-01-31,31.666521072387695,32.21317014879319,31.33462765523832,32.174122988248044,11388800
2008-02-01,31.344388961791992,31.793420103234293,30.978330237492784,31.764136596887766,10024000
2008-02-04,32.00328826904297,32.42791765478813,31.18819854724525,31.54449355734644,9380700
2008-02-05,31.510347366333008,32.14973274561133,30.992985338113602,31.00762709759249,6170900
2008-02-06,31.20285415649414,32.24245987110186,31.090596341099143,31.12476168222495,5838300
2008-02-07,31.29558563232422,31.671404329259182,30.67084406847461,30.968572164533448,4613100
2008-02-08,31.188215255737305,31.676293730087675,30.99298312124851,31.188215255737305,3964800
2008-02-11,31.515233993530273,31.72510793342423,30.57812400673386,31.110129737323085,8702600
2008-02-12,31.612836837768555,32.01306098325294,31.09547491704898,31.17844921455599,7042800
2008-02-13,32.906253814697266,32.955060923268604,31.74951007420741,31.905695055881907,7135800
2008-02-14,32.671958923339844,33.433359794209224,32.60362826691523,33.01849403056223,4146400
2008-02-15,32.64755630493164,32.89647727383804,32.14971809086066,32.7305287199865,3941200
2008-02-19,34.00442886352539,34.13133031864491,33.16981505912081,33.43337790110281,5035100
2008-02-20,34.28261184692383,34.419273147609864,33.62858884400032,33.838462619694205,4056200
2008-02-21,33.394317626953125,34.38023791469994,33.257656293699206,34.38023791469994,4322700
2008-02-22,33.667659759521484,33.71646686939881,32.608526484090135,33.46754576815751,2670600
2008-02-25,34.336307525634766,34.531539589617736,33.5505011678162,33.6920443211103,2900900
2008-02-26,34.70724105834961,35.09282328273695,34.09226148443831,34.22404468357559,3070400
2008-02-27,34.16061019897461,34.90249153969677,34.145968441048,34.726782997091156,3337600
2008-02-28,34.3460807800293,34.53154924461191,33.91656937442733,33.98978188435885,4052900
2008-02-29,32.8427848815918,34.06786229414881,32.69148182033172,34.038575067903224,3445900
2008-03-03,32.872074127197266,33.37479420130357,32.23757454505751,33.02825904074235,3264800
2008-03-04,32.603641510009766,32.99410203050064,32.0033033861552,32.506023587079795,4274800
2008-03-05,34.170387268066406,34.170387268066406,32.71591125521877,33.067328478389726,5360100
2008-03-06,34.04347229003906,34.785349904364274,33.965377949718984,34.424172889741676,5802300
2008-03-07,33.125892639160156,33.89705392067824,32.7354283083647,33.67742006194569,3937800
2008-03-10,32.54019546508789,33.189340818921174,32.388892308834926,33.189340818921174,3840100
2008-03-11,33.1893196105957,33.53585470673972,32.69635955608486,33.20884318662737,6490100
2008-03-12,32.325435638427734,33.325994172715326,32.257101233269836,33.325994172715326,4904400
2008-03-13,33.41872787475586,33.560271054347744,31.593315743410805,32.01794155844386,5960100
2008-03-14,33.106361389160156,33.64812875399108,32.164369853563805,33.64812875399108,3778600
2008-03-17,32.45233917236328,32.945299511404336,31.725103233204173,32.25710702310255,4486700
2008-03-18,34.126441955566406,34.175249052421485,32.876962402110934,33.00386383292838,4617800
2008-03-19,32.22294235229492,34.45834287455441,32.08628096206834,34.16549650639121,6967000
2008-03-20,31.998411178588867,32.77933941371864,31.334624412973643,32.139954328112594,8207600
2008-03-24,32.05699157714844,32.91601066050337,31.88616487062008,32.135082189957295,7086100
2008-03-25,32.73052978515625,32.998974341119094,31.876392755491487,32.076506646980505,5245100
2008-03-26,34.01418685913086,34.219178905314386,32.38888479922672,32.623160359509924,5506900
2008-03-27,33.731101989746094,34.39000715273866,33.51634628006971,34.19477502791859,4358400
2008-03-28,32.872074127197266,33.78478192669821,32.632916792899934,33.63835694111254,4147300
2008-03-31,33.43337631225586,33.95562014365815,32.73054210037115,32.73054210037115,5314200
2008-04-01,34.404632568359375,34.47296322102811,32.935519812240294,33.438239781335106,4080300
2008-04-02,35.16605758666992,35.49306928957254,33.97514484924133,34.65357366966343,4525500
2008-04-03,34.85368728637695,35.366167474395695,34.81464011288693,34.868329045499856,3873100
2008-04-04,35.21974563598633,35.93233978474329,34.75118700855661,34.77559242256102,5322000
2008-04-07,35.766380310058594,36.53266315813669,35.64436072454462,35.87863996717804,4975500
2008-04-08,35.546749114990234,36.20077235322244,35.2880681708016,35.43448944975653,3816600
2008-04-09,35.10748291015625,35.51258891565496,34.56083370790221,35.51258891565496,4858100
2008-04-10,35.5125732421875,35.62482915037629,34.804857570761065,35.141632742810245,3927400
2008-04-11,35.04889678955078,35.693159909437156,34.87807015241072,35.45400261744107,3070600
2008-04-14,35.66389846801758,35.96162667280567,34.93178066419315,35.23926880125167,2789300
2008-04-15,36.67908477783203,36.752297267157424,35.89816024709227,36.04458150200116,5391800
2008-04-16,37.528350830078125,37.562516171815865,36.566835710646586,36.99146529259528,4743000
2008-04-17,37.767486572265625,37.84069904080446,36.947515116860515,37.38678620435269,3284500
2008-04-18,39.436729431152344,39.578268865931136,37.74309707845331,37.7772624116313,4988600
2008-04-21,39.9345817565918,40.027317860950035,38.78271622651098,39.57340471796273,5048700
2008-04-22,39.59291458129883,40.12491816165929,39.1487615235737,39.92968608929376,4201300
2008-04-23,40.84239959716797,40.99858453215027,39.2659047677826,39.52946754376696,5577800
2008-04-24,39.26591110229492,40.64717405484688,38.577722401544705,40.64717405484688,3727900
2008-04-25,39.96385955810547,40.046835719278135,39.11948597956816,39.44161579936639,3016900
2008-04-28,39.871131896972656,40.66181664491551,39.83696655260159,40.15421458301442,2503000
2008-04-29,38.79248046875,39.304960654884155,38.709504294452984,39.01211430227272,2574100
2008-04-30,39.475791931152344,39.70030761814312,38.69974882114579,38.88521733029195,3212100
2008-05-01,37.593650817871094,39.114018498872724,37.0412319863494,39.114018498872724,6414600
2008-05-02,37.72565460205078,38.102082176421966,37.45189180595419,37.71587895779235,5760600
2008-05-05,38.12163543701172,38.57138964693037,37.710987532062106,37.86253425437991,4201300
2008-05-06,38.96246337890625,39.255784793341554,38.15584067841932,38.15584067841932,4052000
2008-05-07,38.542057037353516,39.43179358424282,38.32695929599879,39.13358608285953,2985800
2008-05-08,39.7446403503418,39.76419162603812,38.50781143246975,38.8549081167222,3827300
2008-05-09,39.4268913269043,39.8277597490277,38.59582009975478,39.65176837056014,3474300
2008-05-12,39.43666458129883,39.60288030856405,38.71803378433811,39.16290188902311,2487800
2008-05-13,39.700660705566406,39.81798706767687,38.55672028307937,39.47578362413061,3969300
2008-05-14,39.08957290649414,39.94019539438472,39.01135659012138,39.744652738584286,3482300
2008-05-15,40.31664276123047,40.34108374041419,38.91360076116984,39.38291008052118,5351800
2008-05-16,41.72455978393555,41.72455978393555,40.57572963070065,40.57572963070065,4534000
2008-05-19,41.86631774902344,42.38451245847645,41.38234337453927,41.81743208903034,4172000
2008-05-20,42.545841217041016,42.70716726210957,41.807655395754566,42.52140025034812,4323700
2008-05-21,42.38451385498047,43.72400410729344,42.340517878458115,42.96626329835535,5486300
2008-05-22,41.94944763183594,42.61430342960299,41.524138044995674,42.40898130287052,4133600
2008-05-23,41.78322219848633,42.75606087555253,41.25524798721652,42.154760020832235,3924200
2008-05-27,42.76582336425781,42.97603502854745,41.289452030018126,41.61210405277088,4701100
2008-05-28,43.67023468017578,43.72401003415037,42.091201861148015,42.531180334695804,4726900
2008-05-29,42.892921447753906,43.733768029084,42.58982818918323,43.36223038692365,5073100
2008-05-30,43.323158264160156,43.8315776148919,42.985840682968224,43.46492936741853,3976700
2008-06-02,43.06403732299805,43.95377357679073,42.70227892875229,43.02493102910399,4811400
2008-06-03,41.68544006347656,42.9027143548959,41.56811372409127,42.64361697929055,5117500
2008-06-04,41.939666748046875,43.068942033771805,41.43613713977539,41.5534635218633,4932200
2008-06-05,43.23515701293945,43.244932657204956,41.92011093979576,42.11565739275123,3699900
2008-06-06,42.63873291015625,44.393753465732935,42.61917789606016,43.508910523875755,3887500
2008-06-09,43.78268814086914,44.1933361169667,42.69252277512718,42.71207779586886,3421600
2008-06-10,42.49205780029297,43.57733647233672,41.89564312612577,43.508895811012906,4258700
2008-06-11,42.61918640136719,43.21071170930599,41.797894294117796,42.67296176842874,3159500
2008-06-12,42.18408203125,42.65339110182196,41.55344691868042,42.65339110182196,3321100
2008-06-13,41.84678268432617,42.70718488329411,41.67568092793047,42.16943490759111,3712700
2008-06-16,41.939666748046875,42.677852850232625,41.783230328683516,42.213429549498144,2959400
2008-06-17,42.37474060058594,42.5018463117024,41.563224399267845,42.05208850230657,3103800
2008-06-18,42.267208099365234,42.614301314395746,41.55346664919477,42.03744127525267,3023900
2008-06-19,42.17919921875,42.971160502358664,41.69522474363571,42.672953065738355,4412200
2008-06-20,41.27479934692383,43.02004417151038,41.03525696347711,42.1596422437537,5861500
2008-06-23,43.78268814086914,43.81202253685108,41.09393432957927,41.23081574503218,5148700
2008-06-24,43.054264068603516,43.80222559576087,42.81472168762375,43.523573188981906,4690800
2008-06-25,42.731624603271484,43.35248054109652,41.82233682711902,43.26448482954183,3898200
2008-06-26,42.41384506225586,43.16669612978289,41.572998318531205,42.65827708172295,4218200
2008-06-27,42.897830963134766,43.440470490791036,42.2525304072378,42.53118283524473,4576500
2008-06-30,42.697391510009766,43.95866186604359,42.45784912959224,43.03959864034356,4649400
2008-07-01,43.29869079589844,43.31824580638663,41.97875929070911,42.55561904603163,4911200
2008-07-02,41.455692291259766,44.23244154116145,41.445912917040346,43.26937831616334,4833200
2008-07-03,41.49967956542969,42.20364517176097,40.08686239642259,41.416573550720486,4188700
2008-07-07,40.67839813232422,41.86144884833153,40.155313478239094,40.869054911774214,4536700
2008-07-08,39.813087463378906,40.51216316961533,38.630033686084296,40.09173980895642,7528500
2008-07-09,39.11891174316406,40.605059362541105,39.02603008114778,40.605059362541105,4547500
2008-07-10,39.901084899902344,39.901084899902344,38.31716270058212,39.412220852399315,4921000
2008-07-11,39.77399826049805,41.0401549599223,39.114032226100846,39.77888794764219,4428200
2008-07-14,40.336185455322266,40.839714975438845,39.66644017075429,40.135749346680555,3007600
2008-07-15,38.99668884277344,40.605052229941904,38.83536651929834,40.56105624983157,4502200
2008-07-16,38.92824935913086,39.36333813678647,37.77452971306465,38.771812986600054,5696100
2008-07-17,38.493167877197266,40.31174338363365,38.00919334072243,39.39267998703955,6091300
2008-07-18,40.01841735839844,40.20418438220667,39.04557879914023,39.143350131726194,5444800
2008-07-21,41.24057388305664,41.43612026003616,39.94508333152135,40.04285838487957,4955400
2008-07-22,42.28676223754883,43.71913479547847,41.641461506350346,42.83429159997792,10346800
2008-07-23,40.776161193847656,43.01515620205216,40.101526269027225,42.27697400915847,8014300
2008-07-24,40.80549621582031,41.75389397697729,39.96953886407658,41.03037330490886,9263700
2008-07-25,40.59040069580078,41.28947676752867,39.729998516042194,40.277527854022836,5582500
2008-07-28,40.55617141723633,41.749001195011346,40.52684076031978,40.844603219287116,4020500
2008-07-29,39.725093841552734,40.87392361583038,39.348666433507304,40.585491886183135,5735500
2008-07-30,42.100982666015625,42.120537679921014,39.50022549239962,39.86687361121619,5505700
2008-07-31,40.60243606567383,42.174427102235995,40.480006822300666,41.82183028352224,4212800
2008-08-01,41.06279754638672,41.91490465803044,40.18130859041806,40.18130859041806,4954700
2008-08-04,38.86396789550781,41.150946946844876,38.633800150903824,40.32332345741694,4981400
2008-08-05,38.9324951171875,39.2508118622497,38.222407078101014,38.65825483774614,4836600
2008-08-06,39.69157409667969,39.83358877367766,38.49666312749306,39.15288227532826,4496500
2008-08-07,39.417335510253906,40.59755572955479,39.13330238008121,40.06866026855077,4983700
2008-08-08,37.80615997314453,39.23613679566382,37.60047968051162,39.23613679566382,5700900
2008-08-11,37.57600784301758,38.14897615331588,36.72879532034656,38.04613597476846,5735900
2008-08-12,37.042213439941406,37.80617117391152,36.8022530274437,37.73761105605504,4736900
2008-08-13,38.47708511352539,38.60930713027457,36.9050931513601,37.06180252569989,4750400
2008-08-14,38.56523895263672,38.72194834559757,37.47806590436292,37.713131861927515,4345200
2008-08-15,38.08041763305664,38.49667658358091,37.27238335483516,38.49667658358091,4815900
2008-08-18,37.52703094482422,38.60930560231599,37.429088990830216,38.27630146423795,3647200
2008-08-19,38.51137161254883,38.942321529988206,37.291976472793735,37.50255508005036,3935100
2008-08-20,39.43691635131836,39.58872745243212,38.29098016308252,39.177366893448436,4176500
2008-08-21,39.73074722290039,40.14700974946271,39.319386649761846,40.11762418263496,4846900
2008-08-22,39.407535552978516,40.09803471969747,38.95699671861275,39.29000449537113,3503700
2008-08-25,39.05493927001953,39.61811469012775,38.687651439893955,39.113706667887826,3000800
2008-08-26,39.88745880126953,40.00009538527913,39.11860305551547,39.39774167056643,3378900
2008-08-27,40.112728118896484,40.5289868927887,39.70136382574494,40.34779022677322,2776100
2008-08-28,39.73564910888672,40.58775590066689,38.97169155323866,40.20577712284286,2965400
2008-08-29,39.18225860595703,40.06864518917719,39.118593004127355,40.06864518917719,2209700
2008-09-02,37.409523010253906,38.359576244336935,37.30178455241995,37.82088769141552,5483800
2008-09-03,36.32231903076172,37.72780855420844,35.73955818036522,37.21850228511532,7505800
2008-09-04,35.75425720214844,36.547596750037634,34.92173564160611,36.337018184657374,5818500
2008-09-05,35.499603271484375,36.04808794989967,34.642598063098966,35.59265074685072,5112600
2008-09-08,34.17245101928711,36.5475776773531,33.8443415321587,35.87176957511553,6995200
2008-09-09,31.307619094848633,34.02555090605205,31.19008615107115,33.76110318364478,9148000
2008-09-10,31.689598083496094,32.047093266746366,30.85218215895952,31.77774732482866,9599800
2008-09-11,31.782642364501953,31.949144394676935,30.48489122764244,31.670005781078448,9868600
2008-09-12,31.973642349243164,32.409490438945,31.532896040486694,31.846314807547646,9219200
2008-09-15,29.838459014892578,31.381068418405132,29.529936760565622,30.955013254008115,9341700
2008-09-16,31.008878707885742,31.038262398909982,27.80612924300181,28.785563193012408,10038500
2008-09-17,31.704280853271484,31.86099016022909,29.862945562458467,30.85217423020479,9336900
2008-09-18,31.772844314575195,32.61026011280342,30.484889678044947,32.27235785219939,8977900
2008-09-19,32.943260192871094,33.55051194908333,31.28312176784846,33.54071551701055,8965500
2008-09-22,32.75227737426758,33.86393725204387,32.693513715130585,33.28117272396965,4887700
2008-09-23,31.606334686279297,33.01671825919298,31.518185479456935,32.698401471432,5687700
2008-09-24,30.91093635559082,31.954034083220716,30.695461549239415,31.826706617736907,5421200
2008-09-25,31.557371139526367,31.73856407544401,30.53875867418434,31.04316668970367,6477400
2008-09-26,31.048049926757812,31.390850237081626,30.249810915314683,30.979487996571468,4754800
2008-09-29,28.432981491088867,30.088224292901376,27.683712899848953,29.720936390491396,7493800
2008-09-30,29.64747428894043,29.99517298870499,28.663141851652274,28.927589539412303,4840600
2008-10-01,27.62494468688965,29.216525443408834,27.145022098329356,29.133274423612878,6770500
2008-10-02,25.03923988342285,27.21848170343017,24.853146832342752,27.21848170343017,8117000
2008-10-03,24.15774154663086,26.239038886225668,24.147946982034576,25.230221150274552,8028600
2008-10-06,22.071548461914062,23.589670649992996,20.279184038800224,23.526008775172528,11918100
2008-10-07,20.02942657470703,22.776737447832602,19.941277362935928,22.433937033302918,11693900
2008-10-08,20.28407859802246,21.34186918206677,18.95694588773601,19.554401265437576,12315400
2008-10-09,18.31542205810547,20.994173583781645,18.31542205810547,20.80318419521512,9622000
2008-10-10,16.06271743774414,18.58965711627114,15.646458729515452,17.086226055937328,13883300
2008-10-13,20.3967227935791,20.499562960589248,17.252737295445982,17.31150283829136,10493200
2008-10-14,19.73560333251953,22.321311490397477,19.0255129992446,21.209653191459772,10656400
2008-10-15,16.968704223632812,19.02061892097997,16.753227428333894,19.02061892097997,8002800
2008-10-16,18.246854782104492,18.28113669112267,16.214530332475224,17.512279274693935,11988400
2008-10-17,17.159685134887695,18.545583354757056,16.067616385004698,17.74734594298263,13499800
2008-10-20,19.001022338867188,19.147937089308364,17.683684065602527,17.71306589481732,8252600
2008-10-21,19.074474334716797,19.67682591983984,18.153806005561727,18.496608221875807,8060300
2008-10-22,14.862915992736816,17.88447090728393,14.451553503613997,17.850190855533924,14967000
2008-10-23,15.45546817779541,15.675840266208581,13.956934427153877,15.342833492557942,12160500
2008-10-24,15.39180850982666,15.57790059571987,13.51129478241811,14.08426382333261,9545900
2008-10-27,14.573981285095215,15.670947497857918,14.544598520073883,15.117567575326765,7379700
2008-10-28,15.235098838806152,15.288967083084891,13.927554182300325,14.985343012949846,8523800
2008-10-29,16.145973205566406,17.26742393234435,15.43588304482446,15.514237705229762,10259400
2008-10-30,16.588733673095703,17.070849652259216,16.04758170546766,16.682204506507006,8583200
2008-10-31,17.1938419342041,17.749752072302222,15.904919287015538,16.23944723888611,6289700
2008-11-03,16.34275245666504,17.129880031401754,15.98362538340015,17.02656988909134,4542100
2008-11-04,18.27121353149414,18.359765606498147,16.97245226698198,17.090522325873955,6102100
2008-11-05,16.98229217529297,17.90224778965075,16.628083863172332,17.853053024816212,6316600
2008-11-06,16.431306838989258,17.110203763299396,15.53102779023911,16.7510766398616,7978400
2008-11-07,16.839632034301758,17.18891989544993,16.200090430745476,16.57889628959408,5678100
2008-11-10,16.426389694213867,17.823543036256105,15.978710377397208,17.3315876605604,4053700
2008-11-11,15.432636260986328,16.706799466789644,15.009554455161734,15.614659173959593,4121900
2008-11-12,14.56187629699707,15.349004923005333,14.497921585916844,15.103027286023389,6769600
2008-11-13,16.101696014404297,16.18532938747924,14.005966418739863,14.645508842767166,8900600
2008-11-14,15.221101760864258,16.229610988089153,15.034158165932764,15.103032566432521,4897300
2008-11-17,15.181744575500488,15.91967770618267,14.8767318019531,14.8767318019531,4226500
2008-11-18,15.767171859741211,15.850805262436895,14.980043887281866,15.152227544800748,5963600
2008-11-19,15.196501731872559,16.16073384809716,15.171904337648021,15.585146941267261,7299400
2008-11-20,13.272953987121582,14.916084791215123,13.218839541296061,14.773418239800206,10228800
2008-11-21,14.4241304397583,14.709464499842307,13.25819680771845,13.764910208127953,10333100
2008-11-24,15.71796989440918,16.02298161000308,14.660265404589651,14.67994406408868,6729800
2008-11-25,15.511353492736816,16.1804121724874,14.906247661287471,15.717974790183572,4913300
2008-11-26,17.174165725708008,17.23812046355071,15.265378876843174,15.46216088110801,4611500
2008-11-28,17.134801864624023,17.582481056772156,16.70679945576195,17.031489838235757,2295700
2008-12-01,14.119121551513672,16.141058717079297,14.119121551513672,15.944275789743347,5527000
2008-12-02,14.473329544067383,14.778342339463462,13.932178355137246,14.424133810831812,5618500
2008-12-03,13.981369018554688,14.281462037976697,13.405781306574077,13.823943479949772,7028200
2008-12-04,12.800677299499512,13.858381020739895,12.505503927952589,13.43529915691163,6946100
2008-12-05,13.366421699523926,13.391019082127132,12.003705684714335,12.618649633094476,5560500
2008-12-08,14.43887996673584,14.753730878007115,13.3664178773059,14.143706768254155,6494300
2008-12-09,14.360173225402832,15.152220496550386,14.138792999669903,14.22242542513233,4350200
2008-12-10,15.196501731872559,15.491675154219223,14.601236158998677,14.601236158998677,5266400
2008-12-11,14.798012733459473,15.806521480650849,14.438885654043515,15.304726939413975,5315300
2008-12-12,14.989883422851562,15.019401427810925,13.887903239295763,14.15847932143946,4527100
2008-12-15,15.289969444274902,15.84587847524627,14.935761994850417,15.289969444274902,4925800
2008-12-16,15.50643253326416,15.550708588905646,14.58647563511704,15.437558147638324,5438000
2008-12-17,15.265371322631836,15.845877713361451,14.901324560311169,15.467072894480717,3644000
2008-12-18,13.897736549377441,15.23585456252747,13.819023780270394,15.23585456252747,5687600
2008-12-19,14.753742218017578,15.147307097937949,13.602566515953999,13.720635698430975,7332200
2008-12-22,14.665192604064941,15.004642148182628,14.458571264819039,14.798020808936725,5561500
2008-12-23,14.394613265991211,14.984959107096557,14.065003152833516,14.945602717689535,3494500
2008-12-24,14.414291381835938,14.483165768910943,14.020727477108887,14.173233372899322,1390600
2008-12-26,14.571721076965332,14.640594540810758,14.222432213898022,14.227351881077064,1432300
2008-12-29,15.339170455932617,15.531032773346835,14.60615697790875,14.921008152810138,2883000
2008-12-30,15.71796989440918,15.71796989440918,15.05383014959905,15.339164144024052,3596700
2008-12-31,15.777007102966309,16.013145433472914,15.26537405353533,15.742570380392051,3330900
2009-01-02,16.88882064819336,17.105280231519608,15.742564285368232,15.83111635960622,3435300
2009-01-05,17.597238540649414,17.897331526753035,16.578891379823837,16.839627047315723,7518700
2009-01-06,18.73365020751953,19.161650598463666,17.882566274004635,17.882566274004635,7772500
2009-01-07,17.67103385925293,18.32533532327012,17.425056203907022,18.300737933067648,4612300
2009-01-08,18.26137351989746,18.29581022814763,17.179071881101134,17.454567423762334,4424700
2009-01-09,16.91834831237793,18.345019925987064,16.726485979351164,18.310583193221294,4291900
2009-01-12,16.01314353942871,16.854386594229627,15.781925840444499,16.706800389702163,3761800
2009-01-13,16.672365188598633,16.765837898746213,15.747488678505022,16.00330566541009,4760000
2009-01-14,15.594979286193848,16.43130345169826,15.344082036542524,16.01314043061603,4526500
2009-01-15,15.968868255615234,16.091857078058347,15.063671385697754,15.555626675470206,4441500
2009-01-16,15.683531761169434,16.38210820043191,15.294887631237618,16.38210820043191,4581900
2009-01-20,14.355256080627441,15.683534853213073,14.242106584647349,15.004636939002234,5169800
2009-01-21,15.614659309387207,15.708131068344526,14.483162625155009,14.493001016889863,6195300
2009-01-22,15.053836822509766,15.63926406548624,14.738984699271795,15.339170943414757,4046300
2009-01-23,15.836045265197754,16.057425593104007,14.389696917312078,14.601237911015708,7278300
2009-01-26,15.99345874786377,17.09052022242841,15.727803493877701,16.150886099230735,5648500
2009-01-27,16.121379852294922,16.475588366513026,15.44740049255366,16.01314905591471,5196000
2009-01-28,17.46933937072754,17.83338727461621,16.4805096193005,16.898671053006275,7602200
2009-01-29,17.034578323364258,17.543441290645035,16.836962533609288,17.148207826513275,5226100
2009-01-30,16.46148681640625,17.558261160995663,16.333036666904256,17.52367835595199,5049800
2009-02-02,16.179882049560547,16.57017583985909,15.908159216492214,16.155180316485506,4531400
2009-02-03,16.441720962524414,16.659100698996387,15.972382461587793,16.283627636701766,4279400
2009-02-04,16.985179901123047,17.424877378593113,16.594885914636574,16.594885914636574,4130300
2009-02-05,17.59284019470215,17.69658858759286,16.397257284301695,16.841895946149204,4650800
2009-02-06,18.00289535522461,18.23015617764369,17.24207187283094,17.25195105741237,3876800
2009-02-09,17.750934600830078,18.551282356161398,17.47921179524575,18.04735913699094,4585300
2009-02-10,17.059280395507812,18.160994522867483,16.836962863258464,17.780583601870138,6537800
2009-02-11,16.93082618713379,17.53355826591718,16.35773731840613,17.286537169316958,3820400
2009-02-12,16.417016983032227,16.797429585084224,15.942737070585911,16.65909841510926,6444300
2009-02-13,16.43184471130371,16.846840284405094,16.14035970299891,16.461487925318686,5644300
2009-02-17,15.137454986572266,15.997089373289972,15.043587632897008,15.92792375641118,6015900
2009-02-18,15.414121627807617,15.616678915014473,14.855853247116727,15.49810886462346,5404600
2009-02-19,15.582096099853516,16.071196968722294,15.498108863046221,15.794533517838088,5739400
2009-02-20,14.895374298095703,15.562331553120165,14.391450954982922,15.196740385267026,7315000
2009-02-23,13.986335754394531,15.241203514592575,13.931991747973841,14.757042338490837,6392500
2009-02-24,14.999123573303223,15.088051332403571,14.030800237034883,14.124668531897571,6616800
2009-02-25,14.391448974609375,15.078168278306318,14.193832281654064,14.920074923942071,9317400
2009-02-26,14.608824729919434,15.11768843158307,14.579182467799477,14.579182467799477,8808100
2009-02-27,14.480377197265625,14.99912209339818,14.00609711860692,14.174071548709566,7648500
2009-03-02,13.24032974243164,14.376627295673204,13.156342536071659,14.080201806031463,7141600
2009-03-03,13.36878776550293,13.917175159155525,13.210694340168056,13.526881190837804,6279100
2009-03-04,14.119726181030273,14.519900103228245,13.8331817398263,14.011037235163498,6713100
2009-03-05,13.353958129882812,13.996212474669534,13.215626004436366,13.714608632073656,6283900
2009-03-06,13.13164234161377,13.645446709441313,12.691945061603834,13.521936152826319,8261100
2009-03-09,13.423127174377441,14.015978216153492,12.83027613260139,12.909322812530098,5811800
2009-03-10,14.45567512512207,14.653291819941467,13.645446205207183,13.684969544171063,5729600
2009-03-11,14.183956146240234,14.62365450114303,13.88259093800042,14.386514387092046,4304900
2009-03-12,14.732340812683105,14.816328038966653,13.87270734841608,14.174073444311906,5274000
2009-03-13,14.490251541137695,14.77185532490378,14.188885625446114,14.544596461622488,4711100
2009-03-16,14.87562370300293,15.424010374606524,14.095036395151986,14.55449524370864,4935900
2009-03-17,15.211560249328613,15.344950931197626,14.505079731240354,14.93983646574273,4876800
2009-03-18,15.700655937194824,15.967438141431941,14.623644168943743,15.058400737530683,5412100
2009-03-19,16.43184471130371,16.95059059114668,16.00696995148566,16.303394553148795,7088200
2009-03-20,15.330131530761719,16.59487944127229,15.28072711673871,16.431844592303115,5856300
2009-03-23,16.945646286010742,16.945646286010742,15.61667350898477,15.809349656382517,5543700
2009-03-24,16.53559684753418,16.90118710439263,16.219410068211673,16.619583136269657,4541500
2009-03-25,16.170005798339844,16.78755873236423,15.54257179121643,16.466432337444743,5766700
2009-03-26,16.1947021484375,16.851779156152663,16.041550277933485,16.347855903562877,6877800
2009-03-27,15.468462944030762,15.932862933697185,15.251085027430165,15.843935175855654,4916600
2009-03-30,14.61871337890625,15.206624045970313,14.435917292700932,14.999126218907174,5102500
2009-03-31,14.104901313781738,14.929951643014576,14.035735722617114,14.929951643014576,6212900
2009-04-01,14.193830490112305,14.307459956430485,13.512052749892623,13.857881683336293,5385400
2009-04-02,14.78668212890625,15.364711498854598,14.692813853838222,14.949716005439853,5656800
2009-04-03,15.562331199645996,15.745127250576063,14.72739951588145,14.747161658602897,6272600
2009-04-06,15.004060745239258,15.340008620962841,14.722455923785422,15.226379150836749,5116700
2009-04-07,14.435914039611816,14.811386258367456,14.342046691656005,14.692816232809484,3296800
2009-04-08,14.697755813598633,14.771861956969756,13.9072880855816,14.455675242687239,4554600
2009-04-09,15.300485610961914,15.300485610961914,14.816324512247569,15.191796673182363,4256700
2009-04-13,15.191807746887207,15.340020128468886,14.529790683507864,14.94972702107108,3768100
2009-04-14,15.206621170043945,15.685841825155375,14.771863451605414,15.038646725507808,6073800
2009-04-15,15.468462944030762,15.616676187870258,15.117693390667869,15.122633926360267,3487800
2009-04-16,16.28857421875,16.476308924120076,15.399297568795463,15.596914288015078,5137400
2009-04-17,16.42196273803711,16.555352466916215,16.00202575821247,16.35773672754697,4194800
2009-04-20,15.359774589538574,16.100838010935504,15.29554856532342,15.918042894685014,3605500
2009-04-21,16.165071487426758,16.170011083279714,15.048534362397957,15.172044989570539,5037900
2009-04-22,16.560293197631836,17.138321612125463,15.774766098838606,15.982262898516959,5402400
2009-04-23,16.589937210083008,16.95058777317768,16.110715695262044,16.62945960424421,4537500
2009-04-24,17.518733978271484,17.627423853057202,16.920943436192463,16.980227965793212,5032600
2009-04-27,17.039520263671875,17.414991593619845,16.748035222606557,17.083984147380885,4222200
2009-04-28,16.76779556274414,17.098804895181498,16.515834810274285,16.84684225808977,3289600
2009-04-29,18.25486183166504,18.556227910941764,17.059278585884446,17.29147905049864,6930500
2009-04-30,17.64967918395996,18.393763428296133,17.38180840184596,18.383842077961827,6216300
2009-05-01,18.30942726135254,18.517771769640767,17.575264593310397,17.838173673187356,5041400
2009-05-04,19.03862762451172,19.098153807834084,18.433438768440716,18.478083879008302,5309100
2009-05-05,18.974138259887695,19.594208137661802,18.56737257145213,19.12295465209286,4858200
2009-05-06,19.524765014648438,19.84224056085353,19.152723004132433,19.693424135107833,4200200
2009-05-07,18.90966033935547,20.164683714240752,18.547539568674445,19.991062922399223,5107700
2009-05-08,19.445390701293945,19.48507418734299,18.87492568745289,19.16263900359617,5681100
2009-05-11,18.656661987304688,19.1725605577009,18.47312184117829,19.16759893920118,3218400
2009-05-12,18.701303482055664,18.993976471040106,18.24493117563634,18.993976471040106,4173700
2009-05-13,18.066354751586914,18.646741131577755,17.93242132543055,18.39871318457209,6022600
2009-05-14,17.833208084106445,18.1060384215876,17.689351434275384,17.753839224251873,4443700
2009-05-15,17.52069854736328,18.1258874997994,17.386763194333803,17.71912171310404,4385700
2009-05-18,18.453285217285156,18.488008988984674,17.808412738475138,17.833215162217133,3858000
2009-05-19,18.299501419067383,18.547529363250575,17.91257843167858,18.418555664888654,4559300
2009-05-20,18.458251953125,19.157691165104474,18.383844653648925,18.55746357806412,4454800
2009-05-21,17.590150833129883,18.001878350811037,17.29251789652726,17.996916729562024,4041900
2009-05-22,17.788562774658203,18.12588089818089,17.590139681185025,17.90761511689982,2688000
2009-05-26,18.294540405273438,18.38383061027961,17.282586010072084,17.580218765224053,4080500
2009-05-27,18.016752243041992,18.626900844301066,17.991949823602837,18.4185582502482,3211800
2009-05-28,18.621936798095703,18.84020068775998,17.862970071632553,18.29949974326398,4656600
2009-05-29,19.375946044921875,19.405708190781258,18.85012605786796,18.894771168960304,5520300
2009-06-01,20.303564071655273,20.546630354280268,19.817429614102583,19.9017581919064,5601600
2009-06-02,20.169626235961914,20.37300901289594,19.82734845789318,20.31348285416713,4878400
2009-06-03,19.316425323486328,19.84720523951459,18.934461870327898,19.75295525456796,4022500
2009-06-04,19.8769588470459,19.996013090181386,19.48011452376594,19.599166874598428,3534800
2009-06-05,19.41067123413086,20.293650282404883,19.117998127119307,20.14483386527942,4165800
2009-06-08,19.18248748779297,19.341227172512564,18.64674791146543,19.197370456790782,4280900
2009-06-09,19.66366958618164,19.976185555735224,19.37595794314687,19.802564731625708,3971700
2009-06-10,20.1646785736084,20.33333770114983,19.81247735071356,20.060505368138987,4694600
2009-06-11,20.998058319091797,21.330415040486436,20.258933802516957,20.278776503219227,5000400
2009-06-12,20.69546127319336,20.774830174174863,20.42262890203457,20.710342350782433,3882400
2009-06-15,20.010902404785156,20.39286581464301,19.743031666603738,20.39286581464301,3159900
2009-06-16,19.63886070251465,20.576406410978535,19.499965602684092,20.432549690551852,5287000
2009-06-17,18.924543380737305,19.51980926266281,18.765805559916625,19.47020440327038,5726400
2009-06-18,18.81044578552246,19.311463489747563,18.69139338512506,18.97414520144862,3684700
2009-06-19,18.696346282958984,19.12295466185382,18.413594569933913,19.10311197160218,5547300
2009-06-22,17.729042053222656,18.244938848687973,17.71415908664047,18.230057774409232,6602500
2009-06-23,18.05644416809082,18.29951061585863,17.699283143431515,17.942349591199324,4551700
2009-06-24,17.83816909790039,18.34910794413849,17.758800232315302,18.264777460033883,4863100
2009-06-25,18.135805130004883,18.279659908762163,17.679432699265615,17.947303350418892,5603300
2009-06-26,18.294540405273438,18.448316508770695,17.9473009293942,17.9473009293942,7746200
2009-06-29,18.24494171142578,18.67651185625962,18.17053443605369,18.62194538560451,3747800
2009-06-30,18.076276779174805,18.602096727912937,17.843131786951094,18.244935865200006,4426000
2009-07-01,18.081249237060547,18.537620042057974,18.011801670413483,18.339198693395545,4927700
2009-07-02,17.223060607910156,17.689352449786806,17.09904663899906,17.689352449786806,4038200
2009-07-06,17.148658752441406,17.178422798849528,16.662524014931538,16.766695338904267,4910300
2009-07-07,16.573226928710938,17.17345409129954,16.42441054269022,17.113927915351855,7065700
2009-07-08,17.118886947631836,17.16849366916325,16.434331221224745,16.59802867152107,10239300
2009-07-09,17.26274871826172,17.585185880725348,16.925430481079413,17.277631685283893,5615400
2009-07-10,17.12881851196289,17.247872822369903,16.707171535033513,16.970080692956248,4018600
2009-07-13,17.446292877197266,17.476056925703627,16.57819466495301,17.13873861184726,3708500
2009-07-14,17.887779235839844,17.93738407668502,17.550461019643173,17.62486828091094,4085000
2009-07-15,18.57233428955078,18.666586132153956,18.195332596047972,18.2102136691734,3665900
2009-07-16,18.879894256591797,18.95430152994065,18.28958633625098,18.458245471733544,3056600
2009-07-17,19.12295913696289,19.25689448905006,18.671548235766952,18.89477382257891,3945500
2009-07-20,19.55949592590332,19.594219708179047,18.94438541131119,19.395796473199855,3661400
2009-07-21,19.604135513305664,19.916651357683193,19.246974548302774,19.79263734397982,3928500
2009-07-22,19.346189498901367,19.6934291760604,19.048556571224488,19.30650409931565,3504700
2009-07-23,20.268856048583984,20.303579830195417,19.122965578494142,19.222177194085745,4691600
2009-07-24,20.56648063659668,20.586323330103813,19.807515586831148,19.822396660809794,4159200
2009-07-27,20.412710189819336,20.700421756758853,20.13491808009848,20.57144799757299,2929500
2009-07-28,19.8769588470459,20.229158065687923,19.38586458833164,20.149789201031933,3723400
2009-07-29,19.31145668029785,19.594208396919786,18.934453129933193,19.554523015911666,4442300
2009-07-30,19.923967361450195,20.162996894520294,19.500689616733155,19.76959641671994,2848400
2009-07-31,20.167972564697266,20.18291119575489,19.580362347879497,19.769593239640084,4725100
2009-08-03,21.04939842224121,21.288426136875884,20.5364849033141,20.596241357066916,5944800
2009-08-04,20.899999618530273,21.1191078115945,20.47671996650848,20.895018807538584,7097400
2009-08-05,19.261661529541016,19.918987980942294,19.221822641760223,19.85425073810987,13075100
2009-08-06,18.947940826416016,19.112273422810468,18.33543204822627,19.112273422810468,10045200
2009-08-07,18.60930824279785,19.28655392895792,18.484814606360253,19.15210057365066,6951400
2009-08-10,18.529640197753906,18.798547021655303,18.350368981819642,18.664093609704604,5797600
2009-08-11,18.300575256347656,18.52964322541549,18.13624264834905,18.52964322541549,6348000
2009-08-12,18.3304500579834,18.499761538130237,18.126280499537753,18.265712812732986,7637800
2009-08-13,18.87324333190918,18.89814168888706,18.35534914842865,18.514700912634524,7449200
2009-08-14,18.41012954711914,18.91806408716547,18.23583722182363,18.91806408716547,4848200
2009-08-17,17.66814613342285,17.976889985520874,17.533692705987466,17.922114351786302,3212200
2009-08-18,18.230859756469727,18.31551457005152,17.588471737223234,17.722925176109012,4145500
2009-08-19,18.474864959716797,18.674055646461657,17.75778190675701,18.051587124912935,3823500
2009-08-20,18.72882843017578,18.883199368608516,18.459921641158985,18.499760528253038,3846100
2009-08-21,19.276607513427734,19.371223958175996,18.87324906875886,18.972842526943527,5037100
2009-08-24,19.51065444946289,19.76462078289158,19.39612046382852,19.44093827556573,3372100
2009-08-25,19.072425842285156,19.789510446032477,18.947932198537053,19.679955431655028,3794800
2009-08-26,19.09235382080078,19.142150540724145,18.818468061976088,18.952921485316885,2565100
2009-08-27,18.967851638793945,19.037567775358276,18.494775412593082,18.957891919338717,2614500
2009-08-28,18.967851638793945,19.271616433500466,18.818459646210055,19.127203350833064,2194300
2009-08-31,17.155237197875977,18.096409537939902,17.015802921835043,18.06653035744035,21832000
2009-09-01,17.643245697021484,17.77769910863878,17.185107935256298,17.289684077373927,17636100
2009-09-02,17.434101104736328,17.867340652650856,17.434101104736328,17.51377701591195,12017000
2009-09-03,17.742843627929688,17.74782254036829,17.578511023107694,17.648227194987374,7875100
2009-09-04,17.73786163330078,17.827497248205358,17.573530939057775,17.67312627779876,6905100
2009-09-08,17.98685073852539,18.325473782629402,17.912155652093286,18.111344448868827,15009500
2009-09-09,17.80757713317871,18.151180943977117,17.703002886250072,18.13624040897087,10547300
2009-09-10,18.096399307250977,18.11631874965601,17.71295858925568,17.847411976055792,10128500
2009-09-11,18.71390151977539,18.74377880418847,18.176087604853414,18.181066519047633,11793800
2009-09-14,19.072425842285156,19.107283910564846,18.30056563097136,18.40016092589429,7586600
2009-09-15,19.30150604248047,19.36126439744873,18.84337005213127,19.062478321477826,7789500
2009-09-16,19.854257583618164,20.11818555710828,19.296526259747115,19.421019977551936,8250100
2009-09-17,20.307409286499023,20.471741862495172,19.749678109670924,19.9488687654924,12303400
2009-09-18,21.915870666503906,22.03538545736107,20.496643210455336,20.641056362017657,22821900
2009-09-21,21.462711334228516,22.085179782432625,21.363117902214217,21.48761159185504,12914800
2009-09-22,21.881006240844727,22.214650256403488,21.776432016413032,21.846148166034162,6029200
2009-09-23,21.59218406677246,22.120036051858033,21.268499740367965,21.85611005931525,7816500
2009-09-24,21.034454345703125,21.55732745501534,20.84522340818015,21.52246937436939,5432900
2009-09-25,21.09918212890625,21.268493559733532,20.775499796186786,20.820317583747602,6905200
2009-09-28,21.562307357788086,21.567288169322403,21.06433258324507,21.124089024295788,5139800
2009-09-29,21.427852630615234,21.492589879242257,21.059352383772264,21.173886346959833,6227700
2009-09-30,21.243593215942383,21.66189189401866,20.91493010456974,21.597154673705575,5938200
2009-10-01,20.740650177001953,21.681822199554915,20.690851559635938,21.452754258540303,6971200
2009-10-02,20.24765396118164,20.58627695489455,20.008626300847173,20.362187929698806,5169000
2009-10-05,20.795421600341797,20.81534104325906,20.14805490251181,20.167974345429073,4461200
2009-10-06,21.25355339050293,21.66189235886112,21.143998384487087,21.233633953114214,6092700
2009-10-07,21.74656105041504,21.781421037989638,21.158952467969193,21.228668643871753,4724300
2009-10-08,22.398906707763672,22.523400410163173,21.48263298211841,21.881012449872188,6838100
2009-10-09,22.349109649658203,22.53335979453674,22.120039796983598,22.18477705314967,4127500
2009-10-12,22.588134765625,22.956635013600884,22.428782998993878,22.53335723966626,3477700
2009-10-13,22.42380142211914,22.722587399068036,21.930807504568854,22.672788786431802,4800000
2009-10-14,23.011411666870117,23.046269745772282,22.732547035652825,22.802263193457147,4921000
2009-10-15,23.738452911376953,23.738452911376953,22.448700268849937,22.528376144442777,7972900
2009-10-16,23.41975975036621,23.673728021952666,23.031339922791112,23.529314840040648,5513400
2009-10-19,23.574129104614258,23.67870336556171,23.185709335596137,23.55919046722841,4726400
2009-10-20,23.1458683013916,23.60400610173861,22.622995145261708,23.57412693009975,4403300
2009-10-21,23.195669174194336,23.99740707834814,22.8172072284945,22.82716695334168,5197300
2009-10-22,23.355024337768555,23.484496980191313,22.627979516149285,23.195672516498906,4103700
2009-10-23,22.588134765625,23.599022891370478,22.359066838545623,23.41975167900474,4476700
2009-10-26,22.020442962646484,23.23550060862469,21.985584883842144,22.627970835824176,5314700
2009-10-27,21.950727462768555,22.34412606386574,21.661901201594972,22.34412606386574,5658900
2009-10-28,20.974699020385742,21.90591330745832,20.949800659151453,21.8660744097849,5698800
2009-10-29,22.114145278930664,22.179113923150243,21.224582530869867,21.229579239003893,5334300
2009-10-30,21.02467918395996,21.94422786918035,20.74981449191093,21.939231161214135,6341400
2009-11-02,21.094627380371094,21.624367595420782,20.614863736407937,21.144603951457626,5001800
2009-11-03,21.70433807373047,21.86425936111595,20.66484779931274,20.7897864242334,4772100
2009-11-04,20.434961318969727,21.42447500596235,20.255049392896133,21.36950170561629,12561300
2009-11-05,21.04965591430664,21.074643254353926,20.524914147666237,20.619866802410666,5792400
2009-11-06,20.57988929748535,20.964700469470646,20.364994722137567,20.689835891313155,6674700
2009-11-09,21.519428253173828,21.594390280135485,20.934714529530414,20.934714529530414,4736700
2009-11-10,21.23956298828125,21.569400831372203,20.869743876252322,21.439465520147454,4597400
2009-11-11,21.599397659301758,21.764315710684652,21.364512352045885,21.454468346041207,4376300
2009-11-12,20.704830169677734,21.549414632512672,20.53491355454034,21.37450131093545,5901600
2009-11-13,20.714820861816406,20.939710729618437,20.379984412775208,20.679838205315182,4275100
2009-11-16,21.65935707092285,21.939220238011305,20.804777453222208,20.93471276619179,5594900
2009-11-17,21.519428253173828,21.73432282867221,21.184591765559972,21.644366871188605,5234900
2009-11-18,21.094627380371094,21.679340870410336,20.769788247159298,21.6193689851065,7512300
2009-11-19,20.57988929748535,20.984691105877886,20.44495536135451,20.879741217945885,7428600
2009-11-20,20.235048294067383,20.734802491529635,20.1450923860113,20.44494414192426,4614400
2009-11-23,20.474943161010742,21.084642375076857,20.33001389361636,20.74980776393693,5606400
2009-11-24,20.48993682861328,20.574894188190584,20.080138244554004,20.439962135498675,3332400
2009-11-25,20.784786224365234,20.864746854617476,20.245050540353752,20.39497839018703,3448700
2009-11-27,20.170093536376953,20.554904760888256,19.915217653424605,20.554904760888256,2253200
2009-11-30,20.360004425048828,20.409979125385664,19.640356539157633,19.880238532317158,5485600
2009-12-01,20.519920349121094,20.844759628577,20.474942368099555,20.65985099833828,5246000
2009-12-02,20.23005485534668,20.579883264269316,20.055141604091087,20.379980771624535,3636300
2009-12-03,19.66533660888672,20.250050299702444,19.63035395031958,20.190080300217623,4460800
2009-12-04,19.535404205322266,20.265045344826984,19.350495567264154,19.990180740921748,6015400
2009-12-07,19.4504451751709,19.835256387740248,19.370484527520915,19.485429745779218,4230600
2009-12-08,19.01066780090332,19.300524513542175,18.860741783578895,19.175585848036366,3821800
2009-12-09,19.150596618652344,19.315516556029028,18.82075865031153,19.07063595682465,4699600
2009-12-10,19.470439910888672,19.63036123984119,19.10561926006496,19.28053452426545,3813200
2009-12-11,19.640350341796875,19.720310980952423,19.27552980649894,19.550394384445383,4514900
2009-12-14,19.915218353271484,20.170094245180504,19.890231006679628,19.970191659620973,4952700
2009-12-15,20.37997817993164,20.53490268735039,19.84524127248176,19.895217842493235,5863200
2009-12-16,20.459957122802734,20.739820446461227,20.39998709145196,20.539917800074743,5929700
2009-12-17,20.529911041259766,20.59987635010112,20.175083979203116,20.429959783024255,4727900
2009-12-18,20.24504852294922,20.74980150007781,20.07013525745611,20.739806183990833,5950500
2009-12-21,20.419971466064453,20.719823437141784,20.310024853677007,20.504928825518505,3510500
2009-12-22,20.285032272338867,20.589882777897166,20.200073028397316,20.40497417366463,4408200
2009-12-23,20.40498161315918,20.6048823130352,20.295034989059214,20.45995301879662,3225900
2009-12-24,20.499923706054688,20.62486229380021,20.459942442898573,20.459942442898573,1171700
2009-12-28,20.544904708862305,20.90972521020236,20.444953442618438,20.789783309427353,1886800
2009-12-29,20.350006103515625,20.674845420639524,20.230064171412486,20.65985339403126,2188200
2009-12-30,20.424957275390625,20.449944608580083,20.125105464294485,20.285026684400602,2145900
2009-12-31,20.23005485534668,20.534905298744814,20.200068909526525,20.474935313515964,1541900
2010-01-04,20.609874725341797,20.73981004584389,20.48993281637589,20.59987940739364,5888000
2010-01-05,21.819278717041016,21.89923935097528,20.60987389048382,20.704826547527038,10663400
2010-01-06,22.908748626708984,23.00370130481124,21.67435427931809,21.67435427931809,10315800
2010-01-07,23.07366371154785,23.09865296098618,22.59389986236029,22.838780399406563,5608800
2010-01-08,23.538440704345703,23.578421987095734,22.81379806542006,22.913747459470155,4875600
2010-01-11,23.288557052612305,23.978218740591014,23.118640460107752,23.72334480504017,6026300
2010-01-12,22.84378433227539,23.29856098230922,22.703853641930422,23.03868833851665,5533200
2010-01-13,23.26357650756836,23.363527809963006,22.46396990123624,22.953729185916227,3961800
2010-01-14,23.753328323364258,23.863274912068537,23.11364323943811,23.11364323943811,4990600
2010-01-15,23.628387451171875,23.96322389092011,23.263566967490075,23.823291362387053,6627700
2010-01-19,24.013198852539062,24.043184803239168,23.3785105274751,23.473465084819548,3592500
2010-01-20,23.558427810668945,23.80330836473619,23.013695306620615,23.693361760084095,4840100
2010-01-21,23.303544998168945,24.028189159707342,23.283554367381747,23.45846762074104,8282300
2010-01-22,22.12413215637207,23.183611172757775,22.094146199775555,23.183611172757775,7313700
2010-01-25,22.284059524536133,22.808801516446998,21.919238865275958,22.074161583924187,6932500
2010-01-26,23.43349266052246,24.35803980535662,22.76382142679454,23.17362004228644,14179300
2010-01-27,23.78830909729004,23.968220989491297,23.113641407947107,23.44347924151215,9707700
2010-01-28,23.29700469970703,24.10916570117534,22.790656003852202,23.998871547139927,5357500
2010-01-29,22.70041847229004,24.259568587292627,22.565057969989237,23.57274107186005,7382800
2010-02-01,23.728158950805664,23.788318545555995,22.981169825602844,23.136584183850154,5406900
2010-02-02,23.69305992126465,24.56538250897475,23.527620584549894,23.883567504776273,5542600
2010-02-03,23.7231388092041,24.038979952171804,23.492525491295623,23.632898482641902,4127600
2010-02-04,22.670347213745117,23.41733456464171,22.585119352352706,23.41733456464171,7603500
2010-02-05,22.424686431884766,22.860846803967235,21.63257911146417,22.64026036677999,8597500
2010-02-08,22.334455490112305,22.88091026697205,22.30938914322583,22.565068941371365,4549800
2010-02-09,22.83577537536621,23.106496337298555,22.560041912259617,22.745535054722097,6075700
2010-02-10,22.690378189086914,22.95608653519621,22.409632345943294,22.745525240400873,5894800
2010-02-11,23.402286529541016,23.4474066954535,22.50489762552537,22.60516487337963,5286600
2010-02-12,23.312044143676758,23.467458459779138,22.860842524307607,22.95108284818144,4814300
2010-02-16,24.033971786499023,24.10917271566419,23.602825784927813,23.667997883602613,4892300
2010-02-17,24.089111328125,24.199405479675235,23.863510523789735,24.149270905134912,3699400
2010-02-18,24.38991355895996,24.490178885305077,23.998871518947652,24.124205089317563,4124500
2010-02-19,24.495195388793945,24.650607805350365,24.23951381246132,24.359834891754087,6560300
2010-02-22,24.129220962524414,25.066715590111777,24.0490075491336,24.851141683041725,9763800
2010-02-23,23.592790603637695,24.10916427156847,23.39726863877651,23.93871054927505,7170500
2010-02-24,24.018930435180664,24.219464955210945,23.698076733083354,23.813383412747143,6116800
2010-02-25,24.008899688720703,24.074073684201682,23.297005889788135,23.447405799603885,4355100
2010-02-26,24.023935317993164,24.119190045393438,23.698069216846463,23.913643088152554,3625100
2010-03-01,24.219467163085938,24.41999978895809,24.13925373024926,24.289653677763148,5599600
2010-03-02,24.68069076538086,24.83610510830554,24.294663071617375,24.294663071617375,5456000
2010-03-03,25.066713333129883,25.407620787455524,24.765913538107704,24.836100029450314,5188400
2010-03-04,25.026611328125,25.397599610746163,24.790985470016437,25.12687858659874,6225300
2010-03-05,25.51290512084961,25.568052206107893,25.14191876764828,25.25221102572605,5569100
2010-03-08,25.23716926574707,25.86383715383928,25.171995269902666,25.60815749697065,3684000
2010-03-09,25.036638259887695,25.32741311838804,24.811039318738196,25.02661134279056,4915900
2010-03-10,25.056690216064453,25.332423722033212,24.68570387347048,25.07674404875568,6222300
2010-03-11,25.056690216064453,25.0717296343635,24.811037459132532,24.946396048701448,2974200
2010-03-12,25.086772918701172,25.392587197521667,24.846132644983136,25.237172850720086,4693000
2010-03-15,25.001541137695312,25.2421813734749,24.625540410707472,24.981489219042626,5932600
2010-03-16,25.588102340698242,25.628208088991514,25.001540233346113,25.182020881762153,4454000
2010-03-17,25.999197006225586,26.274930487701027,25.638235699602557,25.743515443221415,4442900
2010-03-18,24.75087547302246,26.099466052115485,24.67066205627794,26.02927763908016,7937600
2010-03-19,23.828418731689453,24.69071434201005,23.61785924308852,23.828418731689453,10119500
2010-03-22,23.80837631225586,24.239522376998067,23.211787031646303,23.52762830300199,7501800
2010-03-23,23.622879028320312,23.908639515209895,23.397278140660333,23.89360009351229,6974400
2010-03-24,23.337114334106445,23.64794110526779,23.23684707850764,23.412315253915256,5739200
2010-03-25,22.494869232177734,23.657964641049656,22.45476348313313,23.57273872905577,7552600
2010-03-26,22.494869232177734,22.941056447765856,22.319402994285294,22.650283551767156,5814900
2010-03-29,22.885913848876953,23.14159352597541,22.600153422292124,22.62521975731138,5664600
2010-03-30,23.036312103271484,23.12655243275713,22.645270038020797,22.900951609043013,5128300
2010-03-31,23.482501983642578,23.532634655701937,23.071407952951546,23.091461786750827,6840000
2010-04-01,24.229490280151367,24.244529698811665,23.51258199994918,23.7281559254611,7075800
2010-04-05,24.90629768371582,25.06672456795559,24.23952189223733,24.430029534436798,4968500
2010-04-06,25.026611328125,25.086772830672576,24.475144275177776,24.640585538525276,4202300
2010-04-07,24.56537628173828,25.03161724987654,24.359829332204942,25.00153650880889,5742400
2010-04-08,24.43503189086914,24.530284708738993,24.139244610449904,24.299671415514062,3989600
2010-04-09,24.485164642333984,24.675672191228237,24.1592966175758,24.630552032606925,3454000
2010-04-12,24.48016357421875,24.7809634972166,24.379896295739712,24.43504339452515,1955900
2010-04-13,24.169326782226562,24.38991510401208,23.657965553230998,24.38991510401208,4773400
2010-04-14,24.700740814208984,24.74084656312996,23.923673043534315,24.274605518237447,4728200
2010-04-15,24.605493545532227,24.906293423925355,24.465118611501648,24.62554546830318,3205800
2010-04-16,23.818389892578125,24.555351868040955,23.572737175716135,24.379885641710963,7095500
2010-04-19,23.87855339050293,24.20943395402876,23.562712244088722,23.662979487189585,5042800
2010-04-20,25.212108612060547,25.46277582376342,24.149278257484234,24.244533021892323,9308400
2010-04-21,25.51290512084961,25.72346654525044,25.021597680499408,25.262237942358357,5948600
2010-04-22,25.969120025634766,26.149600705117724,24.916318611902636,25.031625287697004,5938800
2010-04-23,27.16230010986328,27.322726977654384,25.98917744386643,26.099471632637478,8457600
2010-04-26,27.011892318725586,27.47311895161965,26.906610663444493,27.282611384258008,4143300
2010-04-27,25.53797149658203,26.871520811766057,25.47781190913189,26.706081468168474,8537300
2010-04-28,25.688371658325195,25.743516827634974,25.046662421770662,25.62319766058259,8629500
2010-04-29,25.778600692749023,26.89657751361557,25.743507455764476,26.11950806268862,12031700
2010-04-30,24.946392059326172,25.703407866630258,24.114177260113774,25.643248290615915,11629900
2010-05-03,25.427671432495117,25.79364517183092,24.76591043637583,25.061697693159314,7957300
2010-05-04,24.033971786499023,25.06672139651344,23.958772769772924,24.861174357559594,9522200
2010-05-05,23.7231388092041,23.963779042557114,23.427351497125464,23.713111893759574,9578400
2010-05-06,23.049217224121094,24.060102803046487,21.424756258942697,23.642671170141018,10510300
2010-05-07,22.254592895507812,23.537060576968557,22.108743125691188,23.104541628420257,10488300
2010-05-10,23.713071823120117,23.929331161203073,23.260435553058272,23.47166453340757,8990300
2010-05-11,23.48676109313965,24.01986406982653,23.426410210943388,23.506878693378386,7901700
2010-05-12,23.848873138427734,23.984664089780832,23.43647184254959,23.667820455143946,6135300
2010-05-13,23.5219669342041,23.974601447697246,23.366058403506223,23.657757863808055,6665300
2010-05-14,22.817873001098633,23.386182929914586,22.420560813698323,23.381154487412058,6614100
2010-05-17,22.797754287719727,23.285593723602947,22.199268027735055,22.948632483544642,6080500
2010-05-18,22.38031005859375,23.874007770812582,22.239490744061353,23.2956394400929,6856700
2010-05-19,21.993072509765625,22.48091397797512,21.354352810533644,22.254595672180983,7271100
2010-05-20,20.474220275878906,21.299022769396426,20.358546942619263,21.107911306717078,12726200
2010-05-21,21.03750228881836,21.26381860280853,20.061819668333804,20.177493005279054,9678700
2010-05-24,20.31328582763672,21.439846734709764,20.29819858357764,21.03750423879809,5759500
2010-05-25,20.433990478515625,20.469195328624764,19.56392419142327,19.69468478918286,9018100
2010-05-26,20.43901824951172,21.10288385623056,20.343462504998687,20.861478355471014,6553400
2010-05-27,20.665332794189453,21.168261310067983,20.14228667723098,20.946973453748644,10445800
2010-05-28,19.18168830871582,20.303218377732176,18.990574985112993,20.288131140099164,14214900
2010-06-01,18.040042877197266,19.05595857151368,18.029984078023467,18.834670745249426,13448400
2010-06-02,19.931068420410156,19.94112722640015,17.9143229046624,18.185904910828906,18156800
2010-06-03,19.80533218383789,20.152352286369783,18.95035303428031,20.03165047615029,10901900
2010-06-04,19.347652435302734,20.192572138041164,19.23700759468818,19.79525831812456,9193700
2010-06-07,19.146486282348633,19.910937770318895,19.10122264429382,19.408009311274235,5923200
2010-06-08,19.201812744140625,19.26719399470464,18.27642410881384,18.573152038579497,8721300
2010-06-09,19.287309646606445,20.262992287841087,19.19175391018995,19.42310058900055,7745100
2010-06-10,21.334218978881836,21.404630557103992,20.09701573933975,20.10204609704386,10128200
2010-06-11,21.42979621887207,21.70137822807167,20.9972771490774,21.07271723558432,6818800
2010-06-14,21.092819213867188,21.857270713877174,21.027439894495956,21.857270713877174,5116500
2010-06-15,21.922653198242188,22.00312168079114,21.138084054499934,21.41469626187442,4009100
2010-06-16,22.118791580200195,22.294817677506806,21.681244393987164,21.726508028320904,5366200
2010-06-17,22.05845832824707,22.179160170544332,21.73155382819303,22.04337107759021,5022900
2010-06-18,22.465818405151367,22.65693179982295,21.91259774299499,22.08862197590286,6702000
2010-06-21,22.174116134643555,22.843009996550787,21.957856740860354,22.757513078251304,5519700
2010-06-22,21.19843864440918,22.299851451977585,21.05258890794228,22.259616248047355,7204200
2010-06-23,21.384519577026367,21.520310499243987,20.92182436963449,21.273874695548322,4337300
2010-06-24,20.876556396484375,21.470012043677016,20.791059492008596,21.258783043076008,4374500
2010-06-25,21.50020408630371,21.620907830586557,20.75586976570214,21.007334140980547,7528000
2010-06-28,21.12300682067871,21.801959843935037,21.08277160108264,21.555525838732137,3164600
2010-06-29,20.53961181640625,20.73575373712333,20.18756128045508,20.7156361251213,6776700
2010-06-30,20.90673828125,21.429784398950545,20.514454652234612,20.549659494914454,7142500
2010-07-01,20.98721694946289,21.55552698612263,20.53458221603876,21.38955957423577,7907900
2010-07-02,21.273880004882812,21.565579522117297,21.0475617447044,21.17329389830125,5332900
2010-07-06,22.09364891052246,22.858100452165345,21.610838016385888,21.711422180441044,8171900
2010-07-07,22.70220184326172,22.727347895257854,22.12383497326744,22.154009468254486,6175600
2010-07-08,23.230268478393555,23.28559092453401,22.526169676340757,23.11459514488174,3940600
2010-07-09,23.26546859741211,23.350967429133707,22.96371230332116,23.240322559324486,3332900
2010-07-12,23.139745712280273,23.63764590637202,22.677052287768785,23.159863318177422,3920700
2010-07-13,23.481725692749023,23.667810577228607,23.039150093628905,23.391198429629103,5411000
2010-07-14,23.61249542236328,23.868988134544903,23.124654122867092,23.169917768372102,3932800
2010-07-15,23.718111038208008,23.788520730313746,22.993894595594405,23.597407338512294,4671000
2010-07-16,23.13471031188965,23.486760635122387,22.90839210991718,23.486760635122387,6638200
2010-07-19,23.989696502685547,24.281394116145222,23.335889654635434,23.476709059855935,7306300
2010-07-20,24.72899627685547,24.79940788653495,23.627583425463314,23.637642226846097,6670000
2010-07-21,24.27132225036621,25.086067589700935,23.97459443583505,24.839631844675612,7383900
2010-07-22,24.849699020385742,25.0558996445116,24.517766261585088,24.653557197256283,6502500
2010-07-23,24.6787052154541,24.72396886430015,24.01483964472551,24.532855467114565,5229000
2010-07-26,24.99051856994629,25.000577371012177,24.603263362250086,24.884904036534632,3709000
2010-07-27,24.588178634643555,25.136370878419577,24.130513691199006,25.08607878646668,3850800
2010-07-28,24.583152770996094,24.80947104555975,24.190867122245585,24.537889116083363,2773500
2010-07-29,24.406579971313477,25.03717576070151,24.235057839622907,24.8505180214562,3613500
2010-07-30,24.351091384887695,24.527657466243994,23.917241099925416,24.028226593592777,3829900
2010-08-02,25.339866638183594,25.476075590091448,24.724404394250197,24.810166441492647,4731800
2010-08-03,22.02545166015625,23.049538699547977,21.586557489620624,22.953688823627218,27055800
2010-08-04,21.606739044189453,21.99518442874171,20.910560625213787,21.99518442874171,19155800
2010-08-05,21.4301700592041,21.838796880411017,21.36963339383393,21.460439354102135,9275300
2010-08-06,21.051820755004883,21.288925513246284,20.774358845563235,21.248566437619388,7935300
2010-08-09,21.102258682250977,21.314137946396162,20.79957154492487,21.2536012887012,5112100
2010-08-10,20.708770751953125,20.910562227076447,20.43635283786448,20.784443036230904,7230000
2010-08-11,20.274913787841797,20.476705196881817,19.901602182870914,20.224466897794546,7521200
2010-08-12,20.1487979888916,20.36067919606042,19.820889300204698,19.89655964785899,5153900
2010-08-13,20.0731258392334,20.451483316816418,20.052946311900147,20.06807999518726,5337500
2010-08-16,20.14375114440918,20.204287798629245,19.901602603103367,19.977272939772067,3059500
2010-08-17,20.683547973632812,20.966055663139276,20.27996693464229,20.421219817182422,5364300
2010-08-18,20.52716064453125,20.673459380854712,20.18916210656977,20.61292270267567,3515900
2010-08-19,20.05294418334961,20.466614827643287,19.871332305479125,20.39598841389931,4518400
2010-08-20,19.679636001586914,19.967189502475378,19.35677120867646,19.846114242920972,5048000
2010-08-23,19.679636001586914,19.901606990032327,19.361817053555292,19.538383135795083,4230900
2010-08-24,19.568653106689453,19.89151791073513,19.225608771284417,19.402174859613762,5544400
2010-08-25,19.644323348999023,19.694772177105566,19.10453339702815,19.432444044229605,5469900
2010-08-26,18.963274002075195,19.836018221541064,18.77661821337276,19.750258129908314,6811600
2010-08-27,19.53333854675293,19.57874152697853,18.544562746776133,19.149935174975464,5305200
2010-08-30,19.24073600769043,19.523243578740914,19.23064624539305,19.498020135210158,3941500
2010-08-31,18.958232879638672,19.366857722628154,18.741307772490284,19.06417251119701,5306700
2010-09-01,19.926830291748047,20.057993391224795,19.230651884488218,19.230651884488218,6265700
2010-09-02,20.03276252746582,20.073121573555742,19.548465520938183,19.866286273407987,4804700
2010-09-03,19.92177963256836,20.406076654484167,19.830973700405984,20.179061824078225,4971500
2010-09-07,19.60395622253418,19.800701740840896,19.442523903696614,19.6796265395002,4358900
2010-09-08,19.886470794677734,20.148798912305168,19.553516246232512,19.669547581919915,5293600
2010-09-09,19.689727783203125,20.36068281327398,19.629191109439777,20.123578114763802,6330300
2010-09-10,19.871334075927734,19.982319549942556,19.679632418381843,19.78052812890208,4987300
2010-09-13,20.401033401489258,20.456526136458947,19.926826081210606,20.163930703562706,4610700
2010-09-14,20.244647979736328,20.607869849732566,20.037812635562897,20.32031832062379,4306500
2010-09-15,20.17401885986328,20.21942182809262,19.75530238347877,20.052943636443246,2863500
2010-09-16,20.113483428955078,20.30014117441326,19.906648080128353,20.09330582558653,3313300
2010-09-17,20.118520736694336,20.189147129581237,19.88646011437683,20.1689676103493,3444400
2010-09-20,20.476707458496094,20.61796030576992,19.93691759278458,20.234558895558514,3836000
2010-09-21,20.31022834777832,20.5826461907891,20.179065270268847,20.44139334971342,4309600
2010-09-22,20.17401885986328,20.552376286965984,20.093302685725053,20.34554097046019,4042400
2010-09-23,19.861249923706055,20.037817948107516,19.619101304700138,19.98232519542209,5110400
2010-09-24,20.713809967041016,20.8752423256968,20.093303977628075,20.123571342110086,4898600
2010-09-27,20.496885299682617,20.9811823857016,20.48679553650403,20.824793943071793,2939100
2010-09-28,20.623001098632812,20.693627504970642,20.194194893199178,20.466612681438157,3157900
2010-09-29,21.243511199951172,21.35954059393508,20.45652696425633,20.471662571767705,5044300
2010-09-30,21.49070167541504,21.7580755731311,21.34944884792949,21.495747518925487,7722000
2010-10-01,21.959869384765625,22.025451892363773,21.59160163728127,21.778257471063572,5271500
2010-10-04,21.601696014404297,22.00527706190314,21.29396486430323,21.874113943125852,4366100
2010-10-05,22.131383895874023,22.30290598579387,21.783295797694844,21.94977204485005,5958900
2010-10-06,22.35841178894043,22.383635244243454,22.080949931754567,22.13139684236062,4953700
2010-10-07,22.075904846191406,22.49966545292323,21.813578592695546,22.459308307934002,4479500
2010-10-08,22.479482650756836,22.701451707997258,22.0002293964806,22.101125122290213,3224800
2010-10-11,22.439119338989258,22.84270024133293,22.32813386918517,22.479478391436395,2348700
2010-10-12,22.565248489379883,22.782173681333852,21.975011519011908,22.34832329742591,4314200
2010-10-13,22.83260154724121,23.120154872386635,22.62576629541716,22.635856054582334,3265400
2010-10-14,22.62578010559082,23.00918349018741,22.23733472497133,22.862884779632765,5258500
2010-10-15,23.014223098754883,23.0444923890548,22.388673161294758,22.7569408666952,4767200
2010-10-18,22.76198387145996,22.92341623105414,22.484522123684062,22.878013259641683,3426800
2010-10-19,22.302907943725586,22.388669958426984,21.909416848246547,22.2373273774293,5655300
2010-10-20,22.79730224609375,22.92342142588401,22.267602075859855,22.3079611371172,4589200
2010-10-21,22.751893997192383,23.205923709097096,22.469388331496575,22.883058991487307,4122600
2010-10-22,23.493480682373047,23.533839743673333,22.867930627626297,22.867930627626297,4699500
2010-10-25,23.498525619506836,23.987866710100946,23.39762989457966,23.614555029624032,3953300
2010-10-26,23.6700439453125,23.730582530052576,23.29673229487737,23.38753824756175,2928500
2010-10-27,23.44807243347168,23.50860908739777,23.21601365640039,23.47329587890542,3301200
2010-10-28,23.27599334716797,23.650513562984415,22.972326272301114,23.650513562984415,3977500
2010-10-29,23.493619918823242,23.503742348195,22.96220492607002,23.179832330922785,4533200
2010-11-01,24.48054313659668,25.047387795605644,24.227488105821607,24.51091043532609,9856400
2010-11-02,24.94109344482422,25.108110626422768,24.59693858333865,24.763955764937197,4102600
2010-11-03,24.951213836669922,25.128353432750604,24.627303859518197,25.04737593846267,3833600
2010-11-04,25.680017471313477,25.760994979020065,25.27006775255482,25.30549529151045,5742600
2010-11-05,25.27513313293457,25.87740527875265,25.1182402658981,25.730632912909886,5205200
2010-11-08,25.467456817626953,25.649656739209842,25.178974252006242,25.189096684389355,3502600
2010-11-09,25.057498931884766,25.89764124280395,24.875300999580126,25.56867098415262,4629600
2010-11-10,25.447214126586914,25.543376277112465,24.591888789045157,25.138486669828175,5078800
2010-11-11,25.340923309326172,25.43708349821484,25.113173461267642,25.143540751227484,3623100
2010-11-12,24.556459426879883,25.28019694013574,24.379319754093505,24.996774622071488,5222200
2010-11-15,24.24773406982422,24.748783902940406,24.176878966903228,24.63743906654642,3907600
2010-11-16,23.984546661376953,24.2527842772503,23.701126367067285,23.92887426623585,5396900
2010-11-17,24.22747802734375,24.43498298903229,23.76691814014939,24.004790387934737,3003300
2010-11-18,25.24982261657715,25.259945046261677,24.490657766141727,24.58175770264646,4721500
2010-11-19,25.386472702026367,25.421900240846366,24.855057689070357,25.254884976502964,5194900
2010-11-22,25.29030990600586,25.325737441170634,24.99170501629142,25.320675261486603,4869900
2010-11-23,24.99676513671875,25.00182731637674,24.536205251290244,24.941092744415986,3778000
2010-11-24,25.659778594970703,25.811611215992297,25.11317884250515,25.11317884250515,4251300
2010-11-26,25.209333419799805,25.563608785681282,25.163783454092766,25.173905883211656,1261900
2010-11-29,25.70026397705078,25.86221901500386,24.71335106785434,24.991711168670168,4189600
2010-11-30,26.39869499206543,26.81876717851034,25.244764920496884,25.351047546950564,8107000
2010-12-01,27.238832473754883,27.54249761708012,26.854189830165854,26.854189830165854,6705600
2010-12-02,27.577938079833984,27.6487931794855,27.14268311836704,27.14268311836704,2706400
2010-12-03,27.866418838500977,27.962579048790783,27.329941513750267,27.390674176530325,4461800
2010-12-06,28.04355239868164,28.11946966384048,27.567809738234164,27.825924964592968,2137100
2010-12-07,26.914934158325195,28.590159215016723,26.73273422096216,28.438324646776373,7033600
2010-12-08,27.041452407836914,27.380545117838594,26.697297517612366,27.00096268867823,3843100
2010-12-09,27.304624557495117,27.44127443748276,26.793452569690714,27.28943995039269,2317700
2010-12-10,27.28944206237793,27.38560416906458,27.041449318162133,27.299564491011044,3244500
2010-12-13,27.861352920532227,28.332035337931085,27.481770450414192,27.502015312177996,3286000
2010-12-14,27.92209243774414,28.71162486467393,27.653854710744376,27.846177083456137,4984900
2010-12-15,27.729764938354492,28.144774947608827,27.608297699488123,27.70445982669874,3077600
2010-12-16,28.068859100341797,28.089103962951903,27.314756309350834,27.69433879533667,3528900
2010-12-17,28.468677520751953,28.529410158879276,27.967627946898183,28.10934001006962,4949200
2010-12-20,28.296606063842773,28.85838839414977,28.01318380845959,28.58508856902915,4947500
2010-12-21,28.70655059814453,28.767283238055263,28.23080611531898,28.468678356731754,2235900
2010-12-22,28.726795196533203,28.848262414081102,28.56990237340975,28.817895127030145,2036900
2010-12-23,28.711618423461914,28.797658122474136,28.514235843674793,28.696435742141777,1565500
2010-12-27,28.443384170532227,28.645827024838656,28.29661179796689,28.635706523181405,1651200
2010-12-28,28.321914672851562,28.64582475864228,28.296609559397236,28.549664555253287,1418100
2010-12-29,28.772350311279297,28.843207327079742,28.418074885558415,28.453502428130502,2548500
2010-12-30,28.757165908813477,28.939365791508955,28.59521088656331,28.70655568835636,1501500
2010-12-31,28.93430519104004,29.076017291239307,28.514234932470597,28.650884851954032,1637200
2011-01-03,28.99504280090332,29.536580354622803,28.97479793724027,29.197485645564395,2861700
2011-01-04,28.296606063842773,29.29364324215902,27.93726847747464,29.025403666841598,5518100
2011-01-05,28.337099075317383,28.600274570078483,27.83604933774909,28.124531876433252,5099700
2011-01-06,27.750015258789062,28.407957944547142,27.496960231139294,28.397835511762352,4907300
2011-01-07,28.64581871032715,29.293640675783024,28.31178626355146,28.31178626355146,7562700
2011-01-10,28.35228157043457,28.645824357576416,28.02837148917887,28.56990901827632,3392100
2011-01-11,29.2329158782959,29.531520887471487,28.549668077454164,28.600278310606647,3469600
2011-01-12,29.739025115966797,30.275502453674765,29.26834455473257,29.475849594011358,4542800
2011-01-13,29.587200164794922,29.809889875892484,29.17218997858575,29.4657348047936,3351200
2011-01-14,30.15403175354004,30.199579795618842,29.450537301152895,29.501149454556415,4173200
2011-01-18,30.012313842773438,30.25524634009767,29.744076238975904,30.118596448354815,3373100
2011-01-19,29.728904724121094,30.13379237169263,29.43029972203897,30.03763022806798,4549800
2011-01-20,29.61248779296875,29.870604909132716,28.98491263218347,29.698527475242052,5443700
2011-01-21,29.84531593322754,30.45770874664882,29.6074435467511,30.184408804398053,9163900
2011-01-24,29.607433319091797,29.96171068510963,29.243033521969874,29.76938835544458,5430700
2011-01-25,31.540782928466797,31.631882905687732,30.376730023668873,30.376730023668873,15951500
2011-01-26,33.39820098876953,33.737297655552126,31.849505477397674,32.24427069705613,12891000
2011-01-27,33.742347717285156,34.16241988105605,33.23117947402457,33.26660701426355,8852100
2011-01-28,34.05613708496094,34.957012127523306,33.49435476312714,33.69173732362958,11871700
2011-01-31,34.6735954284668,35.28092585324196,33.88912342359559,34.01565091719981,8469600
2011-02-01,34.69384765625,35.01775779973739,34.31426509485257,34.84567836402087,7190800
2011-02-02,34.628047943115234,35.048120202217994,34.37499292360464,34.57743771147575,4609700
2011-02-03,34.759918212890625,34.8410755791208,34.01937466012324,34.78528085728661,5309600
2011-02-04,34.39473342895508,34.820802055621414,33.89258457413223,34.780223354072625,4414100
2011-02-07,34.7294807434082,35.500456253913356,34.491085854365146,34.54688056753674,3835800
2011-02-08,34.359230041503906,34.56719299675238,33.54260200662737,34.49618219978905,4338200
2011-02-09,33.81648635864258,34.51645512384687,33.380275173595265,34.01430260886213,4173600
2011-02-10,34.07009506225586,34.11574704684684,33.4512837075067,33.720114572773404,5384300
2011-02-11,34.049800872802734,34.27805302366365,33.780973915611575,33.94835805228381,6104700
2011-02-14,34.3896484375,34.7700648853936,34.06502671154782,34.09545878904452,5625600
2011-02-15,33.98386764526367,34.50630558840409,33.94328896410037,34.272983976409144,5169200
2011-02-16,35.328006744384766,35.7591445931802,34.17154141075141,34.22226282770451,7524400
2011-02-17,36.109134674072266,36.159856099067476,34.84614913385061,35.170770897575935,5730200
2011-02-18,35.92653274536133,36.30694921948893,35.7185698820026,36.048264933539144,4412100
2011-02-22,34.93743896484375,36.4388151476749,34.51644777846217,35.97217198337512,7148100
2011-02-23,35.77436828613281,36.04826864004285,34.9323817491177,34.99324591456645,4809400
2011-02-24,34.96788024902344,35.723639822949714,34.67369060796892,35.50046094079855,3969000
2011-02-25,36.2663688659668,36.28158490506483,35.008456746646665,35.19105695541566,3272700
2011-02-28,36.03812026977539,36.46925814343863,35.282356795336746,36.38810077579571,4380000
2011-03-01,35.104820251464844,36.367801447685835,35.00337743956256,36.31708004173469,3594000
2011-03-02,34.901939392089844,35.2772864025331,34.47080153015516,34.9628074161662,4281600
2011-03-03,35.61204147338867,35.65262014541,34.7345499422496,35.32292520737823,4975800
2011-03-04,35.36860275268555,35.83017290381348,34.96282347868032,35.52076707808904,3634400
2011-03-07,35.23163986206055,36.033051555507555,34.70412851459403,35.348302625454686,3891300
2011-03-08,34.97802734375,35.42945459723518,34.61282689827961,35.409165253620536,2883000
2011-03-09,34.65847396850586,35.30264409018442,34.40993244685858,34.97294907539628,2697000
2011-03-10,33.8570671081543,34.425157117927256,33.22303963421882,34.04474063356597,6141700
2011-03-11,34.99323654174805,35.35843691581044,33.02014373113485,33.57808702715423,5562100
2011-03-14,35.328006744384766,35.43959618355922,34.32370566161071,34.40486302457252,5089700
2011-03-15,35.71858596801758,36.06349721468401,34.237498090484486,34.45560378866765,7014200
2011-03-16,34.201961517333984,35.86564817785152,33.82661851948423,35.62218391376319,8873200
2011-03-17,35.262062072753906,35.41930348111938,34.6635401220034,34.87657624466054,3792600
2011-03-18,34.74470901489258,35.62727426253064,34.53674612533009,35.61713152465302,5777100
2011-03-21,35.814937591552734,35.81493759155273,35.04395815965196,35.43959448038297,4832900
2011-03-22,35.814937591552734,36.26636475939368,35.44973721536772,35.85551627108348,3567800
2011-03-23,36.129417419433594,36.23593355340866,35.48017014076334,35.764217034492816,2700600
2011-03-24,36.175086975097656,36.722887877212685,35.75409162237232,36.697525219415446,4273600
2011-03-25,36.053340911865234,36.34245729886254,35.62727241693422,36.200435757151126,5888400
2011-03-28,37.412696838378906,38.01121896972591,35.71350386533855,36.043195078620414,7010700
2011-03-29,37.61557388305664,37.93512225228325,37.082989397883395,37.42790040727847,6954200
2011-03-30,37.48370361328125,37.97570953358728,36.88518154576409,37.97570953358728,4954500
2011-03-31,37.24530792236328,37.99599811065186,36.976480908181756,37.625724384649516,4462800
2011-04-01,36.72795867919922,38.09238366616446,36.692449412784235,37.564872152284984,6753700
2011-04-04,36.83446502685547,37.377192441439654,36.69751291235652,37.10329208223872,3315500
2011-04-05,37.02720642089844,37.29603346478679,36.58085244895145,36.621427268367135,3948100
2011-04-06,36.12434768676758,37.493845395834725,35.99246889699635,37.240234422318856,3748400
2011-04-07,36.12434768676758,36.423606778014054,35.896095488725486,36.06855296301038,3907700
2011-04-08,36.30187225341797,37.12864258064043,36.01275591704481,36.93589964632369,4225200
2011-04-11,35.155548095703125,36.291727920020605,35.079467907740906,36.21564386226247,4543300
2011-04-12,34.26285171508789,35.04904358653468,33.60853479304164,35.033827543895946,5752200
2011-04-13,34.64833450317383,34.82586530373285,34.15632853092093,34.49109691732689,4072100
2011-04-14,35.155548095703125,35.29250017362696,34.26790978471529,34.409931295306,5111900
2011-04-15,35.74900817871094,36.04826730050532,34.759922959156945,35.30772364662099,6244200
2011-04-18,35.86566162109375,36.144635225963256,34.678764181749656,35.33815035811988,8303900
2011-04-19,37.03733825683594,37.03733825683594,35.8301516315603,35.90623568399015,4099600
2011-04-20,37.53441619873047,37.63585901891693,36.895315596128256,37.58006430687571,4605300
2011-04-21,37.777889251708984,38.04164294004974,37.39239951970692,37.5445637695895,4151500
2011-04-25,37.40253448486328,37.96555099299491,37.07791284213093,37.96555099299491,2563100
2011-04-26,37.564849853515625,37.56992315567736,37.03226922040462,37.49383910243416,4900000
2011-04-27,39.19811248779297,40.19226706598523,38.12280440821585,39.56838622166387,11684700
2011-04-28,39.56330490112305,39.60388357849054,38.55393448782949,39.12202049179177,5939100
2011-04-29,39.2640495300293,39.96908766851192,39.05608669144289,39.85242492763242,4915300
2011-05-02,37.68659973144531,39.5836091082842,37.36197793016156,39.45680359622658,6873800
2011-05-03,37.01198196411133,37.78295753486028,36.484470733684816,37.58514130717483,7522000
2011-05-04,36.63157272338867,37.14386801664184,36.07869874219934,37.14386801664184,5799000
2011-05-05,35.44728469848633,36.37234993091743,34.85260073717726,36.219868951988715,10736200
2011-05-06,35.20838928222656,36.519746481862335,34.92375505390891,36.18936525093619,6745800
2011-05-09,36.418094635009766,37.01786242102594,35.90981698170286,36.041970257360866,7871000
2011-05-10,36.72306442260742,37.16526742482994,35.89965313918136,36.45367785767977,5651800
2011-05-11,35.36087417602539,36.46891955238253,35.15756235068591,36.41300870346791,5789500
2011-05-12,35.782745361328125,35.93522632120485,34.65945228214568,35.218556890728046,6400000
2011-05-13,35.20838928222656,36.12837441792556,35.02541290534416,35.88439945233149,5831400
2011-05-16,34.954261779785156,35.85391563627805,34.89835479072035,35.18807297481004,5596500
2011-05-17,34.9999885559082,35.320201981183246,34.43580022719774,34.761097513211936,4704400
2011-05-18,35.996212005615234,36.36217242211359,35.20838033799518,35.20838033799518,5853600
2011-05-19,35.869163513183594,36.3113665868554,35.57944532777152,36.04705996425209,4556900
2011-05-20,35.64042282104492,36.16903193273631,35.22871537300793,35.726829072937285,5770200
2011-05-23,34.90851593017578,35.19315022848921,34.58830234457318,35.0355853673302,4854200
2011-05-24,35.72683334350586,36.0013037157224,35.28971429269992,35.28971429269992,5657000
2011-05-25,37.5007209777832,37.69894893298365,35.60484768771727,35.60484768771727,7111800
2011-05-26,37.86668395996094,37.96833793622998,37.14493064603912,37.27708003961875,4258300
2011-05-27,37.33806228637695,38.237715575186606,37.30756687924759,38.085230783841105,3460700
2011-05-31,37.57697296142578,38.37496884724111,37.33808180642382,37.998844410563215,4739200
2011-06-01,36.580753326416016,37.76504151296937,36.50451088201289,37.54139804348068,4164500
2011-06-02,37.40924835205078,37.71929814553778,36.63666773936574,36.70782632693467,4610100
2011-06-03,37.907344818115234,38.95947930830804,36.56040838550986,36.70272549485375,6280200
2011-06-06,36.712886810302734,37.912418184471875,36.60106513595102,37.617620171367015,4501000
2011-06-07,36.89080047607422,37.63796939815244,36.87046890048382,37.30758808104861,3818600
2011-06-08,36.94670486450195,37.50072566030389,36.90604172044745,37.29233383326354,4470100
2011-06-09,37.96833038330078,38.197057601182024,37.00768615060918,37.00768615060918,4207900
2011-06-10,36.641719818115234,37.66844244736867,36.60106056893776,37.62269546000132,4092800
2011-06-13,36.06737518310547,37.0737664579041,35.543849916894324,36.702722132944245,3733700
2011-06-14,36.76881408691406,37.05345229105043,36.46384818334468,36.50451133791442,3280600
2011-06-15,35.7725715637207,36.7637150849675,35.41677883989868,36.19952671015698,4977100
2011-06-16,35.49811553955078,36.158878153423245,35.12707496053659,35.742090561275646,4609200
2011-06-17,35.24905776977539,35.73700389713018,34.94409192491003,35.73700389713018,5086900
2011-06-20,35.21855163574219,35.47269040880035,34.60861625369264,35.040655270171456,3642200
2011-06-21,35.90473175048828,36.2452768345363,35.37612254586047,35.37612254586047,3314300
2011-06-22,35.94031524658203,36.51466764428319,35.63534940601373,35.63534940601373,2620100
2011-06-23,35.706504821777344,35.78274724465377,34.57304395890291,35.2439703000842,4826600
2011-06-24,34.191829681396484,35.70649851319232,34.191829681396484,35.640423826560465,6926700
2011-06-27,34.634037017822266,34.85768041347969,33.800462023999785,34.15117482576248,5158900
2011-06-28,35.955562591552734,36.047052730578606,34.90851179436295,35.0050857960711,5025700
2011-06-29,36.321510314941406,36.77387698756331,35.83356437181608,36.12328239672954,5523100
2011-06-30,36.88062286376953,36.967033006330006,36.30627054923493,36.43333995422625,4372000
2011-07-01,37.068687438964844,37.22625226219628,36.31643484583142,36.88062332121885,3093300
2011-07-05,37.556640625,38.01917521408627,36.78406019264925,37.058530628285396,3882700
2011-07-06,37.62270736694336,37.64303893689131,37.03310734985482,37.40923169926564,3236300
2011-07-07,38.3139762878418,38.425798015892255,37.409242492308586,38.14116371020133,5179600
2011-07-08,38.15639877319336,38.22755732602599,37.30757612308253,37.47530865955242,3278700
2011-07-11,37.06361770629883,37.74979198777625,36.71798863356066,37.368583622749675,3167600
2011-07-12,36.814552307128906,37.383824701502014,36.64681974300323,36.906042444120104,3159400
2011-07-13,38.034420013427734,38.34954969559216,37.03311235578055,37.068691638536244,5021000
2011-07-14,37.40924835205078,38.31398228930049,37.25676732633973,38.21232827215979,4352400
2011-07-15,38.369876861572266,38.38512456988053,37.627791993715746,37.77010910839363,4475300
2011-07-18,39.13736343383789,39.1475272765281,38.25804174394088,38.344451857129016,6856100
2011-07-19,39.98112106323242,40.02686418950926,39.24920001999775,39.34577401260529,5804700
2011-07-20,39.93027877807617,40.123426708056904,39.604981491408104,40.052268168963856,3251800
2011-07-21,40.4080696105957,40.59613372053279,40.16409465386247,40.16409465386247,6146500
2011-07-22,40.61139678955078,40.611396789550774,39.7829014979285,40.50973890335536,5934900
2011-07-25,40.63170623779297,40.9874989510741,39.47791409443179,39.488081816439674,8331000
2011-07-26,40.5351448059082,41.170491903179496,40.4639862412419,40.93668463672577,7401700
2011-07-27,39.7066535949707,40.52498096664655,39.498257885655924,40.209847410311134,4985700
2011-07-28,39.73207092285156,40.281011825415405,39.66091234783605,39.7168232107556,5819700
2011-07-29,39.33052444458008,39.508424730166674,38.88324149400864,39.20853889039711,5697600
2011-08-01,38.33938217163086,40.11327003237443,37.88701538660901,39.87946278556487,6918500
2011-08-02,37.33300018310547,38.629110031350635,37.32283633408876,38.22248626935368,5359000
2011-08-03,36.580753326416016,37.587141183411475,36.1537979644696,37.449907885767296,8598900
2011-08-04,33.815025329589844,36.1528940122768,33.6622220325962,36.14779953279054,11297700
2011-08-05,32.87274932861328,34.66562143341122,31.843884008659842,34.51791261305225,10161000
2011-08-08,29.327756881713867,32.220802224965304,29.18514056108568,31.375299091925672,12113000
2011-08-09,30.962726593017578,31.028939281861206,28.81331481392585,30.000075935321874,10420200
2011-08-10,29.842178344726562,31.013657901755785,29.47545356608369,30.331143420934055,9778000
2011-08-11,30.952539443969727,31.400758426467565,29.43980159239863,30.295491493996966,8103700
2011-08-12,31.456790924072266,31.84898237597628,31.15118815418668,31.533192588031174,6502800
2011-08-15,32.888031005859375,32.93896414714754,31.757297393894028,31.787858444451803,6386300
2011-08-16,31.777671813964844,32.66392091819295,31.55356326940741,32.27173145096114,5172200
2011-08-17,32.46018981933594,32.70467242354276,31.996691184552684,32.098559422049284,5553300
2011-08-18,29.684282302856445,31.522996775671896,29.312464990801235,31.492437672993745,9696200
2011-08-19,27.921974182128906,29.612980133964214,27.733519226254888,29.24116275919664,11824300
2011-08-22,27.071378707885742,28.813317803912202,26.94913644745722,28.721636594334516,9643300
2011-08-23,28.4364070892334,28.482245749753993,26.84726746337756,27.32604753165678,12374000
2011-08-24,28.538267135620117,28.60957429370785,27.789540032724574,28.247944024563296,5431500
2011-08-25,27.636749267578125,29.017060232479988,27.50432190590324,28.82860329455294,6734800
2011-08-26,28.823518753051758,28.93557405069326,27.076484332612967,27.13251198143372,7048700
2011-08-29,29.944042205810547,29.97460130427626,29.129098587513777,29.34811452706438,4613700
2011-08-30,30.31586456298828,30.580721137736493,29.373586028080773,29.750497830638682,5271100
2011-08-31,31.125722885131836,31.558660484445106,30.39227309790451,30.682598267332065,8544500
2011-09-01,30.473764419555664,31.823512096163537,30.44829590588539,31.370200531669862,8175800
2011-09-02,29.679201126098633,30.02555200415893,29.210607961615487,29.302289190688814,5782400
2011-09-06,29.317556381225586,29.409237565550185,28.05948830752916,28.283596789781356,5156500
2011-09-07,30.759002685546875,30.75900268554687,29.750511017181857,29.938966030503877,4273200
2011-09-08,30.107053756713867,31.06970496017768,29.872758087262763,30.387190052185897,4004000
2011-09-09,28.92538070678711,29.76069688815222,28.594309368647735,29.699576713240837,5906300
2011-09-12,29.388874053955078,29.42452764473156,28.242860782775526,28.339634537315256,5383200
2011-09-13,29.41942024230957,29.618064087495007,28.68088023521092,29.465260830740963,4790700
2011-09-14,29.541671752929688,29.923676129045155,28.349818021730428,29.419429497663852,6464900
2011-09-15,30.36171531677246,30.473770582062475,29.781068838406387,30.010269963990222,5555500
2011-09-16,30.127416610717773,30.769183193682743,29.556955266998923,30.63166136669561,4763400
2011-09-19,29.404146194458008,29.71993589440785,28.808220376344213,29.358305597451217,3739400
2011-09-20,29.475461959838867,30.646941850471528,29.368501183266876,29.6588244013766,5793600
2011-09-21,27.672399520874023,29.87274469768752,27.601090401155894,29.55186045936789,6952800
2011-09-22,26.00176429748535,26.480544361849432,25.298875697295895,26.297181949367424,10346500
2011-09-23,25.268321990966797,25.747100214682302,24.85575647470732,25.48224355593272,7274500
2011-09-26,25.915178298950195,25.955924423438073,24.37697372578044,25.522986893008504,7406900
2011-09-27,26.24624252319336,26.99497160260226,26.052695069135154,26.923664441320348,6156600
2011-09-28,24.835372924804688,26.363390179504037,24.77934725756422,26.35829764356378,5699400
2011-09-29,24.74878692626953,25.752185574192275,24.101926036647086,25.61466378414897,7234500
2011-09-30,23.50600242614746,24.122302328094403,23.44997480906598,24.122302328094403,7812500
2011-10-03,22.65030860900879,24.01533744458725,22.65030860900879,23.062872003905902,9549800
2011-10-04,23.037416458129883,23.07816453502736,21.346410126389646,22.1307931198888,12600000
2011-10-05,24.860841751098633,24.998363538935745,22.47204016889115,23.185115674052224,9066800
2011-10-06,25.237756729125977,25.971206413588867,24.351507617699767,24.534868095840654,7682700
2011-10-07,25.120609283447266,25.655415056872357,24.68767173900192,25.35999933010344,6361600
2011-10-10,26.536571502685547,26.82689469080858,25.818403309490446,25.818403309490446,5599300
2011-10-11,27.11212158203125,27.53996652777124,26.23096512271637,26.312459305572816,6692500
2011-10-12,27.239469528198242,27.865956725977362,26.61807486925734,27.300589709134478,6417800
2011-10-13,27.18852424621582,27.326046049241448,26.409234029070618,27.025535874402042,5094900
2011-10-14,28.8642520904541,28.884626125162697,27.590904065790166,27.69277229635826,6323300
2011-10-17,27.21908950805664,28.986497371951653,27.15796934054582,28.477158109086243,7652000
2011-10-18,28.380380630493164,28.553556034898662,26.592598963987168,27.147778765495246,7348100
2011-10-19,27.657121658325195,29.078178671801414,27.473759212331473,28.278516182420553,7788900
2011-10-20,27.42790985107422,27.75388850828121,26.658808662367786,27.748794029198184,6769300
2011-10-21,27.753896713256836,28.324356131810525,27.275116572581815,27.713148640444043,7861700
2011-10-24,28.782764434814453,28.83369953315977,27.906702116003622,27.906702116003622,4569200
2011-10-25,28.222484588623047,29.037426519719478,28.044216648375336,28.99668039465207,5623100
2011-10-26,28.767478942871094,29.006868998276282,27.911788896928016,28.614677565304458,6048400
2011-10-27,30.952539443969727,31.528093210122382,29.888020574896473,29.984794311003277,9460100
2011-10-28,31.013654708862305,31.12061544396324,30.40244745504022,30.555250725726463,5061500
2011-10-31,29.536582946777344,30.49413930490921,29.302285423172762,30.48395228710249,8297500
2011-11-01,27.27001190185547,27.75897690020584,26.164745205757576,26.837072564232884,15171500
2011-11-02,28.079864501953125,28.56373702477664,27.524684817592878,28.36509314810005,6349500
2011-11-03,29.034923553466797,29.17282052551576,27.84492678828724,28.432263578560335,6042200
2011-11-04,28.677413940429688,29.228999859009765,28.29436746009416,28.743807260929735,3960700
2011-11-07,29.009403228759766,29.25966126510385,28.136057214171956,28.677430588711978,4697700
2011-11-08,30.327072143554688,30.41900346963644,29.172824137539543,29.280078650151896,7051600
2011-11-09,28.483346939086914,29.484374973246737,28.350556352922858,29.218795749194484,7383500
2011-11-10,29.23412322998047,29.68356326132385,28.544638042789806,29.520130168421503,5871900
2011-11-11,29.724414825439453,30.362825788407328,29.448620821851176,29.663127918511716,4175800
2011-11-14,29.254547119140625,29.612057694197553,28.983861459356156,29.463945864087755,3454200
2011-11-15,28.932783126831055,29.53544317978179,28.835743421928946,29.142181826702043,5361900
2011-11-16,29.535465240478516,30.56202988995747,28.713191065161915,28.743833564733958,6650800
2011-11-17,28.427152633666992,29.606936352720975,28.115607888704147,29.438394986452582,5482400
2011-11-18,27.604900360107422,28.912367220957652,27.405716374099782,28.759148920049956,5851800
2011-11-21,26.74686622619629,27.04308986000514,26.18506533567872,27.04308986000514,5148100
2011-11-22,26.19528579711914,26.940949524914384,25.94502777841398,26.66515545081714,4101300
2011-11-23,25.0154972076416,25.91438101604897,24.995067587387837,25.735624761242274,6772700
2011-11-25,24.95931625366211,25.531333920285636,24.846957240944736,24.918458962203733,2047400
2011-11-28,26.185060501098633,26.66514477438826,25.873515684536336,26.082914372152334,5382700
2011-11-29,26.0573787689209,26.741755311710232,26.02162791542466,26.409780874073277,4373200
2011-11-30,27.890907287597656,27.936872969407645,26.797947684867196,27.354642298665343,7533100
2011-12-01,28.217769622802734,28.39652394517525,27.62021778949233,27.7530064363582,5366900
2011-12-02,27.38527488708496,28.656990325213545,27.278022317728787,28.217763290773345,6876000
2011-12-05,27.936872482299805,28.570175255888138,27.70704407725717,28.125841638323198,5631200
2011-12-06,26.96647834777832,28.263729875839488,26.900083062945498,27.998150684783813,8446400
2011-12-07,25.90416717529297,26.889873984251654,25.776484966342633,26.889873984251654,10531000
2011-12-08,25.025714874267578,26.46597014586334,24.90824746681414,25.71519807618698,7989300
2011-12-09,25.735628128051758,25.909276026374226,25.051251346225108,25.081895780614747,5256300
2011-12-12,24.821413040161133,25.224889164483464,24.46390452319228,25.224889164483464,4324200
2011-12-13,24.453693389892578,25.327039095319844,24.285151965191393,24.98995819419306,5586400
2011-12-14,23.473098754882812,24.305587371170876,23.406705403531017,24.080867366329922,7847700
2011-12-15,22.89086151123047,24.055322391596928,22.819359800790494,23.942963395880746,8177300
2011-12-16,23.457778930664062,23.83571723203858,23.12580436072391,23.212629288299897,7237800
2011-12-19,22.94704246520996,23.743780001723422,22.906183230800053,23.636525485535177,5179000
2011-12-20,24.53030776977539,24.67331318267522,23.508849997831863,23.508849997831863,11439600
2011-12-21,24.903133392333984,25.035923960498952,24.060432110278033,24.663092200809867,6578400
2011-12-22,25.449617385864258,25.500689487249694,24.80609799806338,24.9899606802922,6048500
2011-12-23,25.480262756347656,25.536443243206875,25.30661486436281,25.449620271352455,3321700
2011-12-27,25.250436782836914,25.613055792122967,25.240221970773458,25.48537356374404,2288400
2011-12-28,24.484346389770508,25.275977860600296,24.463918711435852,25.158508481724787,3252000
2011-12-29,24.601795196533203,24.857159491028792,24.33110966781586,24.683513641115745,3392000
2011-12-30,24.841846466064453,24.974637034118217,24.560946038947705,24.65287737120782,2460100
2012-01-03,26.0573787689209,26.210596990801264,25.536435255907342,25.893945739145124,5725200
2012-01-04,26.317855834960938,26.51703976579026,25.653908749437925,25.858201059572327,4895200
2012-01-05,25.95523452758789,26.098237951982416,25.659012870159863,26.08802509161898,4976600
2012-01-06,26.179964065551758,26.31275467823933,25.822455373568868,26.02674577637677,4093600
2012-01-09,26.343395233154297,26.409788581437436,25.914382917722197,26.016527129935014,4753800
2012-01-10,26.532352447509766,27.048187501306902,26.404670291312197,26.915398916102472,6283100
2012-01-11,25.643695831298828,26.465969615263678,25.51601361511239,26.46086318385766,6246700
2012-01-12,24.6630916595459,25.960343144476777,24.601802807149163,25.76115729660072,9837500
2012-01-13,24.525196075439453,24.678414318697563,24.167685542320086,24.346439834741936,6633800
2012-01-17,24.36176300048828,25.020603588996345,24.26472328616925,24.933778683988564,6442200
2012-01-18,24.800989151000977,24.831631629536584,24.131933777690037,24.397512965227,9917600
2012-01-19,24.908246994018555,25.510907210923612,24.755028724086557,25.03592921034122,11198400
2012-01-20,25.16871452331543,25.378113252409015,24.719274584167472,25.148286852100156,7865800
2012-01-23,24.377084732055664,25.19935838957941,24.27493858515833,25.132963101854788,11370300
2012-01-24,24.22897720336914,24.48434164165696,23.243270315716064,23.49352832247959,17053400
2012-01-25,24.596704483032227,24.71928027994633,23.621212332735706,23.988937775201812,12730500
2012-01-26,24.566059112548828,25.21468504411039,24.41284083343986,24.943999352742004,8791600
2012-01-27,25.184045791625977,25.378121394226827,24.443488407834472,24.504775337693882,7056000
2012-01-30,25.240215301513672,25.367897496154942,24.647769996309215,24.816311428408014,6198400
2012-01-31,25.09210968017578,25.68966151698682,25.035929193307872,25.480262760291158,7499900
2012-02-01,25.321935653686523,25.684552645764406,25.102322106760298,25.480260339882765,6071100
2012-02-02,25.94692039489746,26.059620395070244,25.37316676741174,25.47562291190479,6070400
2012-02-03,26.12621307373047,26.433579504687348,25.911056962898275,26.38235241759057,6256200
2012-02-06,26.684595108032227,26.715332530714246,25.88031777930511,25.91617712867348,5461400
2012-02-07,26.141590118408203,26.761449036473056,25.946925554767187,26.669238683510972,6428500
2012-02-08,25.567825317382812,26.366980651566813,25.485860818045055,26.25940065840841,7665200
2012-02-09,25.122140884399414,25.706138126247126,24.917228680086566,25.706138126247126,7579500
2012-02-10,24.39470863342285,24.917233088089358,24.322989935482184,24.79940923373141,7677100
2012-02-13,24.538148880004883,24.866006913533777,24.28200954703693,24.609867580565826,7244100
2012-02-14,24.589384078979492,24.645735063497337,24.256402054567843,24.558646645372846,4149400
2012-02-15,24.292255401611328,24.737939284701703,24.159063797339797,24.655974769568104,7361700
2012-02-16,24.845518112182617,24.886501348109977,24.02587293551787,24.353731006183768,8167900
2012-02-17,25.64467430114746,25.752252367010513,24.886502004197663,25.193868465003042,8637800
2012-02-21,26.249162673950195,26.587266553575617,25.823970395079005,25.823970395079005,10227000
2012-02-22,26.822914123535156,27.11491283794481,26.121092823479348,26.121092823479348,8689300
2012-02-23,26.843408584594727,26.894635680405834,26.37723497763523,26.84853051250046,5470600
2012-02-24,26.61799430847168,27.099537420022237,26.55652142659694,26.940730358142506,6196600
2012-02-27,25.905933380126953,26.27477466487496,25.639548224940967,26.131335301812886,7658900
2012-02-28,26.12621307373047,26.290142097465885,25.690776970843537,26.0903537219251,5597300
2012-02-29,25.757368087768555,26.40796216208112,25.613930701182042,26.10571770163966,5409600
2012-03-01,26.003267288208008,26.064742142382062,25.757373734076545,25.88544341565678,4678800
2012-03-02,25.117023468017578,26.054494405841144,25.029937028996038,25.96740601263149,10923100
2012-03-05,24.620115280151367,25.086288823805432,24.343484310285042,25.029937853552493,7518300
2012-03-06,24.1641788482666,24.22052980279565,23.95414471586863,24.179548533984832,7122300
2012-03-07,24.358848571777344,24.589374347119165,24.1385686035827,24.399831800366066,3770700
2012-03-08,24.97357749938965,25.08115551807434,24.425439647020088,24.574000884739394,4454000
2012-03-09,24.99407196044922,25.2450873660182,24.912107467216213,25.117017723204896,4998900
2012-03-12,24.37933921813965,25.055546829502944,24.27688310492355,25.019687483005484,3973200
2012-03-13,24.8967342376709,24.927471651078786,24.302491257763474,24.54326277732345,5011400
2012-03-14,24.538148880004883,24.978706891191816,24.466428225255914,24.947971421915998,6502200
2012-03-15,24.37933921813965,24.594495297124414,24.194918605188235,24.579127564107736,7431900
2012-03-16,25.076040267944336,25.321933785045687,24.522778388825326,24.548391930446474,10849500
2012-03-19,25.035058975219727,25.229725424142128,24.614990606726423,24.917235111294836,4802600
2012-03-20,24.49717140197754,24.789170153803024,24.235910080834703,24.75843467730886,5238200
2012-03-21,23.07303237915039,23.97464200247494,23.01155753010083,23.58018718158667,24552300
2012-03-22,22.140687942504883,22.832263465275926,21.976758900748955,22.832263465275926,16408700
2012-03-23,22.391700744628906,22.796401372837227,22.17142075480352,22.22777172255254,9005200
2012-03-26,22.084327697753906,22.540255275891717,21.889661309562342,22.468536594502062,9064600
2012-03-27,21.490087509155273,22.212400251889505,21.484963628846288,22.094576409223667,11484600
2012-03-28,20.911212921142578,21.510579917247952,20.82412649454786,21.377386382918832,12360800
2012-03-29,20.89583969116211,21.105873790025367,20.593595309462554,20.747278462793936,10722100
2012-03-30,21.484966278076172,21.60279013527042,21.039284391439132,21.116126972047034,8248500
2012-04-02,21.751346588134766,21.946012982733407,21.315910605830314,21.433734436875195,7101400
2012-04-03,21.38251495361328,21.705249145042277,21.20321622640891,21.689881408551827,7144700
2012-04-04,21.172483444213867,21.24932409061996,20.865114996023962,21.044413746015202,6745400
2012-04-05,21.00343132019043,21.377394618949726,20.906099049287683,21.085395852052898,6207000
2012-04-09,20.788267135620117,21.008545142226954,20.593600714739,20.70117875488863,4561400
2012-04-10,20.634578704833984,20.839490899916875,20.183775002351652,20.752402533041014,8652300
2012-04-11,20.73703956604004,21.090511131859802,20.675566675068772,20.957319542390724,5840500
2012-04-12,21.39788055419922,21.577177309318195,20.778023824572973,20.803637367563102,5417800
2012-04-13,21.029035568237305,21.402998701581904,20.916335608144724,21.254439396797906,5672800
2012-04-16,20.900964736938477,21.182717552480284,20.59359838438152,21.172473701024316,6238800
2012-04-17,21.274934768676758,21.500338657772055,21.003427670471872,21.131497351389385,6147600
2012-04-18,21.162235260009766,21.843564961821386,21.00855007605999,21.218584279377954,6635000
2012-04-19,21.0136661529541,21.587417576251248,20.916333932899803,21.233946083665852,7073600
2012-04-20,20.726789474487305,21.561804050525183,20.72166754887667,21.223700288784013,6855100
2012-04-23,21.03928565979004,21.326162429940815,20.250376007516504,20.450164384115673,7432900
2012-04-24,22.04846954345703,22.7195532018739,21.787206385265073,21.946013441307002,16725700
2012-04-25,22.22265625,22.473671783003024,21.67963998528884,22.29437497371515,7887700
2012-04-26,22.161174774169922,22.386578643411678,22.027983177590038,22.171420582243464,4731300
2012-04-27,21.98187255859375,22.33022212982034,21.771838430723683,22.30973051876287,4654300
2012-04-30,22.596614837646484,22.596614837646484,21.951142550794373,21.966512241368733,5578300
2012-05-01,22.929588317871094,23.139622456925718,22.627343878335154,22.745169671096154,6242800
2012-05-02,22.75029754638672,22.80152463596691,22.45317690928286,22.734929810350305,5952600
2012-05-03,22.020387649536133,22.95075487045346,21.979265536412367,22.65262543273698,5227000
2012-05-04,21.167133331298828,21.814791230071453,20.94096748554562,21.814791230071453,7163300
2012-05-07,21.475540161132812,21.74796936949521,20.79704070476309,21.0129279649595,6069100
2012-05-08,21.275074005126953,21.35217701578208,20.745639345115535,21.326476665834043,6532600
2012-05-09,21.254518508911133,21.35218260943425,20.576018896318466,20.817606562903205,6631200
2012-05-10,21.41899299621582,21.634880203831333,21.259649683805694,21.434414771566598,5454600
2012-05-11,21.44468879699707,21.717115895565076,21.14655940091057,21.182540264464457,5773000
2012-05-14,21.372732162475586,21.41899160308733,20.997499706045122,21.084883224647296,5643400
2012-05-15,21.05404281616211,21.470395452285192,20.935819663862848,21.38301192878799,8000800
2012-05-16,20.966663360595703,21.521798303739512,20.673675092667708,20.992363707450465,6628700
2012-05-17,20.96152114868164,21.35731274659856,20.848439235570158,21.00778255521247,5963900
2012-05-18,20.781618118286133,21.48581783161743,20.704515115455422,21.126007086425467,6255600
2012-05-21,21.58348274230957,21.624602907502485,20.848441406884078,20.858721938385028,4430700
2012-05-22,21.311052322387695,21.927870450960338,21.131147933592285,21.485817426136432,5587500
2012-05-23,21.44468879699707,21.58861225121262,20.755909184835506,21.064317146957396,5277200
2012-05-24,21.203107833862305,21.444695386943888,20.87927800155453,21.40871451233309,6001700
2012-05-25,21.352170944213867,21.557775646144727,21.14656428147255,21.213386740985047,3090100
2012-05-29,22.27225685119629,22.30309647683616,21.619457977410484,21.63487779023042,7069300
2012-05-30,21.881607055664062,22.12319460795053,21.691422153231418,21.948429520068732,8447000
2012-05-31,21.449848175048828,22.004985379913897,21.043775807876617,21.897040727315574,8726900
2012-06-01,20.940963745117188,21.228810777241,20.797038268244435,20.86900002627539,6914500
2012-06-04,20.992368698120117,21.2288150826933,20.62227734083253,21.069471717825444,6158900
2012-06-05,21.115724563598633,21.32647050963525,20.82273438417168,20.8998373725699,6659800
2012-06-06,20.89470863342285,21.72227106105338,20.57087866385612,21.275078600764086,12948700
2012-06-07,20.622272491455078,21.295632561330798,20.591432859473954,21.146567804052765,7121900
2012-06-08,20.175090789794922,20.581163151445505,20.00032559369289,20.468079212552478,8660600
2012-06-11,19.85125160217285,20.45778924061245,19.8204119681982,20.370407663269734,4378500
2012-06-12,20.18536949157715,20.20078931427501,19.691915557129196,19.954062347051035,6043600
2012-06-13,19.887235641479492,20.334430013258743,19.779292983799486,20.062000784737638,4799600
2012-06-14,20.324146270751953,20.4269496259903,19.738169694947572,19.892373747399635,4986900
2012-06-15,20.755916595458984,20.761055880311595,20.3138635873278,20.442367277560784,4580800
2012-06-18,20.36012840270996,20.524612996879508,20.087701161268722,20.478351582218632,3387500
2012-06-19,21.064329147338867,21.177413046252305,20.462932690341667,20.560594809796196,3895100
2012-06-20,21.012924194335938,21.300771208530897,20.797036972879,21.14142788590461,4060500
2012-06-21,20.072275161743164,20.92040026524651,20.031155002252973,20.9152590198036,5471800
2012-06-22,20.1185359954834,20.30872089444849,19.928351096518305,20.293301080178786,5257800
2012-06-25,19.599384307861328,19.794708514445166,19.419477956562577,19.794708514445166,4528300
2012-06-26,19.66620445251465,19.748446738181627,19.059668821227397,19.61480375927682,5028300
2012-06-27,20.24704933166504,20.27274968797366,19.743314896932283,19.784437035675282,4201600
2012-06-28,20.540029525756836,20.586290933009874,20.015734230492622,20.046575822264888,5162500
2012-06-29,21.126012802124023,21.34703937850652,20.843304983275424,21.038631205364656,5959200
2012-07-02,21.028343200683594,21.29048985863943,20.745635482273396,21.15170760259911,3759400
2012-07-03,21.645160675048828,21.69142207935441,21.17740734743042,21.449834527890747,2850900
2012-07-05,20.92554473876953,21.490962268248104,20.879283322365023,21.490962268248104,4791500
2012-07-06,20.704519271850586,20.894706194129807,20.545175909868412,20.555456443030362,3452300
2012-07-09,20.570873260498047,20.889561898767955,20.416669207193962,20.62227395799577,3005800
2012-07-10,20.175090789794922,20.79704853208294,20.01574541779219,20.730227987111434,6705400
2012-07-11,20.283021926879883,20.457787023435504,20.097976299843257,20.231621235285573,4402900
2012-07-12,19.969472885131836,20.087698006886583,19.604522871677148,19.96433360022589,6683400
2012-07-13,20.200782775878906,20.267605253960575,20.05685924845162,20.05685924845162,3857800
2012-07-16,20.29330825805664,20.498915004826472,19.938638678730502,20.108262578126045,4930700
2012-07-17,21.033483505249023,21.04376403597468,20.329283817432916,20.4629287560557,5658400
2012-07-18,21.50638198852539,21.604044106794905,20.848443590054753,20.9152641105918,6949200
2012-07-19,21.460113525390625,21.747962460604995,21.33674913578148,21.62459807099585,7303700
2012-07-20,23.433935165405273,24.210096662405647,23.156366698606114,23.824585556565996,20605400
2012-07-23,23.762897491455078,24.030185349895536,22.709167830840972,22.86851308129884,9967800
2012-07-24,23.202621459960938,23.814300160840812,22.94047484587693,23.726916648939266,5885800
2012-07-25,23.14094352722168,23.449351582860892,22.91477775047363,23.336269674892165,4086000
2012-07-26,23.891408920288086,23.97879246048744,23.495617268256677,23.58300080845603,4840000
2012-07-27,24.338603973388672,24.539071425232635,23.685806796214106,24.071317959219066,5978900
2012-07-30,24.338603973388672,24.59561141539198,24.158699548310825,24.25636167038006,4641400
2012-07-31,23.809173583984375,24.487673196936402,23.783473227289978,24.199826064660712,3994100
2012-08-01,24.153549194335938,24.43625685883208,23.644673829594666,23.90168115382939,3654300
2012-08-02,23.79258918762207,24.122611787528097,23.478035782371062,23.787433445100355,4023300
2012-08-03,24.225746154785156,24.48873428614114,24.122613592823793,24.25668651350057,2806000
2012-08-06,24.323720932006836,24.612491711193318,24.266999891837887,24.2927825404765,2144500
2012-08-07,24.860013961791992,25.138471347278937,24.390762575326402,24.462954793691814,4645600
2012-08-08,24.50420570373535,24.813601450582166,24.272157910055153,24.61249401842272,3959100
2012-08-09,24.973466873168945,25.303489657714035,24.42170966142807,24.59703451160402,4576800
2012-08-10,25.107526779174805,25.133311396066556,24.674371574400524,24.78781759403596,2865100
2012-08-13,24.746566772460938,25.133312436770293,24.566084282195803,24.952829946505158,2537800
2012-08-14,24.395919799804688,24.911580740232758,24.323725615788835,24.762038595406924,3137300
2012-08-15,24.339187622070312,24.473258550607007,24.184489791577313,24.323716462058265,2398800
2012-08-16,24.401077270507812,24.493896403720733,24.220596715421866,24.31857159288416,2595100
2012-08-17,24.401077270507812,24.63828084778949,24.349511959651974,24.48358294813146,2173200
2012-08-20,24.653751373291016,24.725943593447134,24.23090954058476,24.323726704292298,3165200
2012-08-21,24.519670486450195,24.86516424308058,24.406226448812166,24.72077788240244,2604800
2012-08-22,24.597028732299805,24.64343829841528,24.318571335606975,24.41654621203275,3027600
2012-08-23,24.416545867919922,24.80844930228076,24.370136302458523,24.540305364847153,3150100
2012-08-24,24.499048233032227,24.581553897471505,24.17418328579081,24.3804464633439,2485000
2012-08-27,24.334043502807617,24.658910505233308,24.297947387770403,24.49389913160868,1404200
2012-08-28,24.184492111206055,24.38044179731632,24.05557691224886,24.256684307887713,2176000
2012-08-29,23.622426986694336,24.225749306972435,23.51413670064497,24.21028010914692,3653600
2012-08-30,23.204740524291992,23.514136277779794,22.776741032640633,23.514136277779794,6137900
2012-08-31,23.514135360717773,23.68946013874718,23.245993433934125,23.457414316226334,3326600
2012-09-04,23.0294132232666,23.431628052273414,22.66329449598655,23.38006275468947,4452200
2012-09-05,22.926292419433594,23.091303816841197,22.730342614443956,22.85410017895415,3841300
2012-09-06,23.354286193847656,23.684308905430626,23.137707559939756,23.168647926809605,3057700
2012-09-07,24.10199546813965,24.23606645963052,23.39553849758564,23.411009664862306,4083100
2012-09-10,24.055580139160156,24.236060655074674,23.952447572741818,24.07620507877175,2881300
2012-09-11,24.380447387695312,24.493893418259297,24.076207369711216,24.14840155003666,2335700
2012-09-12,24.762033462524414,24.834225664485277,24.421697391073227,24.4887338502183,3168600
2012-09-13,25.246753692626953,25.318945893886475,24.571239266192904,24.75687551210741,3452700
2012-09-14,25.803672790527344,26.283237601294562,25.329263723416737,25.46849240722886,5295500
2012-09-17,25.834604263305664,26.087278910752694,25.685064132255143,25.76756977828258,3814500
2012-09-18,25.215818405151367,25.700538935469577,24.932203340884662,25.700538935469577,4952700
2012-09-19,24.808443069458008,25.205502148184696,24.69499705636753,25.205502148184696,3732900
2012-09-20,24.4732666015625,24.627964482946364,24.28247261342541,24.566085723810875,5317400
2012-09-21,24.18964958190918,24.68468350917167,24.065890116548573,24.607335564525012,6189800
2012-09-24,24.17933464050293,24.46810539717165,24.029792536133957,24.12776934724666,3620000
2012-09-25,23.885412216186523,24.236061778001414,23.79775080927789,24.23090603463216,6179500
2012-09-26,23.395536422729492,23.79259558471392,23.30787500666183,23.741030277272984,5267800
2012-09-27,23.627592086791992,23.68947086968828,23.307882746888293,23.591495966178236,3911000
2012-09-28,23.32335090637207,23.55024107822521,23.029424241913542,23.478048840230617,5129000
2012-10-01,23.23052406311035,23.60695629883012,23.14801839455657,23.498667977682715,4079600
2012-10-02,23.251150131225586,23.323342342713282,22.848935257456876,23.158331011572773,3807100
2012-10-03,22.420930862426758,23.060351106099723,22.338425214897,23.060351106099723,6371100
2012-10-04,22.67877197265625,22.71486808756297,22.348749226600123,22.44156836981475,5607200
2012-10-05,22.426088333129883,22.792207017202244,22.353894171106372,22.776735856080887,3531200
2012-10-08,22.714855194091797,22.7406378376631,22.27654435211077,22.364205733671128,2637500
2012-10-09,23.137706756591797,23.2820931632141,22.750961036053955,22.761274491319153,5038100
2012-10-10,22.77157974243164,23.08097542055655,22.709701000224612,23.003627484570195,3377700
2012-10-11,23.024255752563477,23.323337996868727,22.771581092347258,23.05003839942067,4258800
2012-10-12,23.086132049560547,23.25629907443935,22.792205578969252,22.993312957048595,3422100
2012-10-15,23.178951263427734,23.204733907685004,22.838615244798607,23.02940917281002,2931700
2012-10-16,23.503826141357422,23.684306680080827,23.225368766963875,23.266620618490506,4267300
2012-10-17,24.0916748046875,24.112299743068316,23.04488197357972,23.359435397194325,6210000
2012-10-18,24.287628173828125,24.55577208417929,23.921509398327423,24.112303385025072,5431000
2012-10-19,23.075828552246094,24.18450043153658,22.82831152114437,23.24599761761694,11212100
2012-10-22,22.699392318725586,23.086137981197325,22.348742760717325,22.92112665590993,6004600
2012-10-23,22.19919776916504,22.498281987103343,21.967150008193926,22.31779952097474,5445100
2012-10-24,22.023883819580078,22.431256536833576,21.853716689429284,22.261087439591908,3783200
2012-10-25,22.389989852905273,22.46218401358851,22.147630626854237,22.281701562515043,2995400
2012-10-26,22.389989852905273,22.591099207031093,22.204353626703337,22.31264191709357,3257000
2012-10-31,21.642284393310547,22.616882990028664,21.559778744040493,22.616882990028664,7143500
2012-11-01,22.020076751708984,22.154630620053513,21.63194378202852,21.869998196304078,5908900
2012-11-02,21.52326202392578,22.206375733927437,21.461161315965427,22.190851050473828,4601900
2012-11-05,21.75096321105957,21.864816139845736,21.295555444206244,21.440457736009968,3048800
2012-11-06,22.082172393798828,22.128748418410904,21.735441301577982,21.83376758724973,2704700
2012-11-07,21.383533477783203,21.62158783149131,21.161003807185576,21.575011808013997,4658500
2012-11-08,21.052326202392578,21.57501091156847,21.031625309674816,21.430108610835706,4279200
2012-11-09,21.067852020263672,21.419759318847763,20.90742502841962,20.990226629607292,3975100
2012-11-12,21.067852020263672,21.274857010305805,21.06267778387827,21.14030317453465,2725000
2012-11-13,20.829795837402344,21.254154253052548,20.75216847940591,20.917771667262297,3852200
2012-11-14,20.514116287231445,20.9540014049337,20.472716473014177,20.922950063661304,4657500
2012-11-15,20.633142471313477,21.104076933403768,20.410612804970675,20.772870539073782,5574800
2012-11-16,20.819448471069336,20.92812520902356,20.41579088772735,20.659019495413567,5344100
2012-11-19,21.538782119750977,21.538782119750977,21.16617597720575,21.19722533749965,3152500
2012-11-20,21.32659912109375,21.46115290544713,21.124770418708813,21.46115290544713,2817100
2012-11-21,21.388704299926758,21.523256125994486,21.16099847622624,21.36282720240052,1747400
2012-11-23,21.6474609375,21.662985617743253,21.316252623861754,21.47668155824221,1002200
2012-11-26,21.52326202392578,21.543962917961206,21.192055615942667,21.440460421930005,4480900
2012-11-27,21.538782119750977,21.761311747869545,21.399054075991955,21.512906994790896,2534000
2012-11-28,21.926916122436523,21.942442777582837,21.29555474727846,21.39905525281068,3281900
2012-11-29,22.227079391479492,22.346106585763085,22.035601033209904,22.102875985970527,3185700
2012-11-30,22.330568313598633,22.563446349248444,22.159788981700817,22.201190749728756,4987900
2012-12-03,22.108047485351562,22.599680843088898,22.108047485351562,22.527229694544268,3174900
2012-12-04,21.86481475830078,22.444425863038184,21.85446431323371,22.09769483694611,4490000
2012-12-05,21.735441207885742,22.113223639601486,21.67334050005264,21.921745305530965,4809500
2012-12-06,21.72508430480957,21.89068745924922,21.64228272758974,21.67333405935167,3787400
2012-12-07,21.86998748779297,21.973489957190992,21.74578610383167,21.823411475271133,2072000
2012-12-10,21.94243812561035,22.045938609199645,21.787183451936055,21.864810788773205,2130800
2012-12-11,22.19601821899414,22.3409204828088,21.973488614338603,21.973488614338603,2910400
2012-12-12,22.2115478515625,22.37715301390259,22.061471319486547,22.237424953711272,2205300
2012-12-13,21.82859230041504,22.263301184494342,21.66298910401777,22.139097800123476,3126400
2012-12-14,21.264501571655273,21.507732081735764,21.114423087812185,21.45080562413008,5200300
2012-12-17,21.03162384033203,21.2852048230441,20.995398267679683,21.098900749891666,4774600
2012-12-18,21.69921112060547,22.082167709154554,20.519288046276785,20.519288046276785,11570300
2012-12-19,21.280025482177734,21.983839888690706,21.264500803081095,21.77683692886918,6859000
2012-12-20,21.321434020996094,21.399059415244547,21.13512991616623,21.300733126204776,6733900
2012-12-21,21.041982650756836,21.269686622825507,20.95918102690037,21.09373292536221,5811200
2012-12-24,20.86602210998535,21.093726007375295,20.793570959640633,21.04197574974215,1541000
2012-12-26,20.772869110107422,21.047149016391874,20.721118854857952,20.964347423505302,3197900
2012-12-27,20.73664093017578,20.814268277438554,20.472711502944154,20.70041536122527,3531600
2012-12-28,20.66419219970703,20.84532006556144,20.47788812388782,20.84532006556144,3671200
2012-12-31,21.14030647277832,21.14548268411719,20.57621985975969,20.58139607109856,3807700
2013-01-02,21.802724838256836,21.807899076275024,21.20758678469317,21.56466843234346,4605200
2013-01-03,22.020076751708984,22.28918251425167,21.50256612546837,21.756147200950675,4456800
2013-01-04,22.527225494384766,22.56345106190289,21.963139119129924,22.00971513081685,3245500
2013-01-07,22.258115768432617,22.35644398285126,22.076987964206182,22.34091733238542,2785600
2013-01-08,21.921743392944336,21.963143203172464,21.61641214269716,21.963143203172464,3289700
2013-01-09,21.947622299194336,22.056299040664864,21.782019081483217,21.994198327559715,2460800
2013-01-10,22.26847267150879,22.3046982428643,22.097695259996453,22.154621721882425,1818300
2013-01-11,22.258115768432617,22.351267774647646,22.08216219826479,22.30469177154013,2142500
2013-01-14,21.740617752075195,22.268478760053746,21.69921793384051,22.201203808654117,3350800
2013-01-15,21.83376121520996,21.916562793227897,21.549130914157395,21.642282936195738,2966800
2013-01-16,21.978675842285156,22.025251875311525,21.745795677153307,21.787195498651037,1887000
2013-01-17,22.11322021484375,22.19602180384606,21.911391465034704,22.056293752252355,2514300
2013-01-18,22.92571258544922,22.925712585449215,22.247775158063536,22.247775158063536,8071200
2013-01-22,23.210346221923828,23.360424747744702,22.646259671550528,22.873965565663852,6218400
2013-01-23,23.396648406982422,23.546726920490435,22.925713947538448,23.236221421087354,5592700
2013-01-24,23.246562957763672,23.55707033867138,23.04991045474854,23.417342313384697,2699000
2013-01-25,23.603647232055664,24.271236053184193,23.422517426198883,23.494970533028777,5110600
2013-01-28,23.60882568359375,23.90380647600673,23.494974729388552,23.655401702087676,2858200
2013-01-29,23.727853775024414,23.774429795338584,23.443223417169254,23.57777724214163,2975200
2013-01-30,23.262096405029297,23.76925643709723,23.19481949005877,23.676104393029057,4611100
2013-01-31,23.220558166503906,23.40229250694829,23.095938918230793,23.199787961665763,4279300
2013-02-01,23.38152313232422,23.495757282234408,23.16863347706349,23.438640207279313,3732800
2013-02-04,23.038816452026367,23.324399769052025,23.02323979242206,23.215359190311275,2362100
2013-02-05,23.412673950195312,23.41786551021558,23.028433143765728,23.189399234970296,2483800
2013-02-06,23.480180740356445,23.568451143377533,23.054401427624033,23.225750672623253,3449700
2013-02-07,23.28286361694336,23.651525789014684,23.24651675382396,23.532100098657303,2847200
2013-02-08,23.703449249267578,23.70344924926758,23.319208468465703,23.360748868879014,2118900
2013-02-11,23.573638916015625,23.687871057807207,23.417864392267866,23.417864392267866,3001300
2013-02-12,23.791719436645508,23.796912977032836,23.490559459105278,23.54767453807881,2155500
2013-02-13,23.95269203186035,24.009809107127207,23.79691945070446,23.8124961145933,2369500
2013-02-14,24.539443969726562,24.804259231913445,23.895583216843534,23.921544992551368,6129100
2013-02-15,24.18634796142578,24.679627391422702,24.02018832368605,24.62770386639845,4132800
2013-02-19,24.22269058227539,24.482312123432663,24.19153528426466,24.326537614134168,4087700
2013-02-20,23.926727294921875,24.43039184544372,23.911148652211097,24.41481518348853,4753300
2013-02-21,23.656721115112305,23.791723476778476,23.32959734159631,23.791723476778476,3621000
2013-02-22,23.781335830688477,23.900761517281083,23.44902053221246,23.81768269266208,2267300
2013-02-25,22.976511001586914,24.124037968318735,22.9505492384142,23.916341882181456,2866500
2013-02-26,23.08555030822754,23.267286601814934,22.66496461831492,23.132282271635106,2994300
2013-02-27,23.480180740356445,23.57883624621928,22.976514146688856,22.976514146688856,2490000
2013-02-28,23.272480010986328,23.500946305378758,23.13747765083526,23.4230610140147,3045000
2013-03-01,23.049205780029297,23.127093053848625,22.696120238691485,23.106322850062718,3059200
2013-03-04,22.607851028442383,23.038821885427815,22.348229409780682,22.97132169071992,3788800
2013-03-05,22.945363998413086,23.101138595316044,22.597471888377388,22.799976487443693,3285700
2013-03-06,23.06478500366211,23.11151697699181,22.768816499492633,23.080363648609257,2288900
2013-03-07,23.49056053161621,23.573639354808925,23.06477933440373,23.137475037858323,4139900
2013-03-08,23.926727294921875,23.93711041572161,23.56325666350792,23.56844822390779,3980900
2013-03-11,23.802108764648438,23.87999603825115,23.63595109633459,23.843647191349074,3354400
2013-03-12,24.035764694213867,24.035764694213867,23.635947250895637,23.828066652235066,3871500
2013-03-13,23.900758743286133,24.149995188216007,23.822873468420344,24.025377956128665,2162000
2013-03-14,24.518659591674805,24.529044691270485,23.874797282029146,23.95268453861914,3770400
2013-03-15,24.902894973754883,24.92366517011116,24.430383900801722,24.487500950404016,6777800
2013-03-18,24.259044647216797,24.601745104134416,24.108463633225,24.50308762149908,4229100
2013-03-19,23.423063278198242,24.555013719424934,23.18421185905098,24.368085832872886,6894300
2013-03-20,23.339981079101562,23.625564428793012,23.11670635570967,23.50613873640406,4983200
2013-03-21,23.194595336914062,23.329599692942704,23.049207858811684,23.194595336914066,3488100
2013-03-22,23.495758056640625,23.54249003034816,23.345177032387923,23.438640979802987,2885200
2013-03-25,23.308828353881836,23.66191390989511,23.142670678199792,23.620375481352465,3128400
2013-03-26,23.719030380249023,23.765762349145646,23.314021303648744,23.43344700621663,3537500
2013-03-27,24.124032974243164,24.186343569865027,23.44382580845664,23.516519522593658,4160200
2013-03-28,24.098079681396484,24.264237366577486,23.9111517903789,24.092888120315262,3932900
2013-04-01,23.7449893951416,24.196730388322862,23.58402330297106,24.014996075191164,2634700
2013-04-02,23.5321044921875,23.879998507969027,23.397102115503646,23.812496329249175,3079400
2013-04-03,23.121898651123047,23.744990876197534,22.966126090043318,23.56844811210569,2992200
2013-04-04,23.158245086669922,23.319211185896208,22.851891530565403,23.069974696638294,2443600
2013-04-05,23.21016502380371,23.360745985583566,22.779192336107233,22.79996253375033,2653600
2013-04-08,23.241323471069336,23.433444870554734,23.10112955791205,23.236131910889824,3625300
2013-04-09,23.49056053161621,23.589216015171502,23.132281497233873,23.350364646086867,3611200
2013-04-10,24.181156158447266,24.336928725471406,23.52691058464362,23.667106489192044,4412100
2013-04-11,24.248659133911133,24.404431706096776,23.859226713069162,24.17077185744045,2657400
2013-04-12,23.885183334350586,24.051340972998688,23.51132765701471,24.04095587298877,3400500
2013-04-15,22.95574188232422,23.630757660455313,22.91420345543825,23.578834131658944,4883300
2013-04-16,23.365942001342773,23.485367689436757,22.966124533851364,23.163437487585337,3398600
2013-04-17,22.862268447875977,23.02842604790184,22.52476168940368,23.00246429428933,4903200
2013-04-18,23.158245086669922,23.324402746175195,22.31707168783002,22.96612566425861,5815000
2013-04-19,22.628618240356445,23.807298490118086,22.228800762808344,23.68787279902016,8347100
2013-04-22,22.55592155456543,22.940162354229756,22.296299981503306,22.680540781167633,4442500
2013-04-23,22.436494827270508,22.602652467857723,22.119756205915092,22.602652467857723,6489500
2013-04-24,23.075164794921875,23.433443834894174,22.63900047116612,22.7324643963106,5484500
2013-04-25,22.976511001586914,23.241324155157503,22.846700204967778,23.116706899626248,3454000
2013-04-26,22.914213180541992,23.16344978990416,22.550742382438482,22.85709608617132,3789600
2013-04-29,23.303634643554688,23.350366609326908,22.836314985832484,23.075166374999142,2457700
2013-04-30,23.56844711303711,23.578832214102942,22.976510217573058,23.210170039665577,3149000
2013-05-01,23.10113525390625,23.360756903517103,22.981707552019987,23.30883138514134,2661600
2013-05-02,23.53876495361328,23.65859463771179,23.05423510760942,23.194905255235316,2307200
2013-05-03,24.26817512512207,24.393213982113508,23.75238437452619,23.794063331037737,3827000
2013-05-06,24.445310592651367,24.585980782501448,24.22128249858263,24.25775232697451,2474800
2013-05-07,24.445310592651367,24.700601378851125,24.158761089233757,24.51825223689172,3446300
2013-05-08,24.570343017578125,24.606812833492494,24.315052318721627,24.445302229117495,2147900
2013-05-09,24.450515747070312,24.63807595450941,24.320265823843837,24.476565334224386,1872200
2013-05-10,24.403627395629883,24.429676984599066,24.02850695461368,24.341107984612595,1797400
2013-05-13,24.299428939819336,24.40883841446232,24.111868704742,24.315058296923652,1871700
2013-05-14,24.26817512512207,24.549513547081204,24.13792515640619,24.294224721373887,2544800
2013-05-15,23.971202850341797,24.132713523546183,23.6950735586132,24.07019409640054,2648100
2013-05-16,24.096235275268555,24.325474419700438,23.85136478891772,23.85136478891772,1956900
2013-05-17,24.76310920715332,24.851680168535452,24.25252986125338,24.273370321279252,2859000
2013-05-20,25.122610092163086,25.28932986319512,24.622448791610545,24.66933885142933,2521400
2013-05-21,24.950679779052734,25.2528606130963,24.794380238579663,25.138240022603018,2519500
2013-05-22,24.695388793945312,25.336218244031237,24.507828567099423,24.908998610640623,7214200
2013-05-23,24.52346420288086,24.554724911178415,24.04935439138044,24.262964262771685,2756200
2013-05-24,24.5755558013916,24.627656965786823,24.0962370136928,24.33068728483078,1980900
2013-05-28,24.825641632080078,25.075721301283235,24.731861507696827,24.940260238304518,2520900
2013-05-29,24.70060157775879,24.79959082884009,24.460942135694623,24.632871044147052,2761200
2013-05-30,24.226491928100586,24.47136248249976,23.893052357190754,24.091032847714697,4810100
2013-05-31,23.695064544677734,24.184803514685704,23.695064544677734,24.04934447615788,3526800
2013-06-03,23.830530166625977,23.96598923127848,23.471039056184715,23.773219874384246,3037200
2013-06-04,23.66380500793457,23.96598578265127,23.46582655635062,23.74716686644077,2394700
2013-06-05,23.642967224121094,23.94514602024344,23.627335881464724,23.84615679154849,3616100
2013-06-06,23.768009185791016,23.955569422837534,23.48145970695057,23.695069535263237,4469900
2013-06-07,24.221284866333008,24.294224530246982,23.705494119794945,23.830534963259463,2572100
2013-06-10,24.0858211517334,24.46094165362831,24.04935132376657,24.42968094931821,2688800
2013-06-11,23.689855575561523,23.965984764030736,23.622125062132014,23.778424565275795,3350300
2013-06-12,23.62734031677246,23.965990984360165,23.538771304070266,23.898260453351316,3066500
2013-06-13,24.4609375,24.492196211545593,23.68464703483261,23.68464703483261,3901400
2013-06-14,23.981611251831055,24.5182421980099,23.85136135020268,24.492190627719605,4358100
2013-06-17,24.190011978149414,24.356731693848815,23.99203157046046,24.163962395219343,3113600
2013-06-18,24.356740951538086,24.518251607021945,24.163971579639412,24.19523029605423,2073000
2013-06-19,23.908679962158203,24.455729342268977,23.908679962158203,24.299429803302537,2346000
2013-06-20,23.403301239013672,23.72111131519282,23.31473226038316,23.580441183730454,4030500
2013-06-21,23.37725257873535,23.622123038067663,23.033392906300286,23.622123038067663,4449000
2013-06-24,23.095916748046875,23.39288640638896,22.580126190820277,23.101125870361624,4152000
2013-06-25,23.486665725708008,23.637754117277872,23.293894419727724,23.319944005346255,2951800
2013-06-26,23.606502532958984,23.66381084363057,23.351211746967106,23.632552126438174,2408900
2013-06-27,23.89826202392578,24.054561577908707,23.705492640262065,23.715912875521816,3061700
2013-06-28,24.033721923828125,24.283801595507263,23.809691845300787,23.825321203700558,4041800
2013-07-01,24.325477600097656,24.580768351953363,24.12228801569022,24.163968949648833,2296500
2013-07-02,24.78916358947754,25.013191604088,24.283793307496833,24.294213538692464,3968900
2013-07-03,24.81000518798828,24.846475008036588,24.59639539022413,24.711015960350892,1130600
2013-07-05,25.05488395690918,25.148664092988984,24.72144435638401,24.96110382082938,1996600
2013-07-08,25.367483139038086,25.409164082920036,25.133034785800913,25.200763338423886,3227900
2013-07-09,25.50815200805664,25.586302780015565,25.424792112113582,25.508152008056644,3198900
2013-07-10,25.41437530517578,25.607146705358197,25.294545562808228,25.45605625249856,3221300
2013-07-11,25.424787521362305,25.810328212645377,25.304957816796893,25.794696868602006,3571700
2013-07-12,25.612346649169922,25.64360734845645,25.336217428235777,25.41436619526773,3012800
2013-07-15,25.48209571838379,25.78948562656227,25.456046130393645,25.622765878477956,2342300
2013-07-16,25.367483139038086,25.555043411593264,25.16429350625558,25.466474387029315,3226700
2013-07-17,25.47689437866211,25.65924353775481,25.31017457964684,25.409163839231912,3195300
2013-07-18,25.570667266845703,25.7790659628224,25.518566102259374,25.52898633517664,3828500
2013-07-19,24.90378761291504,25.065298250642538,24.40883745371068,24.872528899936786,11261200
2013-07-22,24.752696990966797,25.049668673842614,24.580768108729536,24.851688214410835,4190300
2013-07-23,24.877744674682617,25.258074354774568,24.872535550278883,25.112195021987752,2951000
2013-07-24,24.882944107055664,24.96630397724431,24.669334315481255,24.94025439045837,3117400
2013-07-25,24.726646423339844,24.898577286233888,24.51303661600423,24.763116245022296,2878000
2013-07-26,24.997568130493164,25.028828831432627,24.58076872191544,24.67975796037254,4243900
2013-07-29,24.612024307250977,24.914203070365904,24.533873564874114,24.888153485392262,2641500
2013-07-30,24.55471420288086,24.67975300662809,24.476563459946878,24.617233604754475,2639600
2013-07-31,24.71102523803711,24.88295417032136,24.559934791135554,24.6380855705555,2345300
2013-08-01,25.301610946655273,25.338196467217333,25.07164453258497,25.129136634542878,3514400
2013-08-02,25.306833267211914,25.38523194025605,25.113452399133738,25.270247751460936,2000700
2013-08-05,25.10300636291504,25.296389280629132,25.040288602615103,25.296389280629132,1768100
2013-08-06,24.78942108154297,25.097786296102743,24.684890128617905,25.02984087763714,3133800
2013-08-07,24.846914291381836,24.909632068373384,24.564681304276583,24.700570153385307,2607600
2013-08-08,25.045513153076172,25.21276382947425,24.857359880431265,24.90962434609459,2319100
2013-08-09,24.794647216796875,25.134372322005316,24.637851781224565,25.00893477729019,1949600
2013-08-12,24.841672897338867,24.8887117024876,24.580346645126134,24.62215980248549,1931900
2013-08-13,24.690109252929688,25.035059882915583,24.67442831945664,24.930528966061377,3240500
2013-08-14,24.679656982421875,24.815545784318633,24.596032644232753,24.669203690928047,2437500
2013-08-15,24.74237823486328,24.95666575637171,24.601261770392593,24.60648941375916,2706700
2013-08-16,24.49151039123535,24.81032891646996,24.402658378971548,24.74238349459319,3132800
2013-08-19,24.271982192993164,24.58557489972461,24.235396676271996,24.418326253638956,2196200
2013-08-20,24.481048583984375,24.60125844626958,24.193590044279613,24.230175567855046,2130600
2013-08-21,24.157012939453125,24.418339338213936,24.0890675175219,24.366072862204454,2691000
2013-08-22,24.627395629882812,24.742379866388106,24.204048202316784,24.204048202316784,2491000
2013-08-23,24.831226348876953,24.92530398471347,24.55944872730659,24.669205304528656,2996200
2013-08-26,24.69533920288086,24.967118836534343,24.643074732231316,24.841681315708982,1874300
2013-08-27,24.381746292114258,24.575127209380966,24.172684439993468,24.41310417429927,3617700
2013-08-28,24.66398048400879,24.82600354065999,24.345164008036054,24.407881774517033,3158200
2013-08-29,24.381746292114258,24.72669695248046,24.355612065277974,24.616938383548174,1949000
2013-08-30,24.298128128051758,24.475830149408413,24.214503764693458,24.39220379228802,2739700
2013-09-03,24.486276626586914,24.72669836842173,24.339934517979223,24.58558190922359,3861000
2013-09-04,24.946212768554688,25.04029041268595,24.42356007616403,24.444466662362487,3266300
2013-09-05,25.312076568603516,25.568175337301252,24.998485669939505,25.01939026775808,3093400
2013-09-06,25.604759216308594,25.86085794846763,25.249355185189827,25.500228267080363,3931100
2013-09-09,26.20058250427246,26.399189110644684,25.625663292044372,25.667476468393463,5333200
2013-09-10,26.24762535095215,26.50895176187358,26.122187796454458,26.273757593291833,6400500
2013-09-11,26.2058048248291,26.247617995865575,25.93925283763764,26.174446940313477,4669400
2013-09-12,25.819040298461914,26.132631073843427,25.714509375414238,26.11695213320281,3594700
2013-09-13,25.9758358001709,26.10127131336948,25.834719352501345,25.91311804357161,2549400
2013-09-16,26.106502532958984,26.263297942820476,25.83472289211022,26.226712413644854,3090400
2013-09-17,26.268522262573242,26.482809777079236,26.054234748067252,26.122180153279896,3409000
2013-09-18,26.331239700317383,26.59256601177098,26.017646930316154,26.221481134248112,4005900
2013-09-19,26.25284194946289,26.40441169403629,26.106499847812213,26.341693935294803,2340600
2013-09-20,26.049009323120117,26.383506715108542,25.960157331882222,26.29465671763237,3253200
2013-09-23,25.735422134399414,26.148316289187893,25.724968840210064,25.928803092497464,2238000
2013-09-24,25.74587059020996,25.96015811301046,25.54726400384194,25.709285061470496,2216600
2013-09-25,25.82948875427246,26.1483071372945,25.7406387754034,25.860848625864588,2400300
2013-09-26,25.85562515258789,25.970607370575966,25.73018764942825,25.85562515258789,2445400
2013-09-27,25.88698387145996,25.92356939569945,25.60997861828627,25.646564142525758,2587700
2013-09-30,25.66223907470703,25.808583142566892,25.50544371049261,25.59429567959623,2637600
2013-10-01,25.954938888549805,26.080376442252895,25.515910441232418,25.651801290557618,2153600
2013-10-02,25.93925666809082,26.106505389410895,25.766780302738354,25.819046774252143,2683900
2013-10-03,25.500225067138672,25.90789352483353,25.41137307362772,25.876533645871703,3705100
2013-10-04,25.845176696777344,26.054236582809622,25.296391754520084,25.604756930647397,4384100
2013-10-07,25.615205764770508,25.82949327374133,25.48454260091606,25.589073530751946,2422400
2013-10-08,25.573396682739258,25.87130856121595,25.56294338952371,25.66224668442867,2400200
2013-10-09,25.42182159423828,25.599523554138855,25.280705156044174,25.573391323457294,2496600
2013-10-10,25.944477081298828,25.949704724275986,25.56294088819286,25.698829699174613,2068200
2013-10-11,26.25284194946289,26.41486498612014,25.688378133266276,25.75632154116889,2842600
2013-10-14,26.352148056030273,26.425321108454323,25.834723001912028,26.06468947110216,3676900
2013-10-15,26.195344924926758,26.34691464106158,25.881754196295816,26.200572566868637,4332800
2013-10-16,26.644826889038086,26.75981108859963,26.373047322467972,26.472352583457035,4618800
2013-10-17,27.062957763671875,27.15703541471979,26.535079382802518,26.56121162059095,6902700
2013-10-18,29.033353805541992,29.974128160484177,28.860879470787363,29.252868951493408,15598900
2013-10-21,29.2685489654541,29.39398648113261,28.808614066315123,28.991543693606218,5302600
2013-10-22,29.869590759277344,30.261580128854412,29.44101587470729,29.456694811486845,7368200
2013-10-23,29.37308692932129,29.670998857407938,29.13789277721021,29.62918567758279,5459900
2013-10-24,29.82777976989746,30.094333677081718,29.216277265935666,29.435790371841588,5176200
2013-10-25,30.434066772460938,30.66403324490337,29.94799959731698,29.96368053422481,5929900
2013-10-28,30.33998680114746,30.381799971348457,30.13615258082184,30.324307859202936,4581800
2013-10-29,30.658803939819336,30.690163816134277,30.34521315171638,30.4811019615579,2861100
2013-10-30,30.507244110107422,30.7476659191383,30.209332166456687,30.679720495253772,3390300
2013-10-31,30.43911361694336,30.7168325533779,30.16139468050882,30.491512737399507,3192600
2013-11-01,30.543914794921875,30.62251347802028,30.00419424293394,30.580594580147473,4613800
2013-11-04,30.606796264648438,30.737796077799455,30.43911666372701,30.627756714488243,3478300
2013-11-05,30.32907485961914,30.669673147062312,30.21903350626522,30.538673344453777,3370400
2013-11-06,30.37100601196289,30.596325923279764,30.135205872340673,30.54916589535532,3868800
2013-11-07,29.328229904174805,30.549146752658363,29.19723013079385,30.543907641238203,8411500
2013-11-08,30.35003662109375,30.365757958373386,29.364919437174645,29.364919437174645,5423000
2013-11-11,30.575361251831055,30.774481564385272,30.3186026898917,30.37100182529597,2989500
2013-11-12,29.936073303222656,30.27667156622042,29.773632840043337,30.166632219662596,4533700
2013-11-13,30.156147003173828,30.161388113417274,29.695027247746555,29.79458835339326,4530000
2013-11-14,30.538677215576172,30.559637666386116,30.198078884958313,30.260958238489536,4424900
2013-11-15,30.533432006835938,30.664431799898267,30.350031097209744,30.648712464378214,2853300
2013-11-18,30.040878295898438,30.69063625373783,29.936078044953806,30.601557339718934,3114100
2013-11-19,29.95179557800293,30.245235863184682,29.80507643486126,30.088034496791852,3113000
2013-11-20,29.820791244506836,30.15091126535472,29.75791190683518,30.0251505911133,2929600
2013-11-21,30.33431053161621,30.423391426713383,29.873190719043976,30.030392063462735,3038600
2013-11-22,30.344791412353516,30.454830756713704,29.862713142452773,30.344791412353516,4004200
2013-11-25,29.883689880371094,30.31336929658426,29.574530105398264,30.31336929658426,4509300
2013-11-26,29.826038360595703,29.930838617438212,29.726479215989574,29.862720149554427,4051100
2013-11-27,29.726472854614258,29.93607332344541,29.485433714687186,29.721233742397676,2786300
2013-11-29,29.846996307373047,30.08279636575876,29.658356260664476,29.88891720615205,1426000
2013-12-02,29.474958419799805,29.95703678026123,29.42255929327958,29.925598103908513,3569400
2013-12-03,29.684555053710938,29.72123483727287,29.16055586122812,29.32299433160289,3402600
2013-12-04,28.662757873535156,29.757916328630927,28.175438436647184,29.55355695165824,9548600
2013-12-05,28.29596519470215,28.56320398646993,28.10208599287459,28.542245531414803,6429100
2013-12-06,28.206886291503906,28.741363875565433,28.007765976542427,28.65752405856569,3961700
2013-12-09,28.159719467163086,28.248798376688868,27.913439189700284,28.13351790657463,4269500
2013-12-10,27.923921585083008,28.337881488223143,27.897722021356113,28.170199882794126,3472400
2013-12-11,27.478519439697266,27.929159106145708,27.431359428117812,27.918678881472665,3481600
2013-12-12,27.787673950195312,28.06015374478151,27.37895525776506,27.447075706136136,5006500
2013-12-13,27.6200008392334,27.84008157044527,27.44184100878515,27.829601345254364,4069200
2013-12-16,27.892478942871094,28.007759413820544,27.651439775339018,27.714319123630332,3090800
2013-12-17,27.593795776367188,28.060154710476777,27.588556664265152,27.861034469330622,3604100
2013-12-18,28.117799758911133,28.180679109407105,27.473280919356547,27.604280732247283,4463400
2013-12-19,27.87151527404785,28.11255641263293,27.640956357681915,28.11255641263293,3259400
2013-12-20,28.196399688720703,28.369318397663854,27.892479171507606,27.97107985668988,4062100
2013-12-23,28.107315063476562,28.51603377504044,28.039194611916518,28.358834424354196,2765800
2013-12-24,28.29596519470215,28.385044125658442,28.044445743950444,28.170204469876843,1284700
2013-12-26,28.599882125854492,28.6889610454283,28.343121594973606,28.4060009499021,2386400
2013-12-27,28.699438095092773,28.798997229286908,28.468879153270265,28.63131763543446,1872400
2013-12-30,28.531766891479492,28.861887063471876,28.516045550690034,28.746606559211262,2223300
2013-12-31,28.956193923950195,28.992875705684366,28.563194537366787,28.589396095590942,2244900
2014-01-02,28.332645416259766,29.040043757218623,28.21212580255783,28.809484756949566,3475200
2014-01-03,28.081119537353516,28.53175920655891,27.99727973835473,28.374559833298502,3195400
2014-01-06,27.981565475463867,28.275003825728653,27.78244516714216,28.269764711859143,2940300
2014-01-07,27.661916732788086,27.698596514867393,27.384195812747045,27.640956286200417,4494200
2014-01-08,27.358001708984375,27.703841151046348,27.075041620324967,27.703841151046348,5122500
2014-01-09,27.153636932373047,27.509956529234994,26.928317128507455,27.509956529234994,3258300
2014-01-10,27.80340003967285,27.84007982609352,26.61916065298183,26.723960899425933,8784900
2014-01-13,27.536161422729492,28.018241793778234,27.373722927239093,28.018241793778234,6200400
2014-01-14,27.792917251586914,27.897717488364496,27.284637402499506,27.284637402499506,4329000
2014-01-15,28.033967971801758,28.03920708629958,27.635729306297364,27.94488903304516,4901200
2014-01-16,28.154481887817383,28.170201227023902,27.87152178870798,28.033962289803824,5071800
2014-01-17,28.36931800842285,28.40075868184407,28.117798617748395,28.274997987057628,6107800
2014-01-21,29.726472854614258,29.815553753481872,28.819954524881236,28.893314089302674,10040300
2014-01-22,29.752674102783203,29.867954567075518,29.30203446843868,29.773634550636043,4144700
2014-01-23,29.836519241333008,29.87319903219852,29.522120462800423,29.522120462800423,6770500
2014-01-24,29.569272994995117,29.894151917099684,29.312512525028193,29.595472553424838,6222000
2014-01-27,29.474958419799805,29.736958050198027,29.28631836608932,29.54831799648754,4920600
2014-01-28,29.46971893310547,29.55355873381408,28.971919241879984,29.139598843297208,6430900
2014-01-29,29.24439811706543,29.35967658987758,28.861878914178412,29.155317207407656,5998100
2014-01-30,29.948453903198242,30.12709388384489,29.74354374980944,29.81710103520176,5766100
2014-01-31,29.75929832458496,30.032512465091077,29.40201844886813,29.507101118952825,5699000
2014-02-03,29.528121948242188,29.8906551033488,29.3652436879149,29.81709782587373,5276400
2014-02-04,29.97472381591797,30.02726616523219,29.528124870318326,29.66473096996394,4873500
2014-02-05,29.95369529724121,30.016746092045263,29.659466271961968,29.927425134881982,5566700
2014-02-06,30.55791664123535,30.668252517007137,29.94843970289175,29.99047356277705,6248200
2014-02-07,31.267229080200195,31.367058521114448,30.50538421337091,30.50538421337091,7905500
2014-02-10,31.036046981811523,31.298752645787772,30.94672801811647,31.214686913486776,4334500
2014-02-11,31.782136917114258,32.08162125900452,31.09384725184278,31.09384725184278,6015500
2014-02-12,31.3618106842041,32.43365059005634,31.304017104700897,31.834681820399428,6888600
2014-02-13,31.403837203979492,31.65603441607465,31.10435288934866,31.230450493253603,6418700
2014-02-14,31.35654640197754,31.71382624469822,31.330276237953825,31.42485043186724,5073600
2014-02-18,32.139408111572266,32.276016171345496,31.40383349751617,31.508916157891342,4631800
2014-02-19,31.89246940612793,32.51245496064241,31.834673836833066,32.00805854043241,4528300
2014-02-20,32.17093276977539,32.31279405737073,31.792636002854486,31.997548087793305,3665800
2014-02-21,32.06060028076172,32.29703578516041,31.908230510784207,32.22873174960407,3339400
2014-02-24,33.1429443359375,33.37937780730734,32.622786289496915,32.75413910882904,6327200
2014-02-25,32.73313903808594,32.953812930464835,32.318063434155775,32.94330445899098,3633000
2014-02-26,32.601776123046875,32.775162842604075,32.39161277107239,32.67533339645222,2915100
2014-02-27,32.7646598815918,32.785676821607474,32.39687144846021,32.6070368400456,2292200
2014-02-28,33.24803924560547,33.494983293217125,32.7121192723997,32.8172019737846,3650100
2014-03-03,33.21125030517578,33.50022614118652,32.911766001855625,32.98007003722423,3843800
2014-03-04,33.61058044433594,33.726171636851056,33.18499632994625,33.57380179295134,2472200
2014-03-05,33.12194061279297,33.7314158530954,33.011604681580586,33.505490757687745,2954700
2014-03-06,33.353111267089844,33.44243223616585,32.89600396736317,33.132439468699445,3822800
2014-03-07,33.258541107177734,33.49497663723886,32.92753136509216,33.37413225615993,2744600
2014-03-10,33.2743034362793,33.3005736042476,32.89600660382256,33.179729228165115,2193700
2014-03-11,32.7594108581543,33.45820921407891,32.659583380573395,33.37414344235655,2825600
2014-03-12,32.407371520996094,32.61753685812297,32.06585334923622,32.49669048648964,3534400
2014-03-13,32.354835510253906,32.56499887116556,32.00806205639303,32.459916188567,3316500
2014-03-14,32.470428466796875,32.63855997696614,32.24450137420335,32.41788812147612,2283300
2014-03-17,32.99584197998047,33.116686385128475,32.759406402827494,32.83821892997376,2725800
2014-03-18,32.49143600463867,33.13243845435159,32.318049307538566,33.09565982241251,4803400
2014-03-19,32.32331848144531,32.58076901603567,32.05010423759413,32.50721172043843,3383900
2014-03-20,32.233985900878906,32.58075731579651,32.202462502249745,32.26025807211689,4258300
2014-03-21,32.63330841064453,32.84872704431761,32.197215905926484,32.48619383280509,6476000
2014-03-24,32.386356353759766,33.04837579883639,32.32330755089519,32.76990641130434,2686100
2014-03-25,32.96430969238281,33.07464559723583,32.5177088326723,32.59126610257431,3911900
2014-03-26,32.99584197998047,33.32159655056578,32.95906333512176,33.05363756598295,4225000
2014-03-27,33.41616439819336,33.62107652877369,32.969565507770405,32.969565507770405,3868200
2014-03-28,34.293601989746094,34.414448381421586,33.43192957661759,33.547518727350955,4963600
2014-03-31,34.16223907470703,34.54579106628597,33.93631206784708,34.47223380903574,3026200
2014-04-01,34.45648193359375,34.48275009948769,34.00462779107944,34.00462779107944,3133700
2014-04-02,34.530033111572266,34.62460731093876,34.27783391040485,34.48274400760386,2455300
2014-04-03,34.488006591796875,34.834780066219366,34.304113389559724,34.44072148632354,2809700
2014-04-04,34.509029388427734,34.89258156840675,34.445978561855725,34.734956506262634,2600100
2014-04-07,33.33736038208008,34.44597697366328,33.32159667402093,34.43547050733829,3730700
2014-04-08,33.96784973144531,33.98886666966161,33.274306804591795,33.47921694148685,3722300
2014-04-09,34.10969543457031,34.220031309723296,33.71563701963701,34.09918897394267,2751000
2014-04-10,33.69462585449219,34.38291739616002,33.67886415656937,34.07292263892057,2327800
2014-04-11,33.29533004760742,33.600069714937064,33.15346868567321,33.589561243206454,3491200
2014-04-14,33.87327194213867,34.12546715700047,33.33735209984403,33.468704943417656,3284200
2014-04-15,34.319881439208984,34.41445567621933,33.4687153104018,33.726167845437956,3705300
2014-04-16,34.84003448486328,34.97138735685697,34.39343552179905,34.63512432523885,3574100
2014-04-17,35.90135955810547,36.67371490657747,35.82780228763867,36.200843876026184,9855400
2014-04-21,36.91015625,37.141338582564934,35.90136717646996,35.995941402649116,6756700
2014-04-22,36.87862777709961,37.21489075540793,36.68422411428318,37.03624879336051,7135300
2014-04-23,36.97843933105469,37.25691063815485,36.73149943079282,36.75251235154624,4154200
2014-04-24,36.65793991088867,37.04149187420783,36.45828508571558,36.883866901102515,4453800
2014-04-25,36.61066436767578,36.8943869880837,36.39524378218119,36.74727244607307,3087700
2014-04-28,36.42151641845703,36.81031971423831,36.03271312267575,36.689477342576204,3036000
2014-04-29,36.542362213134766,37.141330851400454,36.479311405949204,36.668459818935276,4281800
2014-04-30,36.726261138916016,36.81032488641823,36.14830934591035,36.447793711922365,4677000
2014-05-01,36.40505599975586,36.85261518869502,36.20497180229337,36.631468862469596,3569300
2014-05-02,36.69465637207031,36.984251612747784,36.310279540462965,36.39452805809378,3526000
2014-05-05,36.9000244140625,37.09484217234704,36.41560726212214,36.599895959361156,3370300
2014-05-06,37.015846252441406,37.321237081232034,36.757838184014176,36.936864272661445,4258100
2014-05-07,37.53712463378906,37.65822686662677,36.91053928684105,37.20540510627052,5553600
2014-05-08,36.91581344604492,37.621376909135954,36.84209798026502,37.46341691840397,3711400
2014-05-09,36.268165588378906,37.15802172708027,36.19445012309861,36.9789996020257,6043600
2014-05-12,36.91054153442383,37.01585219677228,36.38926681166979,36.55249331682112,3527800
2014-05-13,36.85790252685547,36.95794669064427,36.45246736662479,36.45246736662479,3719800
2014-05-14,36.952667236328125,37.37916438814911,36.715725266914504,37.02111615662311,4359400
2014-05-15,36.28923416137695,36.8578998662974,35.631057378050215,36.84737080532878,4643700
2014-05-16,36.23657989501953,36.33135751008135,35.95224704983409,36.194455617838244,2658300
2014-05-19,36.710453033447266,36.810497146748475,36.110196388021095,36.15758316767501,2606000
2014-05-20,36.441917419433594,36.84208987216402,36.38926410077739,36.573552724669455,3004700
2014-05-21,36.663082122802734,36.86317045793385,36.51565114988047,36.72626854713772,2491200
2014-05-22,36.699928283691406,37.03691440607454,36.66307055209299,36.74205255328717,2712200
2014-05-23,36.85261917114258,36.98425447724329,36.620943764095024,36.620943764095024,2534700
2014-05-27,36.815773010253906,37.000061693243325,36.63675086597618,36.85789728556349,2400400
2014-05-28,36.85261917114258,37.08429859538087,36.678863620154594,36.857885708200016,3083300
2014-05-29,37.21591567993164,37.352817456060336,36.71570336853774,36.952645196631956,4581900
2014-05-30,37.13168716430664,37.28965114610589,36.93686947290396,37.14748677623931,3196300
2014-06-02,37.17382049560547,37.34758011452875,37.05271822825305,37.13169622122553,2465900
2014-06-03,37.12641525268555,37.21065974239464,36.84208256768628,37.21065974239464,3359200
2014-06-04,37.005313873291016,37.07376679840623,36.652532243140286,37.0421715955875,5324500
2014-06-05,37.331783294677734,37.50027636949354,36.863161804809025,36.96846847012199,4076400
2014-06-06,37.91096496582031,37.91096496582031,37.38442378573948,37.47393482222753,3397200
2014-06-09,37.77933883666992,38.126858028088364,37.70562337494929,37.91097416362696,2673900
2014-06-10,37.56345748901367,37.81619910126944,37.52133723463075,37.71615496057775,2209900
2014-06-11,37.352848052978516,37.62138127353247,37.16329282835686,37.505545540434404,2192800
2014-06-12,37.10010528564453,37.77934415034087,37.06324754960016,37.56346025551536,3222600
2014-06-13,37.46341323852539,37.473942296663324,36.99479181615891,37.33177791724961,2162800
2014-06-16,37.279117584228516,37.55818377012206,37.026376047326735,37.43707752975048,1670600
2014-06-17,37.56871032714844,37.65822135870884,36.978986808924404,37.12115115215622,2310400
2014-06-18,38.158451080322266,38.17951321572461,37.4265589481551,37.68982961489701,2744900
2014-06-19,38.43751525878906,38.43751525878906,37.85832062682093,37.9794228773242,2750300
2014-06-20,39.2957763671875,39.48533155942996,38.616537597850574,38.72711480765149,4315800
2014-06-23,38.80083465576172,39.51166469843343,38.537563972017246,39.448478288145694,4269000
2014-06-24,37.62137222290039,38.93246288065439,37.54239424596794,38.7744988924073,3616100
2014-06-25,38.35853576660156,38.453313368368256,37.64770576194718,37.66876789758329,4116500
2014-06-26,38.49016189575195,38.72710785209419,38.15844237750161,38.54281521365335,2802400
2014-06-27,38.94300842285156,38.958804024924234,38.26376941337712,38.39540478690645,3588600
2014-06-30,39.20100402832031,39.22733270412602,38.611280255314796,38.95353295482945,2573000
2014-07-01,39.243125915527344,39.57484953485572,39.22733031788155,39.40635244745612,3517800
2014-07-02,39.674888610839844,39.82758607936787,39.34843555560685,39.52745768045184,3658000
2014-07-03,39.522186279296875,39.78019439292079,39.25891564537203,39.69067932432113,1880500
2014-07-07,39.12202453613281,39.44847760733922,39.01144731573968,39.29051761013373,2297400
2014-07-08,38.795562744140625,39.17467311897709,38.516496500772476,38.97458485604047,3649100
2014-07-09,39.0167121887207,39.12202286622097,38.679726055103025,38.96405885856636,2497700
2014-07-10,38.648128509521484,38.85874581272034,38.20583177108479,38.65339504682896,2942500
2014-07-11,38.279537200927734,38.64285185338014,38.14263940430817,38.56913641914195,2845100
2014-07-14,38.658668518066406,38.78504134609882,38.363806620374895,38.57968650484416,3190200
2014-07-15,38.34274673461914,38.979861382236386,38.1953157771133,38.57442624909534,4193200
2014-07-16,39.16940689086914,39.20626462109233,38.342737212556614,38.71658105258928,5678700
2014-07-17,38.19530487060547,39.49059593521767,37.97942101790786,39.0430366513901,4950900
2014-07-18,38.5849494934082,38.964059908239044,38.095265877116994,38.28482108453241,3736600
2014-07-21,39.1378173828125,39.18520417348541,38.52702752175181,38.56388525356124,4230200
2014-07-22,39.32735824584961,39.56956668334445,39.23784320077476,39.4431979370841,3317700
2014-07-23,39.30104064941406,39.50112488876785,39.01670787736953,39.33263184057751,2797800
2014-07-24,38.94300842285156,39.46954991696885,38.86929293505057,39.406363491485365,2666400
2014-07-25,38.658668518066406,39.10622790340303,38.55336184523146,38.80083694530486,2413600
2014-07-28,38.247955322265625,38.64812778916561,38.17950640730795,38.64812778916561,1931000
2014-07-29,37.94257354736328,38.34801269154139,37.879391147787025,38.1373953195053,2914500
2014-07-30,37.28437042236328,38.31112787900279,37.10534839381892,38.18475513477093,4054800
2014-07-31,36.297386169433594,37.04159803394092,35.912088247113665,37.020485212232316,5129700
2014-08-01,36.154884338378906,36.825199400279566,35.77486155213054,36.10210429070208,4142300
2014-08-04,36.39238739013672,36.52433948948726,35.76957332012781,36.21821367940646,5258500
2014-08-05,35.854042053222656,36.392405108873376,35.43179351897312,36.20767288521188,5273900
2014-08-06,35.98069763183594,36.47155960450485,35.537340509094214,35.563728512957304,2969000
2014-08-07,35.674560546875,36.32904572872343,35.526774869314934,36.20236883922249,3508900
2014-08-08,36.06515121459961,36.10209764385704,35.70096210702008,35.85930624775695,2727600
2014-08-11,36.212947845458984,36.67741795708531,36.20238941856976,36.32378716663595,2218300
2014-08-12,36.14959716796875,36.32905412279765,35.86458014102307,36.04403709585196,1892300
2014-08-13,36.36600112915039,36.53489966333888,36.13376413456921,36.2393282352237,1624900
2014-08-14,35.268157958984375,36.49267331479923,35.231211531187064,36.455726887001916,3192900
2014-08-15,35.71152877807617,35.75375040207921,35.23122105994679,35.31039314859951,3178600
2014-08-18,35.827640533447266,36.1126576146504,35.727359653903875,35.93320465251846,2962500
2014-08-19,36.32378005981445,36.43989857171721,35.79069235828781,35.89097725981459,3720300
2014-08-20,36.55601501464844,36.59823663097501,36.07570738384556,36.270997963434475,2689300
2014-08-21,36.255165100097656,36.59823738417857,36.049320118905484,36.57712858901034,3147000
2014-08-22,35.933204650878906,36.2921146019858,35.774860485709034,36.19182969558759,2624900
2014-08-25,36.35017395019531,36.408233209109824,35.954317563156046,36.11793691453727,2992200
2014-08-26,36.75658416748047,37.025767634026224,36.29211413020449,36.29211413020449,3635100
2014-08-27,36.65629577636719,36.93075842941105,36.556014907668704,36.93075842941105,2716700
2014-08-28,36.52961730957031,36.67740301091641,36.30265954625784,36.619343767264965,2293400
2014-08-29,36.49268341064453,36.66686120138681,36.24461274386486,36.53490906176867,2845900
2014-09-02,36.059879302978516,36.73547359009181,35.65874368493265,36.55602061932841,3854600
2014-09-03,36.42406463623047,36.74602813386555,36.15488118166394,36.36600538079731,4182600
2014-09-04,35.79596710205078,37.21577304912104,35.62706856769311,37.152434588664896,3524200
2014-09-05,36.16014862060547,36.21292864648931,35.363156941128494,35.75373396489837,2530400
2014-09-08,35.4951286315918,35.94904435334163,35.32623003932628,35.83820502968552,2387400
2014-09-09,35.278724670410156,35.85931734826612,35.08871728031005,35.4951281279492,2620400
2014-09-10,35.50569152832031,35.60069726088316,34.946215562595235,35.25234559272675,3023700
2014-09-11,35.732635498046875,35.8329204062973,34.983148359700195,35.18899336210725,2966100
2014-09-12,35.093990325927734,35.6798581546689,34.95148378533167,35.55846443987592,2443700
2014-09-15,35.21537399291992,35.363159687615635,34.78257130408612,34.99369545087635,2855500
2014-09-16,35.86458206176758,36.21293756675485,35.115095039766814,35.252326362355035,3818400
2014-09-17,35.674560546875,36.20764804966612,35.55844610511902,36.191814445192925,2733600
2014-09-18,35.838199615478516,36.03876540509984,35.547903316287616,35.801253179841446,2931400
2014-09-19,35.753753662109375,36.15488932816162,35.61652632458261,36.04405000468535,3000300
2014-09-22,34.91453552246094,35.674577077357554,34.62423921641251,35.674577077357554,3055700
2014-09-23,34.988426208496094,35.18371680461817,34.68757552233249,34.87758690589469,3094300
2014-09-24,35.11508560180664,35.47927461788965,34.28642673076938,34.91451989720639,4151200
2014-09-25,34.566184997558594,35.19955775036876,34.18616215124452,35.1942785367088,4456200
2014-09-26,35.014808654785156,35.225932828186295,34.35504812969325,34.51339226645878,3547400
2014-09-29,34.91980743408203,34.99370029165169,34.30754772638059,34.49755908209078,4042600
2014-09-30,34.3392219543457,35.33677976206411,34.027816851988746,34.83536326520274,4417400
2014-10-01,33.47889709472656,34.67174556688001,33.25721645272279,34.27588914720101,4792500
2014-10-02,32.782188415527344,33.30999695027825,31.96936278878781,33.27832771335848,6427500
2014-10-03,32.56051254272461,33.01442827109973,32.24910538117168,32.93525818737412,3731600
2014-10-06,32.618560791015625,33.13581281428804,32.39688221536861,32.62384000287163,3610600
2014-10-07,32.39688491821289,33.162207613403794,32.31771284120262,32.513001414150516,3235600
2014-10-08,32.51300048828125,32.56578254259488,31.13542209228225,32.26493188001044,5939100
2014-10-09,30.92957878112793,32.30715935448428,30.73429019050251,32.28076933090188,5984700
2014-10-10,29.916175842285156,30.871509629628253,29.515040390175656,30.871509629628253,7434800
2014-10-13,28.195528030395508,30.259261119739612,28.184973632615307,29.826456313857452,8844000
2014-10-14,27.694110870361328,28.776117823563187,27.467153068783677,28.359148651973598,7459800
2014-10-15,28.306365966796875,28.501654517322017,26.91295206809871,27.646605445562567,9336800
2014-10-16,27.451322555541992,27.709949638073155,25.07618401513572,25.41398318771905,19830400
2014-10-17,28.042463302612305,28.96084887122588,27.77855907958528,28.158579791612183,10908400
2014-10-20,27.78912353515625,28.369712188526176,27.366875045327195,28.063582234743112,6407600
2014-10-21,28.62305450439453,28.65472373899797,28.068855986126994,28.11635883131733,5623400
2014-10-22,27.625499725341797,28.813068968765766,27.60438690001332,28.681116830607547,6621100
2014-10-23,28.56498908996582,28.93973457165289,27.878838595573985,28.132186377498854,6336200
2014-10-24,28.23247718811035,28.53860506719307,27.794395172293655,28.53860506719307,4067600
2014-10-27,26.986848831176758,27.73105872633011,26.75461180548688,27.73105872633011,6197800
2014-10-28,27.498823165893555,27.620220897661635,26.992127468456136,27.155748834962473,4986500
2014-10-29,27.799665451049805,28.132185282761778,27.451312012780303,27.820778268745922,5266200
2014-10-30,27.566686630249023,27.99559458799019,27.439601519098364,27.5243242532157,5600100
2014-10-31,28.043245315551758,28.075017091600813,27.211903031782622,27.307216339980894,5973500
2014-11-03,27.48196792602539,28.392736946352493,27.349588508308408,28.064436556000267,7470800
2014-11-04,26.486474990844727,27.190732465369727,26.184650070341203,27.042468159143343,9165000
2014-11-05,27.19072914123535,27.492554024840032,26.687689015193836,27.037170565680803,5860700
2014-11-06,27.26485824584961,27.29133371810477,26.53941778237406,26.904786167322065,5155600
2014-11-07,27.693767547607422,28.2232850992632,27.317810570719615,27.338991757573645,5062000
2014-11-10,27.344284057617188,28.371549325961038,27.21190467932125,28.037952727069552,4828000
2014-11-11,27.259571075439453,27.53492052306406,26.867729106860004,27.49255813729886,3985000
2014-11-12,26.99480628967285,27.561389945050458,26.80947594256776,26.97362510144676,4184200
2014-11-13,31.109163284301758,32.70301059102602,25.76103559574632,26.835955825398745,19316200
2014-11-14,31.712800979614258,32.851264348973544,30.712013283732716,32.803607695838764,43896000
2014-11-17,34.540443420410156,35.906596098033106,34.37629017643206,35.23411035625086,69691600
2014-11-18,33.650840759277344,35.21291797572412,33.62965957194775,34.958747767667354,26338600
2014-11-19,33.62965393066406,33.80439566689698,32.98893827104108,33.66142570632883,18245500
2014-11-20,34.10621643066406,34.21741459582547,33.417842219782614,33.66141973012145,10130000
2014-11-21,34.858158111572266,35.096439508127716,34.360410081549496,34.7151860417188,13584900
2014-11-24,34.27037811279297,35.0064072191176,34.175064787662514,34.450412149206876,8923500
2014-11-25,33.46551513671875,34.6198617295891,33.38608668301254,34.47159743728363,6627500
2014-11-26,33.137203216552734,33.47079775796455,32.84596700110765,33.221925928332546,5260400
2014-11-28,30.182506561279297,31.437462847451872,29.67417009345617,31.37392129396137,8822500
2014-12-01,29.92302894592285,30.314872731137683,29.425283291143337,29.917734660424088,10837100
2014-12-02,30.050119400024414,30.336059346944577,29.684753036703572,30.03952880718118,9835700
2014-12-03,30.463153839111328,31.066803717787334,30.325480120445665,30.6114201745395,8447800
2014-12-04,30.505502700805664,30.92382199965893,30.039526747400146,30.1666118328558,5719600
2014-12-05,30.193092346191406,30.669656951363528,29.880676896378347,30.590230527142797,4311700
2014-12-08,29.250558853149414,29.986588138402,29.134064311903774,29.769485960594043,8272300
2014-12-09,30.02894401550293,30.050125205281297,28.81634817000856,28.890482334232857,9075800
2014-12-10,29.303499221801758,29.732409134097477,29.202891621610963,29.44117288627069,9138200
2014-12-11,29.531198501586914,29.949517914557724,29.26114337880345,29.335277543846576,4410800
2014-12-12,29.11817741394043,29.557676027430706,28.95932049778892,29.128765989730905,5846800
2014-12-15,29.08640480041504,29.7006451962424,29.022863247729326,29.46236184873404,5332500
2014-12-16,29.202903747558594,30.198395630028937,28.678680303745615,28.842831527958737,6084400
2014-12-17,29.83831024169922,30.447256173141632,28.869294269518775,29.14993789742668,8720800
2014-12-18,29.531198501586914,30.616709240350218,29.033452655994083,30.399607092597556,9241700
2014-12-19,30.261934280395508,30.484330722165577,29.652988179444957,29.769482707962336,8514800
2014-12-22,29.68475914001465,30.198389868847297,29.58414949729269,30.140142606208155,4514000
2014-12-23,29.885974884033203,29.965403338038556,29.531199034694822,29.74830118636669,4887600
2014-12-24,29.833023071289062,30.013059144574914,29.446475447459022,29.700643665047973,2094800
2014-12-26,29.827728271484375,30.187798391921945,29.71652803699031,30.097781366799904,2180900
2014-12-29,30.023649215698242,30.341358977154552,29.80125076671931,29.80125076671931,2804200
2014-12-30,29.80654525756836,30.283109870709872,29.795954663505313,30.230158920343907,2947700
2014-12-31,29.69004249572754,29.986572987276848,29.202887423841577,29.52589136327098,3202200
2015-01-02,29.743005752563477,30.071308153477386,29.48883752020886,29.584150859835535,2787600
2015-01-05,29.20819091796875,29.472949719625444,29.1022869933162,29.29820996090569,5565300
2015-01-06,29.11817741394043,29.547085431690633,28.98050168926907,29.144652893315815,5931400
2015-01-07,29.901853561401367,29.907147847568943,29.377630353058272,29.472943663666108,3921000
2015-01-08,30.198381423950195,30.288400446477866,29.822424495623128,30.208972016009266,4396200
2015-01-09,29.901853561401367,30.34664833758829,29.843606313813364,30.320170846903608,2790400
2015-01-12,29.171125411987305,29.446474813434023,29.049336603261725,29.277029338689793,5785900
2015-01-13,29.250558853149414,29.769485960594043,29.192311582526596,29.404117452123526,5763700
2015-01-14,29.022863388061523,29.340573172975844,28.445689063505853,28.954025527348588,7385400
2015-01-15,28.345064163208008,29.6053160691042,28.318588698703778,29.38821402825199,5278000
2015-01-16,29.949514389038086,30.018350218550907,28.604539280821786,28.604539280821786,5642200
2015-01-20,30.32016944885254,30.447254530452792,29.171117508322205,29.92832765215372,6731700
2015-01-21,30.886760711669922,30.929121066737228,30.18250137663938,30.426078973136725,4906700
2015-01-22,30.82322120666504,31.11975181096786,30.547871792658743,30.971487518791193,4269000
2015-01-23,30.923824310302734,31.506292780620292,30.6855410197368,30.934412883262056,3905600
2015-01-26,31.2044734954834,31.215064090273014,30.664365280909507,31.130341351905507,4893000
2015-01-27,31.395099639892578,31.53806963725156,30.92382928931077,31.019142620883425,4767500
2015-01-28,30.15602684020996,31.31037533597552,30.150730533193546,31.30507902895911,5322900
2015-01-29,30.224870681762695,30.431382257445186,29.451773320045355,30.389019872715608,4099200
2015-01-30,30.706722259521484,30.992660188754087,29.80654206021757,29.891264783684466,5863700
2015-02-02,31.628084182739258,31.64396906343995,30.844398422300465,31.20447053114386,4684400
2015-02-03,32.70829772949219,32.898924361496654,32.17878020501269,32.184074491479905,7904000
2015-02-04,32.28998565673828,32.560040786082475,31.88225682886825,32.09406469423823,5058200
2015-02-05,32.978355407714844,33.22722932554093,32.63417018045574,32.70300601393796,6270600
2015-02-06,33.18486785888672,33.58730237620217,32.9254053595183,33.280181190885145,5640500
2015-02-09,33.28547286987305,33.693201617849894,33.25370109030828,33.349014409053474,5319600
2015-02-10,32.86185836791992,33.23781532633105,32.374701193964725,33.168977482413126,4535100
2015-02-11,32.61297607421875,32.62886094950761,32.14170592112956,32.44353067130912,3714200
2015-02-12,33.031307220458984,33.333132079595295,32.84597485540822,33.02601091348508,4091700
2015-02-13,34.05328369140625,34.10623869596502,33.35961676260256,33.486701905714206,4721800
2015-02-17,34.43982696533203,34.43982696533203,33.62436933447962,34.153886961794264,4772800
2015-02-18,34.12740707397461,34.41334705748338,33.89442208140712,34.11152219265167,3330700
2015-02-19,34.03208923339844,34.36039155016709,33.2272243805405,33.2272243805405,5243900
2015-02-20,33.61907958984375,34.0691668059511,33.529060530662505,33.97914976671957,4292900
2015-02-23,33.31724166870117,33.52904948646005,33.04718862001021,33.20074918688794,3906100
2015-02-24,33.375492095947266,33.682613258931625,32.46472324078343,33.56082445911173,6580300
2015-02-25,33.71969223022461,33.751464024054194,33.15310836993882,33.40198237172885,3093900
2015-02-26,33.094852447509766,33.52376246241131,32.98894851568784,33.42844912576652,2946100
2015-02-27,33.10014343261719,33.40726460226338,33.06837367020502,33.20075306678715,2654600
2015-03-02,33.21165084838867,33.25943747797315,32.64883279490257,33.10014938784421,2657600
2015-03-03,33.264732360839844,33.51959358856418,32.983321442877084,33.16915914726109,3229100
2015-03-04,33.16386032104492,33.25943356898112,32.89307080219751,33.21164694501302,3171500
2015-03-05,32.972713470458984,33.073597467449524,32.82404487547212,32.96740474583418,3199200
2015-03-06,32.34617614746094,32.92492430892001,32.27715260537082,32.69661270941477,5552100
2015-03-09,32.18158721923828,32.664762259068006,32.13380058780642,32.25592152914162,4072300
2015-03-10,31.89486312866211,32.314323278491834,31.69309715366869,31.804600628942122,4137000
2015-03-11,31.94796371459961,32.17627740190354,31.64531571523544,31.778056136902464,3875400
2015-03-12,31.714332580566406,32.09131478832519,31.693093632830198,32.05945839217841,3326800
2015-03-13,31.257715225219727,31.43293356131726,31.013473325318476,31.385146926514132,3842500
2015-03-16,31.825830459594727,31.852380154025273,30.68426449008712,30.87541094742611,5063600
2015-03-17,31.459474563598633,31.815217860705683,31.374520789255325,31.74619431155395,3753000
2015-03-18,32.26122283935547,32.27715306314319,31.231158163035,31.26832530944374,4364200
2015-03-19,32.35148620605469,32.415201022568176,31.69309301722361,31.799285728384426,2699500
2015-03-20,33.16917037963867,33.312530248554054,32.6328980523488,32.71785182369225,6437900
2015-03-23,32.94615936279297,33.556765873750535,32.94085063920483,33.190401156993076,2587600
2015-03-24,33.07889938354492,33.25942636549638,32.85589653696462,32.978017432776305,2849200
2015-03-25,33.60986328125,34.02932133609208,33.163855530460346,33.27004823787834,5132500
2015-03-26,33.36562728881836,34.247023470768674,33.32846013856113,33.99747086864914,5052900
2015-03-27,33.33907699584961,33.56207987988239,33.00987936876652,33.333766245968285,2559600
2015-03-30,33.7054443359375,33.84880422039648,33.41341584187271,33.477130670924076,2259500
2015-03-31,33.758541107177734,33.96561581696156,33.37093733832437,33.53022744627303,2975200
2015-04-01,33.89128112792969,34.146140436649254,33.61518084287304,33.9072093283602,3796500
2015-04-02,33.85410690307617,34.22046963655342,33.65765170038178,33.71605779386167,4331700
2015-04-06,34.862937927246094,35.21868119974896,33.94968137166782,34.07711303709814,3425700
2015-04-07,34.15675735473633,35.096557512284775,34.07180156261787,34.90010433211232,2986200
2015-04-08,34.09835433959961,34.512503736288586,33.87534941606556,34.25233368853291,2725000
2015-04-09,34.9797477722168,35.282395713723155,34.20985509409644,34.20985509409644,4132400
2015-04-10,35.33017349243164,35.37265137839474,34.88416379164743,34.97443031204756,2663500
2015-04-13,34.831077575683594,35.468233879144925,34.70895868522128,35.356728386579896,1617900
2015-04-14,35.37795639038086,35.42043427432011,34.94787895550937,35.05938036266442,2718500
2015-04-15,36.5938606262207,36.726600983150625,35.362030275947625,35.61689354365532,4185800
2015-04-16,36.22751998901367,36.78502736524881,36.0841580558986,36.37087787121229,2574600
2015-04-17,35.56379699707031,36.17439937737322,35.287694795569074,36.10537585245495,4020600
2015-04-20,36.28590393066406,36.84872582821255,35.489461747277254,35.489461747277254,5080400
2015-04-21,35.76027297973633,36.25406756827077,35.36205166804457,36.0257538541975,3536300
2015-04-22,35.6115837097168,35.94078126168673,35.46822590295295,35.818658347772526,2915400
2015-04-23,36.30183410644531,36.49828724122315,35.65937126793573,35.66998871403959,3069600
2015-04-24,36.15317916870117,36.487687622666265,35.792129111965544,36.11070531261921,3142000
2015-04-27,36.31777572631836,36.62042368858286,36.20096352142404,36.28060857484432,3102100
2015-04-28,36.333702087402344,36.6363500343451,36.15317303872807,36.1797227388293,2846700
2015-04-29,36.503604888916016,36.896515283645975,36.12131194229661,36.259363073223604,3429800
2015-04-30,36.3496208190918,36.901821219858405,36.26466909254317,36.60979079847217,2692500
2015-05-01,36.64695739746094,36.763769564291245,36.11068925107,36.360241780041214,2471100
2015-05-04,36.705387115478516,36.99210696843156,36.52486205116567,36.77972144206816,1982000
2015-05-05,35.924869537353516,37.406249073112306,35.91424803514465,36.997410358226865,3308500
2015-05-06,35.69654083251953,36.4876722757538,35.43636679977369,36.28590432783544,3354000
2015-05-07,35.09656524658203,35.547881851652235,34.7673716068658,35.54257515166174,3286800
2015-05-08,35.94609069824219,36.025735730696766,34.99036246153107,35.500084997959924,2798200
2015-05-11,35.26646041870117,35.95671196090075,35.2292932772544,35.94078376469707,2692000
2015-05-12,35.56909942626953,35.67529412599375,34.963803816039004,35.26645162115427,2327800
2015-05-13,35.30894470214844,35.95671847114633,35.27708830397324,35.685926933911155,2522800
2015-05-14,34.777992248535156,35.500100503265074,34.629323616840715,35.36204932344178,4304200
2015-05-15,34.96382141113281,35.23461296805997,34.52312230005669,34.68772315473411,3409200
2015-05-18,35.05408477783203,35.085945230025374,34.62931790743951,34.963822273601636,1795800
2015-05-19,34.22046661376953,34.69302201860839,34.119586684691214,34.69302201860839,2561500
2015-05-20,34.11960220336914,34.470034841766704,33.97093154035332,34.310748751919284,2021000
2015-05-21,34.9797477722168,35.01160822194906,34.25233299312919,34.34259549038722,2491500
2015-05-22,34.793907165527344,35.08062686755936,34.51780896222699,34.6664775371514,1521300
2015-05-26,34.30012130737305,34.730202992571996,34.26826490510492,34.33728846032447,2165900
2015-05-27,34.459407806396484,34.64524355166293,33.9709220931197,34.30011770993071,1873800
2015-05-28,34.25764846801758,34.422249356206024,34.01871731385395,34.331986835825674,1548800
2015-05-29,34.22578048706055,34.60807344517721,34.1833025915109,34.35852087246688,1919800
2015-06-01,34.24174880981445,34.4546958222161,34.12462774991222,34.27368944010545,1595100
2015-06-02,34.72089385986328,35.019017371513016,34.284354119964064,34.326944353522094,1618200
2015-06-03,34.4387321472168,35.08289403925375,34.42276182899206,34.587793866150676,2196000
2015-06-04,33.87973403930664,34.35886371599088,33.853116175227036,34.11929684683591,1858900
2015-06-05,34.43341064453125,34.61973781100479,33.63486216396385,33.74665846384798,2867500
2015-06-08,34.076717376708984,34.710229570668446,34.06606982282878,34.3003099157535,1609700
2015-06-09,34.08737564086914,34.587800706220065,34.06608255596311,34.3908239320307,1943100
2015-06-10,34.651668548583984,34.912530568731654,34.46002070470973,34.50793165027168,1966300
2015-06-11,34.28434371948242,34.80073897524246,34.225783181512085,34.80073897524246,1253500
2015-06-12,34.140602111816406,34.35354914945913,33.98089487980455,34.076720843662436,1432200
2015-06-15,33.95426940917969,34.31095330330687,33.634850935907195,33.757294751688754,2752100
2015-06-16,33.85844802856445,34.18319133766037,33.751976543652624,33.975569098943545,3977000
2015-06-17,33.970252990722656,34.48132149851644,33.858454660366036,34.27369921913297,2919500
2015-06-18,33.17169189453125,34.348217019898755,33.097159025706866,34.16188992487036,6746600
2015-06-19,32.969398498535156,33.363347866183446,32.64997998256014,32.916162756143784,4032300
2015-06-22,33.22493362426758,33.320759584953926,32.60206691061969,33.320759584953926,3288900
2015-06-23,33.48046875,33.62953045251657,33.00134097870528,33.03860640433442,4449600
2015-06-24,33.347381591796875,33.65615462137193,33.31544095481576,33.32608647993371,2244400
2015-06-25,33.03860092163086,33.342049069004794,32.9640680519278,33.25154588548617,1993800
2015-06-26,32.95342254638672,33.00133551867038,32.64464960704466,32.921479887926594,3623200
2015-06-29,32.5328483581543,32.86291432169167,32.484935393220425,32.57011377190145,2159300
2015-06-30,32.84695816040039,32.948106894028804,32.50091970560729,32.79904517482617,2788100
2015-07-01,31.947256088256836,32.98536932752299,31.665102993735168,32.8735730482763,4174600
2015-07-02,32.128257751464844,32.30393934474817,31.851429473076436,32.04307935100381,2565100
2015-07-06,31.56928253173828,32.09632541700836,31.41489600636673,31.521369542168276,3464700
2015-07-07,32.30393981933594,32.34120524315929,31.159353142437904,31.457478563838,2986000
2015-07-08,31.803512573242188,32.27731749429334,31.66509642030699,32.26134514999282,5344200
2015-07-09,32.02177810668945,32.35184407043938,31.87271442079212,32.29860631447149,2561800
2015-07-10,31.78754234313965,32.29328995561627,31.766247236531278,32.18149369214201,2622200
2015-07-13,32.10163497924805,32.18149060596479,31.627830072121476,31.75027387715766,3525000
2015-07-14,32.54350280761719,32.71918236240518,32.00048976686792,32.10163847836324,2610000
2015-07-15,31.675750732421875,32.39976821695024,31.6651031775537,32.37847310721389,4155300
2015-07-16,31.34035873413086,31.9419323622476,31.23921001274322,31.915314491441734,2326200
2015-07-17,31.047555923461914,31.46280036528589,30.807991041327607,31.180647299001723,3680700
2015-07-20,31.654460906982422,32.09100057538495,31.345689887513842,31.345689887513842,4831900
2015-07-21,32.28264236450195,32.70853434210492,31.601215200337208,31.65445093598265,4019600
2015-07-22,31.02626609802246,32.8469574813921,28.108902893223213,32.16020537929594,27297500
2015-07-23,31.5479793548584,31.808839349356568,31.138059697639267,31.356329476377216,4051000
2015-07-24,31.228565216064453,31.75028324702334,31.090151057162522,31.649134516703217,4466800
2015-07-27,30.738784790039062,31.068850830621933,30.461954487003577,30.728137236366944,3354500
2015-07-28,31.170005798339844,31.212596021573763,30.34483951591198,30.82396937322551,2859700
2015-07-29,31.766254425048828,31.808844647903495,30.717495572422663,30.909147513641464,5948200
2015-07-30,31.244531631469727,32.032432357214844,31.058204511832244,31.744956519890334,2551500
2015-07-31,30.957048416137695,31.382940324387,30.941076073394537,31.13805273099525,2468800
2015-08-03,29.572908401489258,30.674905020875467,29.493054780712818,30.605698955698603,5326400
2015-08-04,29.43981170654297,29.998795074672202,29.258807355539734,29.7539074323776,4635100
2015-08-05,29.9881591796875,30.270312335056875,29.631473124600188,29.695356436401696,2869800
2015-08-06,30.1106014251709,30.211750165999355,29.487732568368553,29.791180821667673,2619200
2015-08-07,29.663408279418945,30.217066892762123,29.57822987499589,29.81246997945595,2289600
2015-08-10,30.78670310974121,30.823968538655105,29.594203292055806,29.67938170540379,2825600
2015-08-11,30.632314682006836,30.72281585203884,30.068006459668112,30.12124423393409,2379800
2015-08-12,31.196624755859375,31.414894580479313,29.801827389527407,30.515197406960766,3105300
2015-08-13,30.29159927368164,31.079500009295245,30.27030416522398,30.978349259528013,2462100
2015-08-14,30.520524978637695,30.871886241248486,30.233047028097808,30.233047028097808,2363800
2015-08-17,30.217065811157227,30.568426970677194,30.10526954013116,30.36612953667192,2434100
2015-08-18,30.158504486083984,30.488570506648383,30.078648853792927,30.227710534535607,1760200
2015-08-19,28.79564666748047,29.89764296339098,28.70514348685683,29.83375967935916,4342000
2015-08-20,27.34229850769043,28.848892152937015,27.33697371424654,28.61997477437794,5902200
2015-08-21,26.36274528503418,27.62445121374012,26.320155061388487,27.251794880094845,4832900
2015-08-24,24.361047744750977,25.904908719906267,23.482645767146202,25.212833880662462,7055800
2015-08-25,25.415128707885742,26.027347786559098,25.02650012344176,25.2873601001378,5486500
2015-08-26,26.192386627197266,26.26691748257086,25.39383826679987,25.984764378424103,4411500
2015-08-27,28.614648818969727,28.673209355436374,26.644895842943075,26.804605104607194,5948000
2015-08-28,29.13105010986328,29.306729724925614,28.252645942110014,28.51350601394665,4012600
2015-08-31,29.905378341674805,29.93207916490857,28.543615985330558,28.912092235097848,3728900
2015-09-01,29.040258407592773,29.547582186579383,28.61303913370907,28.890730133876836,5127300
2015-09-02,29.232505798339844,29.488837346958405,28.52225214386466,29.46213448879938,2968500
2015-09-03,29.275236129760742,29.8733432690992,29.008223759341806,29.24319391193909,5413000
2015-09-04,28.442148208618164,29.056277289917077,28.367385093428823,28.815965821706975,3728700
2015-09-08,28.842666625976562,29.06695800855233,28.506232607826057,28.992194893407774,4247700
2015-09-09,28.297962188720703,29.430093679838997,28.2392191614728,29.10433837393117,3346500
2015-09-10,28.666446685791016,29.013563563238083,27.88142970774024,28.367392113880573,3043500
2015-09-11,28.34602928161621,28.66644325542303,27.881426371311246,28.66644325542303,4253400
2015-09-14,28.39942741394043,28.719841348060292,28.06299135711509,28.111053650947284,2735300
2015-09-15,28.527591705322266,28.783925292988805,28.324663834370867,28.532933091850612,1979300
2015-09-16,29.723814010620117,29.78789640268972,28.607702332790524,28.661103986658105,2543200
2015-09-17,29.52622413635254,29.980144285509365,29.376695845302912,29.675750390259743,2220100
2015-09-18,28.554302215576172,29.077646192783853,28.388753820249633,28.938798625828017,4364500
2015-09-21,29.227163314819336,29.387370272049864,28.559632628740488,28.997532595836855,5218400
2015-09-22,28.992197036743164,29.355333940413082,28.313985526569702,28.468853154899396,3932700
2015-09-23,28.83733367919922,29.16842842141233,28.68780741571121,29.16842842141233,1725800
2015-09-24,28.415447235107422,28.831987790158006,28.30330256292315,28.46885091505857,3452900
2015-09-25,28.036298751831055,28.757231333449624,27.75326629250776,28.70916902553221,2630200
2015-09-28,26.968236923217773,27.817335949414655,26.946875454562583,27.737231460528587,3266400
2015-09-29,26.952220916748047,27.53430778421947,26.685208629598627,27.24059263864144,2423000
2015-09-30,27.790637969970703,27.84403960991994,27.13912736945174,27.155147454008112,4118900
2015-10-01,27.331382751464844,28.287287398905864,26.984265901388625,28.105718929767026,2681500
2015-10-02,28.490215301513672,28.49021530151367,27.010968759759535,27.059029024355333,3167100
2015-10-05,29.17375946044922,29.323285670896137,28.607692748248716,28.864024267789937,3212800
2015-10-06,29.536914825439453,30.113660597067604,28.981528499321154,29.37136639059368,3408900
2015-10-07,30.268516540527344,31.096254319147075,29.87333741342623,29.97480339806774,3471000
2015-10-08,30.615638732910156,30.669040391025494,29.60633028253179,30.268521843732433,1778900
2015-10-09,30.140350341796875,30.90400574993996,29.87333801831027,30.70641720095973,2140500
2015-10-12,29.734485626220703,30.27384949851839,29.37668813622486,30.215108512142912,1444500
2015-10-13,29.382038116455078,30.11365135711729,29.237851208503987,29.542245112908795,1832400
2015-10-14,29.376693725585938,29.595643740355303,29.12570353708689,29.398055199500575,2087000
2015-10-15,30.0068416595459,30.017522396045287,28.949473191812608,29.39805393907602,2558400
2015-10-16,28.74655532836914,30.33794895284402,28.48488228579248,30.33794895284402,5427900
2015-10-19,28.479537963867188,28.842672882317583,28.24990718203217,28.436815010436234,3513800
2015-10-20,28.394094467163086,28.778592932108637,28.28729114880507,28.452837514545624,3546200
2015-10-21,29.056283950805664,29.430101649588785,28.27660837489457,28.27660837489457,3866100
2015-10-22,29.686439514160156,29.996172847199656,29.3553446996302,29.3553446996302,4318400
2015-10-23,28.799945831298828,29.584962617663102,27.79597904809623,29.403394178542865,3389600
2015-10-26,28.014930725097656,28.789266821819226,27.929486868454454,28.719843051689672,2931200
2015-10-27,27.502262115478516,28.35136116324789,27.448860479625576,27.571685871800792,4670600
2015-10-28,28.196495056152344,28.591674108613162,27.561006592522286,27.8173381250069,2275300
2015-10-29,28.084354400634766,28.47953350949247,27.82802283156851,28.164458907217693,1528000
2015-10-30,28.132417678833008,28.506235327360617,27.801322978545034,28.201841451151267,2404200
2015-11-02,28.458175659179688,28.55430026446011,27.667819377984827,28.143101016792194,3681900
2015-11-03,29.082977294921875,29.243184256849887,28.431468711462344,28.682458871530816,3967000
2015-11-04,27.534303665161133,28.981509556098757,27.075042274025673,28.96548947315182,5678000
2015-11-05,26.63715362548828,27.566355498237996,26.48762531851066,27.400809138675736,8398300
2015-11-06,27.811996459960938,27.849378011347298,26.236623804600708,26.428872947240162,3944700
2015-11-09,27.587711334228516,27.753259697078448,26.845417450573073,27.742578960396948,2399300
2015-11-10,26.61044692993164,27.491586302086834,26.5570432473772,27.406142447141924,4165600
2015-11-11,26.16720962524414,26.674533484590643,25.47831729109392,26.674533484590643,3384400
2015-11-12,25.707942962646484,26.573062212095355,25.505013051788367,25.723963048165615,6345100
2015-11-13,25.451610565185547,25.841448251321662,25.013710586942675,25.6331789979064,3366400
2015-11-16,26.375469207763672,26.642481452486354,25.40354479994446,25.40354479994446,4510200
2015-11-17,26.41820526123047,26.589093019726405,26.039046137246252,26.386163042583938,3150100
2015-11-18,27.598400115966797,27.683843997183853,26.66919612523131,26.685218253495194,5667200
2015-11-19,27.16583251953125,27.491587871714597,26.914842327192826,27.379443187660684,2832600
2015-11-20,27.240591049194336,27.31535619643309,26.503638646404283,27.165827939097543,4404600
2015-11-23,27.45953941345215,27.496923003441193,26.946876371140423,27.139125521292783,2277800
2015-11-24,28.351364135742188,28.671778058737203,27.486244913942006,27.571688762550146,2950500
2015-11-25,28.036298751831055,28.410116475950677,27.96153561443567,28.207186505061273,1614400
2015-11-27,28.185819625854492,28.271263486097453,27.667817114381297,27.812004010505483,981200
2015-11-30,28.87470245361328,29.472809279747274,28.201832528855245,28.335338644152937,3900300
2015-12-01,29.335418701171875,29.37827639442945,28.472929081819718,28.837211300239947,3262400
2015-12-02,28.84792137145996,29.5925584054668,28.542567483920905,29.07827634536727,4845300
2015-12-03,28.18899917602539,29.399702324052505,28.001501895544994,29.27113130060374,5601000
2015-12-04,28.18899917602539,28.29614135497151,27.374721477028796,27.81400257149751,3876900
2015-12-07,26.710445404052734,27.74436371833571,26.14259324875949,27.572937038165527,6474300
2015-12-08,26.44795036315918,27.41758430105125,25.987240337901813,26.25509481364982,3161300
2015-12-09,28.408645629882812,28.644358881286344,26.517593646036367,26.517593646036367,7452000
2015-12-10,27.685447692871094,28.65508194303294,27.508662701031586,28.264012484157934,7793900
2015-12-11,25.606884002685547,27.471150656027955,25.194387920704823,27.278295132653362,8541700
2015-12-14,25.060462951660156,25.269389106223894,23.035483861497944,24.230114523505684,12964200
2015-12-15,24.910463333129883,26.656873411723815,24.680108347424163,25.53188556249323,10745800
2015-12-16,23.97833251953125,25.146178233793417,23.930118630646387,24.878323749670304,8231400
2015-12-17,23.22834014892578,24.326543075890516,23.212269534540365,24.04261798938846,6107300
2015-12-18,23.528329849243164,23.839041938568084,22.91762213554044,23.164049740151107,9370900
2015-12-21,23.442623138427734,23.78012035467797,23.126554770986168,23.68905081259239,3074900
2015-12-22,24.197973251342773,24.326544303617236,23.533695271366092,23.62476481556953,2274000
2015-12-23,25.515825271606445,25.531895890832462,24.562261674024146,24.63726266540437,3402600
2015-12-24,25.56403160095215,26.03545400287296,25.21046377772781,25.542602752619167,1498000
2015-12-28,24.47654914855957,25.355113828828507,24.439049673351715,25.092615458805398,2338800
2015-12-29,24.905113220214844,25.199752772279417,24.535472688809854,25.130110027532897,1181700
2015-12-30,24.51404571533203,25.081898055285965,24.503333332459142,24.615831744735484,1481900
2015-12-31,24.722963333129883,24.85689054069057,24.278324023116234,24.310467288614923,1341200
2016-01-04,25.312252044677734,25.408679835000022,24.40690450617155,24.562258574074974,2987400
2016-01-05,24.599748611450195,25.649739476430256,24.406895148315428,25.280099074062825,2560500
2016-01-06,23.383697509765625,24.374758293273917,23.33012538627724,23.82833489509769,4854900
2016-01-07,22.778339385986328,23.480118679393712,22.67119721273503,22.80512441840741,3202200
2016-01-08,22.2747802734375,23.04084223145805,22.167638069185145,22.976557726333663,1905000
2016-01-11,22.23727798461914,22.644417937778194,21.84085449943362,22.306920721474572,4344300
2016-01-12,21.985492706298828,22.6336999541753,21.497997712105434,22.606914919155983,2517200
2016-01-13,21.026580810546875,22.601564726658804,20.705156188831918,22.392638518187294,4142400
2016-01-14,22.055137634277344,22.25870761803255,20.689080149652654,21.133719582122232,2356700
2016-01-15,21.369428634643555,21.54621356033736,20.887291829561793,21.149788057718368,2455800
2016-01-19,21.315860748291016,21.894425382505982,21.031933600015844,21.487287457952306,3032300
2016-01-20,20.828369140625,21.07479482150296,20.131947760785245,20.89265365660014,3123800
2016-01-21,21.81942367553711,22.14085024792005,20.624793050563703,20.76943470160093,3398100
2016-01-22,22.52120590209961,23.008700989828732,21.78192694103133,22.778345966043453,2047900
2016-01-25,20.989078521728516,22.37656489616774,20.95693524644502,22.103352165177117,2800500
2016-01-26,21.41228485107422,21.74442378856322,21.10157271593786,21.58906772099504,2590600
2016-01-27,21.872989654541016,22.43548344390042,21.289067024322826,21.34799327133438,2722500
2016-01-28,23.099773406982422,23.190845007125187,22.26406860615704,22.499779849852025,2857400
2016-01-29,23.308696746826172,23.656908400150638,22.794416618110795,23.196198351838603,4162700
2016-02-01,23.190845489501953,23.383701076340138,22.531923596850074,22.79977812444358,2744300
2016-02-02,22.499778747558594,22.7676332564581,22.38192210970114,22.606920959831942,1739100
2016-02-03,23.790828704833984,23.81761373722234,22.47834168213471,22.88548153127886,2771700
2016-02-04,23.69976234436035,24.562251946180613,23.522977428617306,24.09618578109834,2297200
2016-02-05,24.02655029296875,24.15512136530461,22.847992007134728,23.43727115005174,4157300
2016-02-08,22.939056396484375,23.356908711173737,22.61763185342601,23.10512690175273,6173600
2016-02-09,22.3658504486084,22.981916607733645,22.280137091506138,22.62299051991518,5533500
2016-02-10,22.23727798461914,22.67120297700951,22.08192393965049,22.365849033923972,3310000
2016-02-11,21.31049919128418,21.958708507409952,20.95157521251066,21.642640177585736,3393600
2016-02-12,21.374784469604492,21.851565031115907,21.106930037872942,21.64263890133604,4239400
2016-02-16,22.071205139160156,22.21584677461201,21.567637509757315,21.797992479895402,4099100
2016-02-17,22.762269973754883,22.99798113246512,22.21584670061257,22.403343980999452,2398200
2016-02-18,22.494422912597656,23.212273089553353,22.408709550135832,23.06763140723007,1830300
2016-02-19,22.57477378845215,22.633702097214496,22.124778209392055,22.569417598368016,2585900
2016-02-22,23.29798126220703,23.421194065576305,22.91227019526511,23.09976749526893,2629100
2016-02-23,22.762269973754883,23.415833382222793,22.692627250939577,23.29797882465122,3534300
2016-02-24,22.451566696166992,22.64977847681519,22.07121375278134,22.306925004266553,1873300
2016-02-25,23.169410705566406,23.45333577819018,22.231920098982794,22.40870502285089,3071600
2016-02-26,23.70512580871582,24.208691587386024,23.44262747121215,23.624768632615055,2425300
2016-02-29,23.05442237854004,23.947129133475062,22.71024657684696,23.753529732160306,3488400
2016-03-01,23.801916122436523,23.914850410305196,23.210364554231866,23.28027586549372,3002500
2016-03-02,24.42036247253418,24.474139151524337,23.172724646633483,23.78578781349604,3298600
2016-03-03,25.033430099487305,25.270052452679046,24.275167302516575,24.275167302516575,3166100
2016-03-04,24.845203399658203,25.517422095258002,24.484893112063414,25.097956234218643,3415600
2016-03-07,25.04955291748047,25.555060526250188,24.554799000187202,24.61933140628695,4999000
2016-03-08,23.688993453979492,24.985031401726044,23.59219376896529,24.87209911969256,3933700
2016-03-09,23.828807830810547,24.36120386144793,23.48463015320277,24.070804907582875,3295000
2016-03-10,23.409339904785156,23.990137760744982,22.90920910152476,23.769650141674685,2274400
2016-03-11,24.624711990356445,24.737644221629328,23.59756206234238,23.796538191458644,3679500
2016-03-14,23.597566604614258,24.425738511477693,23.334055962806296,24.16222992111847,4924500
2016-03-15,23.775033950805664,23.780412850000065,22.995259734983808,23.27490300107263,2138100
2016-03-16,24.68386459350586,24.7430180993749,23.82880256375832,24.011646081171254,4071800
2016-03-17,25.173250198364258,25.30231505831939,24.59783107339597,24.882851186291767,6545600
2016-03-18,25.51203727722168,25.528171917157376,25.06568523366557,25.42599338620796,5405200
2016-03-21,25.29692840576172,25.592704150922295,24.979641175129935,25.345328222347863,2501800
2016-03-22,24.968891143798828,25.366843458803345,24.834447406023237,25.028046716651872,2481400
2016-03-23,24.178363800048828,25.06031448248272,24.156852307440964,24.86133830448211,2057400
2016-03-24,24.02779197692871,24.119212760545036,23.533037811075115,23.80730426482255,2644300
2016-03-28,23.592193603515625,24.162235961107257,23.430861480106444,24.103080370519066,1845900
2016-03-29,22.973745346069336,23.355565048703433,22.764013454522395,23.301788377031894,2894100
2016-03-30,23.323301315307617,23.834187978657738,22.919970062891547,23.269524635565006,3782300
2016-03-31,23.570682525634766,23.683614799054656,23.226504754363646,23.29641608853034,2126500
2016-04-01,23.097440719604492,23.672859906617003,22.94686229815553,23.097440719604492,3035100
2016-04-04,22.30152702331543,22.898457524375885,21.640064105003418,22.47899168361936,7146100
2016-04-05,21.166820526123047,22.091794016437493,20.521490231751304,21.93583880210337,11392700
2016-04-06,23.03290557861328,23.25877010709653,20.84953821269717,20.973226223740223,14881000
2016-04-07,22.54890251159668,23.296409320569744,22.08641575315186,22.704857730411515,8520500
2016-04-08,23.183483123779297,23.59757016541993,22.801663324203183,23.210371466441874,5291400
2016-04-11,22.44672966003418,23.522279672367514,22.150951765483438,23.377080174528654,4467100
2016-04-12,22.17245864868164,22.67796631086756,21.6992161672309,22.452101839927604,6654800
2016-04-13,22.210105895996094,22.387572621153325,21.88206283539543,22.113306237082828,5481900
2016-04-14,23.221118927001953,23.59218284680366,22.1455691927321,22.33378957565,8396700
2016-04-15,23.55454444885254,23.608323179400234,22.82854902377357,23.188857286923465,3492100
2016-04-18,24.576318740844727,24.646230067613047,22.96837053386675,23.08130279533557,3344700
2016-04-19,25.006528854370117,25.06030551519812,24.404221637014416,24.640841816684983,2918500
2016-04-20,25.275426864624023,25.3668476366729,24.533296735469776,24.942006914432568,7722900
2016-04-21,25.10871124267578,25.501286703211612,24.93124657899866,25.049557722415805,3469700
2016-04-22,24.968891143798828,25.89924156303209,24.57631567566794,25.33457827466433,4487800
2016-04-25,24.221385955810547,24.952760267841406,23.936363817138982,24.82907021530635,3519300
2016-04-26,24.630090713500977,24.635469611465805,24.06542746265574,24.382714744779978,2588000
2016-04-27,25.2431583404541,25.635733853284336,23.68898888303957,23.785788549375667,5430000
2016-04-28,25.737913131713867,25.872356888522695,24.925871691777147,24.925871691777147,5561600
2016-04-29,26.006807327270508,26.48542689625002,25.442143813884,25.759431243531573,3650400
2016-05-02,25.490537643432617,27.29746004943038,24.70000768043743,26.587597162783304,13238100
2016-05-03,24.49027442932129,25.253913958251275,24.280542503810906,25.10871445948666,8688700
2016-05-04,23.92561149597168,24.759162365063062,23.737389008467886,24.468763362479308,4560800
2016-05-05,24.22676658630371,24.533298213265656,23.818058434170812,24.26978957676459,4238600
2016-05-06,24.67312240600586,24.888231217260124,23.93099218627296,23.97939202780878,4059300
2016-05-09,23.79654884338379,24.570944270612852,23.608328373676844,24.441879391799304,3671900
2016-05-10,24.323564529418945,24.345076023115883,23.732012812895896,23.94712159551839,3852500
2016-05-11,24.10308074951172,24.58170027877936,24.017036812243933,24.26441287545766,3133700
2016-05-12,24.452632904052734,24.52792108505032,24.10845719009288,24.366588975562774,3174500
2016-05-13,24.00090217590332,24.53329835143604,23.99552327634087,24.35583364340817,2895200
2016-05-16,24.67312240600586,24.888231217260124,24.210635487207806,24.361211860230718,3860000
2016-05-17,25.167865753173828,25.474397292330902,24.463381923491106,24.46875877003399,4436900
2016-05-18,24.710763931274414,25.31845031152807,24.490276243068966,25.081827976854605,3709400
2016-05-19,24.328947067260742,24.662367063634488,23.97401557397275,24.425744700476322,2644400
2016-05-20,24.37734031677246,24.57631648079322,24.162229508704986,24.447249585662995,3556500
2016-05-23,24.140722274780273,24.45263279633809,24.033166851779338,24.248277697781212,4130600
2016-05-24,23.640586853027344,24.280540371163692,23.522277756293096,24.151473477559712,5833600
2016-05-25,24.495655059814453,24.64623348074126,23.82343619400479,23.828815093742804,3983300
2016-05-26,24.50640296936035,24.83982284575036,24.398847574943034,24.63009095493328,3704300
2016-05-27,24.85187530517578,24.873467350028307,24.387656636500125,24.42544168542668,2557900
2016-05-31,25.035402297973633,25.294500645666233,24.792496953533497,24.819485978664485,3733500
2016-06-01,25.008407592773438,25.337676919194724,24.41463887909914,24.65754416836907,3807700
2016-06-02,24.776302337646484,24.986819602748955,24.51720194768753,24.82488340337248,3252300
2016-06-03,24.95982551574707,25.186535737055085,24.700725178352084,24.765501292265867,3888000
2016-06-06,26.730337142944336,26.811304213895294,25.197337125518327,25.23512217045488,5040600
2016-06-07,26.39566993713379,26.962447696456042,26.379474874892164,26.800511487954058,4489100
2016-06-08,25.872074127197266,26.611584114558486,25.66695383218175,26.449647906548595,4417100
2016-06-09,25.66695213317871,25.861276393579686,25.45103788983466,25.688544175252257,2226100
2016-06-10,24.797887802124023,25.558989653720708,24.76010276445916,25.3700644653964,2383300
2016-06-13,24.560388565063477,25.262113540810578,24.511807494327794,24.61436661737837,2913100
2016-06-14,24.61976432800293,24.754711510630326,24.139352687310296,24.349869962748137,2953600
2016-06-15,24.824874877929688,25.078574081478745,24.484807534634818,24.60356166765552,3377500
2016-06-16,24.803285598754883,24.868059651631153,24.096161819494696,24.484810255012356,2382700
2016-06-17,25.267505645751953,25.370064740650715,24.86806116722232,25.040793358172934,3116500
2016-06-20,24.760108947753906,25.780309337738107,24.74931292584929,25.580588080329242,2686000
2016-06-21,25.154157638549805,25.326889892443898,24.598175825023873,24.727726045009888,2913400
2016-06-22,24.8626651763916,25.380861769862104,24.830277117125863,25.32688167108587,1950400
2016-06-23,25.461830139160156,25.478025199191258,25.089376704530086,25.31068997307207,2108000
2016-06-24,24.40924835205078,25.056993215842077,24.214924069261112,24.312086210655945,7761800
2016-06-27,22.703516006469727,24.1879350977501,22.530783767851197,24.058384889220843,4798100
2016-06-28,23.58336639404297,23.621151436441703,22.98420269637863,23.216309931486393,4046900
2016-06-29,24.34986686706543,24.39304888926841,23.847863246782527,23.87485226805068,3901900
2016-06-30,24.360666275024414,24.490214418778812,24.18793404393147,24.31748218768587,3315900
2016-07-01,24.738515853881836,24.830278939842152,24.409244434131768,24.457825497031454,2819400
2016-07-05,23.77768898010254,24.549586893538017,23.56717174173472,24.290488595613763,2011200
2016-07-06,23.86406135559082,23.880256419122375,23.3026805328816,23.599566007767766,1413100
2016-07-07,23.502399444580078,24.263501395289005,23.313472172523156,24.031392099904757,2783100
2016-07-08,23.58336639404297,24.123155067316716,23.30267603684498,23.88025181164783,3525300
2016-07-11,23.5347900390625,24.150150979362976,23.523996075472493,23.783094443379163,2510900
2016-07-12,24.733116149902344,24.781697211497523,23.772292997386984,23.788485998208603,3797500
2016-07-13,24.430830001831055,24.84646745173362,24.12854971763283,24.803285436475303,2782000
2016-07-14,24.927446365356445,25.10557559443966,24.60897089844445,24.733122072443255,2290500
2016-07-15,24.787094116210938,25.089376505114842,24.587372889877624,25.019203403218697,2172900
2016-07-18,25.29450035095215,25.337682378832476,24.560387344811183,24.62516141619697,2316500
2016-07-19,24.689931869506836,25.256709496851432,24.576574696733815,25.14875136327862,3325700
2016-07-20,24.67374038696289,24.8356765812262,24.43083506600271,24.646751364440743,2955800
2016-07-21,24.015199661254883,24.878860739341977,23.988208579521185,24.614363375916938,4037300
2016-07-22,24.04758644104004,24.274298768313233,23.65354093274642,23.96661937061643,2546100
2016-07-25,23.594161987304688,23.85326029868807,23.345859696286908,23.84786331807044,2136300
2016-07-26,24.171737670898438,24.258103781761694,23.259495496209624,23.437624698995496,2795300
2016-07-27,24.036785125732422,24.58736973169502,23.507792557446017,24.209517308881857,3287600
2016-07-28,24.857275009155273,25.197342545868693,24.31748618350964,24.49561748435556,6166000
2016-07-29,25.818096160888672,25.899063235589608,24.652150517541376,24.673742561113865,5623800
2016-08-01,24.695335388183594,25.747923865735586,24.61436625178318,25.54280356355037,4114000
2016-08-02,25.197336196899414,25.359272391963874,24.58197742017621,24.92204281207244,4012500
2016-08-03,25.44023895263672,25.542798052034225,25.06238649618398,25.116364536049986,3947400
2016-08-04,25.50525665283203,25.781544621764052,25.304810292449723,25.40232417950459,2932700
2016-08-05,25.494413375854492,25.71110922584756,25.353559110103728,25.662352297946835,3498700
2016-08-08,25.99824333190918,26.290782934636578,25.597352666563914,25.629857985349275,3974000
2016-08-09,25.92238998413086,26.16617463704745,25.819459604714794,26.139087912631076,2670300
2016-08-10,25.862796783447266,26.274520316218737,25.77069945204491,26.111997923455903,3242200
2016-08-11,26.3341121673584,26.361198888208065,25.862796611504308,25.954891875710047,2921600
2016-08-12,26.957111358642578,27.04920867694695,26.37744693139102,26.496630966872893,4727000
2016-08-15,27.433855056762695,27.55303913404991,26.967955918186977,27.087139995474192,2398900
2016-08-16,27.737228393554688,27.959342831826802,27.325502758435697,27.433851718550407,3525100
2016-08-17,27.477197647094727,27.77515579730658,27.358013560376005,27.628884981765864,4278500
2016-08-18,28.197715759277344,28.360238205744743,27.6126345386777,27.731816563908442,3585500
2016-08-19,28.54984474182129,28.620271881427158,28.08936214173331,28.105615830309855,3339000
2016-08-22,28.06227684020996,28.268139684420113,27.85099747725589,28.21396623064182,3720900
2016-08-23,28.09478187561035,28.246469197962842,27.986432902536524,28.121868602232613,2295800
2016-08-24,27.75348663330078,28.12728846493218,27.655972752599546,27.867252138590555,2861800
2016-08-25,27.98101806640625,28.078531941377943,27.62888439938794,27.775155211845473,2424600
2016-08-26,27.553037643432617,28.192294278068854,27.471775401208564,28.09478041403386,2613300
2016-08-29,27.439273834228516,27.596377676698157,27.2009056779846,27.439273834228516,2991400
2016-08-30,27.087139129638672,27.943093718095916,26.99504384855856,27.607211704947403,2883800
2016-08-31,26.61582374572754,27.162983052159028,26.469552945017796,27.08713939251355,3804300
2016-09-01,26.995038986206055,27.054628945626746,26.30160694411084,26.604983591689017,4523300
2016-09-02,26.967952728271484,27.460938535212694,26.913779281322377,27.27132940430628,2879300
2016-09-06,27.06546974182129,27.087139949761447,26.64291101991214,27.01671280724833,2597200
2016-09-07,27.03296661376953,27.119645379321405,26.399126461571324,26.989626197701206,5493200
2016-09-08,27.785985946655273,27.818489188810897,26.984206930324913,27.227989512830383,3202200
2016-09-09,26.621238708496094,27.569288531827635,26.61582219023143,27.412182636552387,3723700
2016-09-12,26.924617767333984,27.038383260173422,26.009071106122356,26.312447820278987,3942700
2016-09-13,26.18783950805664,26.523719368878186,26.0090634434777,26.523719368878186,3754300
2016-09-14,26.231184005737305,26.653744772811752,25.922390791289445,26.063245069175817,3200700
2016-09-15,26.64290428161621,26.865018690365584,26.166170160428198,26.35036274816555,3543300
2016-09-16,26.22035026550293,26.31244554223256,25.98198212980815,26.2311833020485,4977000
2016-09-19,26.274524688720703,26.7350052226108,26.2636895851888,26.594153009865433,2266800
2016-09-20,26.26369285583496,26.51289406834796,26.04699695796559,26.236606126924407,2263600
2016-09-21,27.190065383911133,27.24965741159725,26.372034815760546,26.545392314528677,3424600
2016-09-22,27.16840171813965,27.607212054989414,27.1196447844247,27.607212054989414,2320800
2016-09-23,26.675413131713867,27.206320763048833,26.550810484298285,26.805430230587785,3602900
2016-09-26,26.6320743560791,27.02212980981692,26.539979077604706,26.85960739295438,2944200
2016-09-27,26.036163330078125,26.187850673850182,25.754456786940686,26.18243415439478,3307300
2016-09-28,26.989622116088867,27.038379043499884,26.095745802415017,26.334113921573095,5496900
2016-09-29,27.20090675354004,27.65597080930834,26.87586188509906,27.11964656972223,5242400
2016-09-30,27.34175682067871,27.509695747904207,27.060050347151147,27.412181889122184,4441000
2016-10-03,27.1033878326416,27.292999026077847,26.88127339836477,27.217155375337146,2840400
2016-10-04,27.06546974182129,27.211740545540177,26.85960896614414,27.184653818907368,2361100
2016-10-05,27.748064041137695,27.99726520768614,27.206321296509998,27.341756982666922,4959700
2016-10-06,28.32773208618164,28.511924724604615,27.748067443676806,27.791405793937308,3274000
2016-10-07,28.625686645507812,28.92364474107743,28.284388138503196,28.501086062509046,4719500
2016-10-10,28.901979446411133,29.503314324451413,28.799049051639834,28.858641094196607,4511200
2016-10-11,28.452333450317383,28.847805465040427,28.29522753490299,28.815300151531797,3813400
2016-10-12,28.278976440429688,28.517342544197234,28.143540731487576,28.316898273606686,3404300
2016-10-13,28.441490173339844,28.555255638052973,27.905164020774063,28.01893155207148,2594900
2016-10-14,28.03517723083496,28.636511797743967,27.823897964966143,28.582336302275138,3532900
2016-10-17,27.81848907470703,28.12728227342631,27.62887994096171,28.029770480774832,3183000
2016-10-18,27.95391845703125,28.37647910729407,27.872658303715244,28.16519981545471,3546900
2016-10-19,28.62027931213379,28.869480558104488,28.14896148615437,28.27356210913972,4814300
2016-10-20,28.306058883666992,28.61485208798023,28.18687481653395,28.41440784773479,2782000
2016-10-21,28.360240936279297,28.408997881572358,27.834751710993242,28.013525799344308,3138400
2016-10-24,28.251882553100586,28.430656568979757,28.002679341189168,28.398151263099727,3056100
2016-10-25,29.46538543701172,31.079778452261937,29.18909756635834,30.22924256950569,10501300
2016-10-26,29.66584014892578,29.96921691540566,29.23786483063356,29.38955218058092,5031500
2016-10-27,29.552066802978516,29.915035522605585,29.470806629868882,29.828356764671216,3358300
2016-10-28,32.02783966064453,32.17411049159496,30.689736103286403,31.242312042541162,14737200
2016-10-31,30.012544631958008,33.67472415811205,29.552062124236222,33.588045413900836,19920400
2016-11-01,29.980043411254883,30.137149302343442,29.053663818838146,30.08839237292232,9991300
2016-11-02,29.503313064575195,29.709175911911768,28.95073514798849,29.595410417298723,5250900
2016-11-03,30.003276824951172,30.008712377697776,29.42723261716916,29.530485315739,4099800
2016-11-04,31.579248428344727,31.693370149023316,29.856545294489283,29.981536046621418,8452700
2016-11-07,31.90532112121582,32.2694265338085,31.61729895274347,31.725987228430384,4887500
2016-11-08,31.986827850341797,32.1661616870853,31.46512677774425,31.823796524287037,2917200
2016-11-09,32.06290817260742,32.70416650190403,31.410780812112733,31.655328831430207,3369900
2016-11-10,32.263973236083984,32.5411282903154,31.48685529092928,31.905303574709144,3865800
2016-11-11,31.867277145385742,32.25855406700885,31.535778872683522,32.06834908652819,2840500
2016-11-14,32.0574836730957,32.39441544239057,31.639035183509616,31.88358119827067,2880900
2016-11-15,33.16066360473633,33.345433034447,32.19877587415925,32.36724278959012,4288100
2016-11-16,33.2421760559082,33.25304508906303,32.3726741340834,33.06827567154324,3900000
2016-11-17,33.27477264404297,33.58453273540744,33.06826522544817,33.21499401710325,2845300
2016-11-18,33.07371139526367,33.280218880158394,32.78025371773792,33.269349846947506,2996100
2016-11-21,33.704105377197266,33.910612890074916,33.39977862522265,33.61171961891395,1946900
2016-11-22,33.45954895019531,33.633449315731916,33.04653610030985,33.61714680429282,2473900
2016-11-23,33.69321823120117,33.796470895609794,33.17695076304752,33.20412229862291,2758300
2016-11-25,33.628013610839844,33.628013610839844,33.04109836120271,33.40520365267517,888700
2016-11-28,33.296512603759766,33.964942421855206,33.003055003701604,33.872558773534436,2415800
2016-11-29,32.86720657348633,33.17153330888153,32.443324609196395,32.649832110823716,2867100
2016-11-30,34.959449768066406,35.17139075491415,33.97582392804424,34.27471511649763,6397500
2016-12-01,34.78010940551758,35.36158919379659,34.62794709024638,35.274641076261105,3724100
2016-12-02,35.4865837097168,35.73112970706164,34.492088914438085,34.709463364639745,4626800
2016-12-05,36.03545379638672,36.37782316272589,35.513752636278554,35.79090780281211,4766500
2016-12-06,36.35063552856445,36.4484547175042,35.44309336491337,35.62242923565468,2387600
2016-12-07,35.943058013916016,36.32889923735912,35.63329792489207,36.078917774823196,2923700
2016-12-08,35.76371765136719,36.18216798432945,34.905087221109824,36.07891325222779,3481200
2016-12-09,36.04087829589844,36.19847612084288,35.665904017716464,36.03544274438698,2220000
2016-12-12,36.05174255371094,37.274480347254034,35.61699382589536,36.38324068720481,5644400
2016-12-13,35.99197769165039,37.00277072326849,35.807206219729295,36.127837482784926,2818300
2016-12-14,35.1822509765625,35.97024026681437,34.91596694211759,35.86698549696126,3555700
2016-12-15,35.51374816894531,35.77460078924244,34.83988477350269,34.992047074462796,4902500
2016-12-16,36.07892608642578,36.15500723837196,35.30180790916537,35.63330613383594,6142300
2016-12-19,35.720252990722656,36.160437324165024,35.49744097505699,35.92132279927722,2380200
2016-12-20,35.405052185058594,36.18760153688381,35.236583273296496,35.91588203300172,2209000
2016-12-21,35.26375961303711,35.81806976570559,35.193114029156625,35.64960084089686,2359500
2016-12-22,35.655052185058594,35.83438814600909,35.28007774781898,35.28007774781898,2688500
2016-12-23,35.28550720214844,35.58440041873229,35.17682102126997,35.459407579221214,1176600
2016-12-27,35.6224365234375,35.6985176697211,35.285502771244744,35.405060042865124,2224500
2016-12-28,35.16594314575195,35.71481778958256,34.97574029277439,35.61156303534707,2255500
2016-12-29,35.17139434814453,35.269213594076476,34.785552918666596,35.095313173098916,1461300
2016-12-30,35.30724334716797,35.519184290631834,35.100733810174184,35.12790742697183,1872700
2017-01-03,35.33984375,35.758294175748205,34.61707083029874,35.481139075873145,2710300
2017-01-04,35.187686920166016,35.57352824059889,34.82358366447595,34.82358366447595,2122600
2017-01-05,34.970298767089844,35.519173317158135,34.82900346639582,35.23658271577008,2028500
2017-01-06,34.758365631103516,35.17138052337438,34.49208162311178,34.87248734881425,2554500
2017-01-09,34.36709213256836,34.74749787219925,34.26383736919214,34.41056618578797,1836600
2017-01-10,33.89974594116211,34.573609548562025,33.83996728325188,34.50839740950383,3270000
2017-01-11,34.44316864013672,34.579028406859976,33.82364843556753,33.975810710919816,1857000
2017-01-12,33.92146682739258,34.67141334817166,33.910599869937684,34.57359414663284,1672600
2017-01-13,33.1063117980957,33.877996463843935,33.00305910659703,33.807348794368096,3107900
2017-01-17,33.638885498046875,33.68779510633574,33.2041325030099,33.39433745660256,2927700
2017-01-18,33.55193328857422,33.731267126105486,33.20956605121626,33.40520447256366,2468200
2017-01-19,33.67148208618164,34.00298022897551,33.44323868671692,33.44323868671692,1882500
2017-01-20,33.6823616027832,34.06820293994805,33.31282277835444,33.78018082531176,2144200
2017-01-23,33.378028869628906,33.49215265732292,32.74763959007886,33.367161911806306,2002600
2017-01-24,34.06275939941406,34.13884053378614,33.4921488185681,33.63344205767974,1668100
2017-01-25,34.56272506713867,34.611634667838764,33.89429523960779,33.89429523960779,3122600
2017-01-26,34.29100799560547,34.75293249619175,33.25303934864781,34.69858733979915,5783500
2017-01-27,34.28557205200195,34.49751296405915,34.02472153923497,34.23666245129217,2067400
2017-01-30,33.59540939331055,34.405134670436404,33.23673962328807,34.2312343015198,2790800
2017-01-31,34.28013610839844,34.339912662251685,33.43237044807188,33.64431134488966,2535900
2017-02-01,34.00841522216797,34.66054039454058,33.666048055533594,34.60076177002684,2909600
2017-02-02,34.00841522216797,34.16644232638485,33.79589701656015,34.106500867633464,2110300
2017-02-03,33.70327377319336,34.057472316769015,33.45806163547513,34.04112539524197,2569400
2017-02-06,33.610626220703125,33.82314443806565,33.43625219216452,33.80134716482272,1519600
2017-02-07,33.436256408691406,33.57793454523215,33.14199941891142,33.44170468833801,3022400
2017-02-08,33.32727813720703,33.53434813918722,33.033021094188285,33.23464281553614,4015600
2017-02-09,33.27278518676758,34.008425675166635,33.26733482773187,33.697821728624554,2300500
2017-02-10,33.32181930541992,34.37896210311228,33.22918193437908,34.22093499167355,3130700
2017-02-13,33.27278518676758,33.398116421450965,32.91858668275149,33.36542050334547,4155400
2017-02-14,33.512550354003906,33.56704147431783,32.874995515778345,33.38721911431947,1939500
2017-02-15,33.512550354003906,33.621534673334764,33.22374367467469,33.33272591530255,2247500
2017-02-16,33.34907531738281,33.65967928007245,33.1964964369945,33.5125507590032,1949200
2017-02-17,33.10930252075195,33.289126924284226,32.907682920578495,33.12565151661108,1680200
2017-02-21,32.994873046875,33.425359921246184,32.9403819320925,33.39811436385493,1686600
2017-02-22,32.994873046875,33.076611797751525,32.80415206643348,32.95128057078956,2161200
2017-02-23,32.67881393432617,33.349064482298,32.591626921875424,33.234631918213076,2114500
2017-02-24,32.58617401123047,32.79869220750967,32.38455445049151,32.43359727107149,2730100
2017-02-27,32.83139419555664,33.12565117354236,32.54258757570171,32.624324239340474,2265700
2017-02-28,32.847747802734375,33.02212188178874,32.56983976383617,32.71151792355422,2913300
2017-03-01,33.69236755371094,33.915784424920474,33.09840532361204,33.196488903362706,1990900
2017-03-02,33.08750534057617,33.64877163546472,33.0602577086786,33.55068598100036,1757700
2017-03-03,32.635231018066406,33.1529049983942,32.62978273727906,33.08751523543058,1612200
2017-03-06,32.67881393432617,32.711507764806235,32.319167248129034,32.591626921875424,1805900
2017-03-07,32.373661041259766,32.82049477703417,32.253778109665774,32.77145194853686,1748600
2017-03-08,31.447294235229492,32.27557187153669,31.354658946317976,32.18838486133079,2703800
2017-03-09,31.278379440307617,31.41460931229728,30.85334082618191,31.24568352269706,3845700
2017-03-10,30.668060302734375,31.56717806024706,30.63536647215727,31.430948222969523,3277600
2017-03-13,30.88603973388672,30.989573698289007,30.597233042494025,30.782505769484434,1665100
2017-03-14,30.7716064453125,31.071311770302728,30.477349400978955,30.64627520317852,2040800
2017-03-15,31.447294235229492,31.66526280009539,30.787942340628476,31.01135918419999,2294000
2017-03-16,31.736101150512695,31.948619346285643,31.234774310366873,31.436393870625544,1974600
2017-03-17,32.11210250854492,32.55348799974606,31.785151678642162,31.855989708609396,3693900
2017-03-20,32.918582916259766,32.92948155438126,31.75245566039444,32.014016739202326,2763000
2017-03-21,32.820499420166016,33.0711618774125,32.68971991147342,32.902238172126,2418400
2017-03-22,32.98943328857422,33.349080143668445,32.52080209705983,32.68972792244625,2892500
2017-03-23,32.2374382019043,32.869544751796425,32.16659808340606,32.83140055230575,2587000
2017-03-24,32.144798278808594,32.58618168932692,32.07395817045648,32.253780502485476,1562400
2017-03-27,31.643470764160156,31.888684920536218,31.501792628644342,31.76880198215178,1854600
2017-03-28,32.18839645385742,32.2701352147956,31.425508280777844,31.796053727279002,2862300
2017-03-29,32.706058502197266,33.08750244970925,32.030357617001556,32.18293644322772,1839600
2017-03-30,32.319175720214844,32.92403460837838,32.1992927671558,32.89678904960211,5912900
2017-03-31,32.59708023071289,32.902235860729654,32.319172235237176,32.384561984989816,2652700
2017-04-03,32.5262336730957,32.7224049621584,32.46629429361744,32.59707376719106,1908900
2017-04-04,32.77690887451172,32.83684827361711,32.18294653422473,32.531694682888116,1831100
2017-04-05,32.89134216308594,33.69237451300955,32.76056056523399,33.04391896166073,1951700
2017-04-06,33.207393646240234,33.30003104234589,32.95673117464151,33.071163770975325,1403300
2017-04-07,33.392669677734375,33.78501242266647,33.03302285444766,33.250991508010635,1168800
2017-04-10,33.626976013183594,33.89398743649714,33.441703332172835,33.50709515749609,1383100
2017-04-11,33.169246673583984,33.68147229211349,32.9785256956439,33.68147229211349,1348800
2017-04-12,32.88043212890625,33.485292911793465,32.804143756056014,33.09840069022314,1757100
2017-04-13,32.40090560913086,32.962173980120106,32.3137185920892,32.80414686213758,1482300
2017-04-17,32.48809814453125,32.53169269980818,32.215638410158824,32.400911112680184,2120200
2017-04-18,32.70061111450195,32.94037697233058,32.199286282137486,32.231982193305704,2517000
2017-04-19,32.40635681152344,32.77145180530579,32.32461807148432,32.64612059496099,2940700
2017-04-20,32.422706604003906,32.68426768514651,32.35186649493319,32.52624054902826,1945000
2017-04-21,31.43096351623535,32.482658538034094,31.430963516235355,32.12845995729026,3399300
2017-04-24,31.959524154663086,32.122999561547545,31.52903732286204,31.71975828444348,3070100
2017-04-25,32.308265686035156,32.43904515351727,30.56452351622373,30.956866076074395,4597400
2017-04-26,32.40090560913086,32.59162863801743,31.665265282760746,31.812393763775262,3784300
2017-04-27,32.50444030761719,32.515336865442464,31.752451016828335,32.05760660349541,3989100
2017-04-28,32.351871490478516,32.749662492725854,32.23743888956552,32.700619652519855,3082500
2017-05-01,32.53714370727539,32.662474946148194,32.23199010956873,32.35187098922364,2191100
2017-05-02,32.46084976196289,32.673368003686754,32.297374351306274,32.57528234155226,2578400
2017-05-03,32.177494049072266,32.58073536851033,31.817847284688177,32.302825276798245,3066600
2017-05-04,31.3741512298584,31.99168867098673,31.095440822102177,31.94250423612333,3235300
2017-05-05,32.42341995239258,32.49992861350093,31.3686886449311,31.472521530048912,3052900
2017-05-08,32.50537872314453,32.65839597992175,32.09550928417376,32.3195711607563,1925500
2017-05-09,32.024478912353516,32.47260286489306,32.008084794606,32.40702430919829,1936800
2017-05-10,32.82781219482422,33.05734018401214,32.133766302921224,32.33050398373832,2343100
2017-05-11,32.42341995239258,33.21036886127017,32.38516353713374,33.04642143250876,1804100
2017-05-12,31.838674545288086,32.52179065116172,31.43427097804565,32.32505496382224,4096300
2017-05-15,31.702041625976562,32.54910700589361,31.696577616071256,32.49992257792878,2222800
2017-05-16,31.423337936401367,31.926110342725526,31.396013711658487,31.926110342725526,2879200
2017-05-17,31.385086059570312,31.751235286113292,31.171954171319342,31.423340394143317,3420300
2017-05-18,31.221128463745117,31.729366840366122,31.171944037468755,31.171944037468755,2080000
2017-05-19,31.816814422607422,31.865998862539673,31.292179701761814,31.385084570391527,2620700
2017-05-22,31.696577072143555,32.0244718631461,31.37414629095254,32.00807774900724,1868600
2017-05-23,31.516231536865234,31.75668964784906,31.303099727368924,31.61460038504878,1269800
2017-05-24,31.111831665039062,31.778553470874133,31.06264723535116,31.59274585702031,2024300
2017-05-25,29.969655990600586,31.193800402256826,29.925935579428888,31.04078104785983,4413700
2017-05-26,30.30302619934082,30.40685908092392,29.920480822117124,30.002455576059557,2353600
2017-05-30,30.095348358154297,30.412315077796368,29.8494262626913,30.149996786166568,2319000
2017-05-31,30.139074325561523,30.286625525341854,29.62536983482895,29.701878482034836,3906100
2017-06-01,30.34673500061035,30.34673500061035,29.68547942029936,30.13906930271853,2748800
2017-06-02,30.029769897460938,30.133602744807362,29.647224646373402,30.062558120463017,2309900
2017-06-05,29.909542083740234,30.177324395923446,29.887681877704058,29.98058671100582,1577000
2017-06-06,30.385000228881836,30.445114773170268,29.690956175837247,29.833043393033346,3228800
2017-06-07,29.663631439208984,30.395931946739797,29.193647251355728,30.324889376728336,4172000
2017-06-08,29.6964168548584,29.89315458329019,29.428634483447468,29.663626538551615,2626400
2017-06-09,30.34673500061035,30.48882425148785,29.66361921482529,29.740127849280587,3154700
2017-06-12,30.69103240966797,30.838585700664495,30.40685593271589,30.696496419836265,3176700
2017-06-13,31.18834114074707,31.18834114074707,30.3849961294668,30.619988179233076,2917300
2017-06-14,30.663707733154297,31.029856865408938,30.23744406642099,31.024392855321942,3816600
2017-06-15,30.77846908569336,30.942416480821777,30.41231997273004,30.41231997273004,2633300
2017-06-16,31.308561325073242,31.439718380678706,30.527076746019322,30.92055208224334,3687700
2017-06-19,30.904165267944336,31.286710618208293,30.80579640402776,31.286710618208293,1794700
2017-06-20,30.31395721435547,30.696500518343594,30.215588340557193,30.472438546848554,4323000
2017-06-21,29.97511863708496,30.31394555415194,29.734662640682718,30.253831033875414,3700100
2017-06-22,29.79478645324707,30.09535706366669,29.592584709467257,29.936873658002064,6118800
2017-06-23,29.505138397216797,29.92593589328592,29.27561040556603,29.723734201256033,6400100
2017-06-26,29.34666633605957,29.74560586468376,29.335736228941883,29.636306878211638,1978800
2017-06-27,29.166311264038086,29.543392515335952,29.138987049305882,29.39037316036849,2195700
2017-06-28,29.237361907958984,29.548862606370232,29.16085325707964,29.281082328292538,1995400
2017-06-29,29.2482967376709,29.740139037646937,29.078883208568694,29.335735507758063,3293700
2017-06-30,29.789318084716797,30.01338002280752,29.363054418276974,29.543398021588803,5106100
2017-07-03,31.521711349487305,31.54903557816238,29.82211805861427,30.057110177688966,4124500
2017-07-05,29.22307586669922,32.02378383786542,29.223075866699215,32.0080932366682,5883300
2017-07-06,29.034786224365234,29.882060574776414,28.650377041167125,29.882060574776414,5133800
2017-07-07,29.740854263305664,30.2743227427738,28.336576854332883,29.92129169126162,6086000
2017-07-10,29.207380294799805,29.94482046950977,28.87003990816077,29.52118627998633,4721500
2017-07-11,29.30152130126953,29.638861692605573,28.9406465081533,29.270143096454515,2796200
2017-07-12,29.317222595214844,29.80362235573721,29.22308196107498,29.631028699250127,3268800
2017-07-13,28.901430130004883,29.536886101731685,28.783752100644755,29.379983060143715,4086800
2017-07-14,29.30152130126953,29.411355492487075,28.956337106898662,29.026943304914944,2874700
2017-07-17,29.52903175354004,30.10172516513171,29.52903175354004,29.583947355153224,3926100
2017-07-18,28.830820083618164,29.638866600414207,28.815129482274642,29.434894768300833,3279000
2017-07-19,28.666074752807617,29.09755583787965,28.524862326031116,28.705299761873007,4235200
2017-07-20,27.434398651123047,28.948507770960155,27.34810181123432,28.70530785788076,6623500
2017-07-21,26.767555236816406,27.363786180500195,26.234086705173656,27.246108154261506,7851700
2017-07-24,26.955842971801758,27.034293004338018,26.579277428809274,26.87738994658859,2850900
2017-07-25,27.654052734375,27.677587140747843,27.27748726902807,27.30886847264272,2979800
2017-07-26,28.281654357910156,28.383641746326365,27.630511014965506,27.912935787394705,3826000
2017-07-27,28.367958068847656,29.058329570677756,28.007083212788647,28.218901843782298,4730100
2017-07-28,29.10539436340332,29.419200364360155,26.85384573346685,27.34024234154171,4263800
2017-07-31,28.940643310546875,29.16030568336039,28.57976855730313,29.136771284180483,3318800
2017-08-01,28.0070858001709,28.893585413410186,27.779576546677156,28.885738615606122,2955200
2017-08-02,27.732501983642578,27.889405004699537,27.48145834702193,27.740348780667343,3405700
2017-08-03,27.70112419128418,27.85802422203086,27.512839964641405,27.661896190921254,3200200
2017-08-04,27.638368606567383,27.881568502533526,27.505002948980042,27.78742486963741,3115500
2017-08-07,27.112741470336914,27.669744388640037,26.987219643780204,27.536375764543052,2058600
2017-08-08,27.410850524902344,27.826643955148175,27.175497503498235,27.261794309637484,2155700
2017-08-09,27.607934951782227,27.820789177294902,27.402962879522192,27.42661535389534,2267000
2017-08-10,27.35567283630371,27.820798219378673,27.253186766864527,27.600058761562845,1984500
2017-08-11,27.03244400024414,27.505451428615654,27.02455883896348,27.205878453416158,1193200
2017-08-14,27.008792877197266,27.229532294499354,26.91419198824382,27.205879816779962,1933500
2017-08-15,27.048213958740234,27.13492969014645,26.827474530928622,26.827474530928622,2158600
2017-08-16,26.66980743408203,27.205881169681593,26.61462032153112,27.09551295919615,1383400
2017-08-17,25.857803344726562,26.874772575339648,25.8183865621238,26.63826887241533,2230700
2017-08-18,25.83415985107422,26.117965563139844,25.566121457157617,25.810510377504894,3248500
2017-08-21,25.652833938598633,26.007590992044815,25.589764681404777,25.834153542069412,2354700
2017-08-22,25.771087646484375,25.97605975179349,25.56611854848336,25.71590354289533,1874800
2017-08-23,26.047016143798828,26.204686330139765,25.629189698899037,25.629189698899037,1580000
2017-08-24,25.87358283996582,26.086437174997357,25.652846347626074,26.086437174997357,1787200
2017-08-25,26.22044563293457,26.338699001925836,25.912990482327,25.920875644157405,2037100
2017-08-28,26.21256446838379,26.330817841841135,25.873574672268152,26.22833178533198,2518100
2017-08-29,26.606740951538086,26.65404290697188,26.094313626585063,26.094313626585063,2253000
2017-08-30,26.41753578186035,26.59097327547679,26.204684503541856,26.48848721040267,1637300
2017-08-31,26.724998474121094,27.07975266921902,26.378123428519256,26.79594991460247,3648400
2017-09-01,27.040327072143555,27.150695275356338,26.590969097744086,26.78017387990028,1724400
2017-09-05,27.568523406982422,27.9469299884397,27.190116825525145,27.458155196637573,4386800
2017-09-06,27.387205123901367,28.175552959269407,27.371437806317008,27.899629412505593,3353300
2017-09-07,27.395092010498047,27.78926599626061,27.032452665350615,27.410859330805614,2086000
2017-09-08,27.134923934936523,27.576399689616302,26.851121314757606,27.410847409351714,3019000
2017-09-11,27.9705753326416,28.065176212219512,27.09550892644966,27.21376228140285,2849500
2017-09-12,28.3489933013916,28.695868345373672,27.781384787500038,27.89175302610926,3548600
2017-09-13,28.451478958129883,28.956021188410055,28.30169392329949,28.33322555721032,4303400
2017-09-14,28.680091857910156,29.27923482199691,28.538189022964453,28.656439380547212,4785700
2017-09-15,29.09002685546875,29.097909008040112,28.672200593810068,28.672200593810068,8293100
2017-09-18,29.452672958374023,29.55515900978957,28.99542981152625,29.097915862941797,3251900
2017-09-19,29.47633171081543,29.52363367420407,29.21617843045043,29.413265433606252,2961500
2017-09-20,29.563045501708984,29.704948360701867,29.358076376112876,29.602462294249563,2254100
2017-09-21,28.837759017944336,29.373832663211893,28.67220372280516,29.302881253097297,2626500
2017-09-22,28.90871238708496,28.96389949981727,28.601257226205426,28.79834417623674,3605800
2017-09-25,29.578811645507812,30.0360518339752,28.877182541300783,29.05061702305333,4737000
2017-09-26,29.200407028198242,29.436910797469064,28.900833983223954,29.436910797469064,2629100
2017-09-27,29.113679885864258,29.326534119046233,28.924475120599926,29.24769754714121,2168600
2017-09-28,29.19251823425293,29.35807355872924,28.821996811158836,29.26346965694043,2129600
2017-09-29,28.869304656982422,29.20829455798721,28.6328008441977,29.011207546115084,3251200
2017-10-02,29.05849838256836,29.097915168384837,28.31744957706338,28.34898420863976,1908600
2017-10-03,28.90871238708496,29.247702181723476,28.687975965388514,29.042733076906515,2465800
2017-10-04,28.940250396728516,29.239823437767644,28.798347535568322,28.97178503416601,1970200
2017-10-05,28.758928298950195,29.10580025936537,28.7431609815711,29.04273399715729,1909800
2017-10-06,28.798351287841797,28.940254167491187,28.41206245448097,28.506663371810916,1827900
2017-10-09,28.254392623901367,28.908719904352804,28.22285798194229,28.84565362774363,3165100
2017-10-10,27.568523406982422,28.56184030739425,27.529103611309388,28.427822625492126,4350100
2017-10-11,27.111286163330078,27.513345311473472,26.985150608626213,27.442393873995744,4578200
2017-10-12,26.740755081176758,27.040328077685885,26.630386873859738,26.914192553993846,4677500
2017-10-13,26.590970993041992,27.27683273854119,26.57520367612948,27.008794365644874,2854900
2017-10-16,26.56732177734375,26.985145153972994,26.52001982615038,26.835360152823018,2896300
2017-10-17,26.638269424438477,26.859005817434447,26.251977729387722,26.52001606687189,4636800
2017-10-18,26.646156311035156,27.008795594599157,26.606739520614433,26.67769094629507,2631400
2017-10-19,26.133737564086914,26.717113403591497,26.054900959215363,26.449074961646183,4702300
2017-10-20,26.22044563293457,26.354466318278543,24.785654428881227,25.23501091570103,7152600
2017-10-23,24.809307098388672,26.220449013503735,24.754122987693425,26.09431347372767,5767300
2017-10-24,24.19439125061035,24.959087975658573,24.147089306142618,24.880252905199583,4213800
2017-10-25,23.705615997314453,24.328411425684262,23.650431896806538,24.20227590919361,4849000
2017-10-26,23.603132247924805,23.91847104975782,23.437578437178715,23.745035084663165,2599000
2017-10-27,24.675281524658203,24.683165181814275,23.350858699168935,23.484877863514463,4641700
2017-10-30,24.83295440673828,25.045808662530145,24.509731945863532,24.58068336446082,4545500
2017-10-31,24.777772903442383,24.856607988337576,24.478199881571484,24.66740468678162,3144700
2017-11-01,25.10887908935547,25.495169351818884,24.88025749323094,25.030044004358935,3127200
2017-11-02,24.659521102905273,25.36114869927788,24.517618250393294,25.061578683804477,3900500
2017-11-03,24.722957611083984,24.944971654828645,24.46129712212974,24.50887134402399,4539100
2017-11-06,26.895523071289062,26.94309879082831,25.00839823360226,25.016326007835357,8134500
2017-11-07,26.48321533203125,27.022394783680788,26.41185325682134,26.99067763365107,4451300
2017-11-08,26.039182662963867,26.736944796026776,25.999537740284847,26.356348093823474,3370200
2017-11-09,25.959897994995117,26.12640851828376,25.52379468440917,25.920250039695073,4218700
2017-11-10,26.12640380859375,26.27705572754789,25.690303601335955,25.888531243245296,2512600
2017-11-13,25.277986526489258,25.999536485757528,25.246270892347752,25.959891564991448,3665000
2017-11-14,24.19170570373535,25.174914792904513,23.747676133997665,24.944969963352854,6311900
2017-11-15,24.2630672454834,24.44543633993249,23.48601513772519,23.66838423217428,4733200
2017-11-16,23.906253814697266,24.699164399014634,23.874538177750168,24.270993469908852,3926900
2017-11-17,24.508869171142578,24.59608983051369,23.91418615693687,23.94590331029259,2690600
2017-11-20,24.136199951171875,24.51679668982583,24.033120722563304,24.51679668982583,3927200
2017-11-21,24.310636520385742,24.572296932548138,24.22341587887934,24.22341587887934,3346100
2017-11-22,24.350278854370117,24.68330129922539,24.26305973448761,24.381995997859498,3378900
2017-11-24,24.421648025512695,24.66745142205399,24.26306679896295,24.40579096150768,1314100
2017-11-27,24.03312110900879,24.42164714167671,23.93004339109976,24.31856942376768,2622600
2017-11-28,23.850753784179688,24.08069861300192,23.779391700225002,23.945903733571644,4314500
2017-11-29,23.771459579467773,24.02519073113905,23.708026791549955,23.811106017139508,4887900
2017-11-30,23.573232650756836,24.2868519147957,23.549446299781643,23.803177459230394,11606400
2017-12-01,24.342350006103516,24.44542769317968,23.65251728923307,23.81902926048728,10813100
2017-12-04,25.143198013305664,25.84096028849842,24.263068149228147,24.34235952309421,7928400
2017-12-05,24.42957878112793,25.365213669694295,24.382004561541027,25.174915278989516,4719800
2017-12-06,24.19170570373535,24.71502664615834,24.017265893713404,24.30271271808049,4477500
2017-12-07,24.080698013305664,24.659522446650268,24.0251929953343,24.199634312815814,3670100
2017-12-08,23.993480682373047,24.421651722466766,23.842827208841317,24.223424025004025,4723800
2017-12-11,24.25513458251953,24.334425942400298,23.953827717444003,24.152055360967466,7036900
2017-12-12,24.540586471557617,25.103552335781178,24.255138139074056,24.326500222194948,5889000
2017-12-13,24.048978805541992,24.596087551374676,23.858680440112572,24.500937612481483,5404100
2017-12-14,24.25513458251953,24.453362226042994,23.80317579726314,23.850750008248838,7625300
2017-12-15,23.993480682373047,24.453368879992315,23.86661507698548,24.397865366679916,9025300
2017-12-18,24.60401725769043,24.762598475401862,24.048979214807915,24.12827057984213,6014800
2017-12-19,25.238344192504883,25.444501128803292,24.469221459372193,24.738811182811887,6025200
2017-12-20,25.959897994995117,26.070905010520878,25.222489279829038,25.293851364769072,4432100
2017-12-21,25.611013412475586,26.261199904067592,25.603085636842845,25.951965234251162,6206700
2017-12-22,25.555513381958008,25.737882493436338,24.968759602186033,25.27006653731804,2640600
2017-12-26,25.420717239379883,25.745810493990128,25.293850140460606,25.555510601789756,2191600
2017-12-27,25.39692497253418,25.65065611678691,25.277988687710327,25.436572921403656,2930100
2017-12-28,24.897396087646484,25.476222057572517,24.794318360385695,25.373142817954566,2746400
2017-12-29,25.087688446044922,25.214554008646765,24.627800403524038,25.04011423815843,3050200
2018-01-02,25.555513381958008,25.563444183382654,25.063909558637523,25.143199424596972,3653300
2018-01-03,26.58629608154297,26.681447547912782,25.698236901758985,25.714095479487288,4954200
2018-01-04,27.4584903717041,27.49020449166265,26.4039179967125,26.78451465863562,6213700
2018-01-05,27.307844161987305,27.514002643435653,26.71316112080951,27.514002643435653,4034600
2018-01-08,27.363340377807617,27.418846896261496,26.68143987975315,27.291978310896695,4656800
2018-01-09,27.77565574645996,27.791514320510032,27.030320914388984,27.371272694681192,3396700
2018-01-10,28.12453842163086,28.267262563852388,27.64879027265451,27.7280831431741,3495700
2018-01-11,28.941242218017578,29.03639066058142,27.83116596415304,28.148331472318464,5641500
2018-01-12,29.49628448486328,29.520070842664133,28.743018565782556,28.87781195960722,4082400
2018-01-16,28.766796112060547,29.416982573654945,28.59235783376148,29.40112702312099,3872600
2018-01-17,28.77472686767578,29.06017517227008,28.497206338336238,28.8302303686009,4074900
2018-01-18,27.545713424682617,28.639927789475305,27.466420556043804,28.60028286751273,7035400
2018-01-19,27.545713424682617,27.704293112532923,27.117541008174005,27.252334347789496,5061800
2018-01-22,28.18797492980957,28.354485451762752,27.244412280693908,27.751874647435585,6013100
2018-01-23,28.40206527709961,28.57650662508082,27.743950870586843,28.19590979516114,6187300
2018-01-24,26.784517288208008,28.671645235469967,26.292913596383254,28.51306252125478,10236300
2018-01-25,25.618940353393555,26.86380964546969,25.603081779803038,26.80037535110762,6468800
2018-01-26,25.959897994995117,26.173981225100903,25.452432599469137,25.745811740175014,3885100
2018-01-29,24.897396087646484,25.928180922040188,24.833963291095884,25.769598174485107,4832600
2018-01-30,25.262128829956055,25.285915176874482,24.358209838137206,24.64365810001229,6497600
2018-01-31,25.49207878112793,26.023327468385915,25.095621941068817,25.27006325316624,7545900
2018-02-01,25.729949951171875,26.221553683440323,25.41278449664865,25.769594876808792,6530500
2018-02-02,24.757200241088867,25.49872050985684,24.637600541143996,25.35520026160592,6506400
2018-02-05,23.42565155029297,24.908691966427924,23.290104829239855,24.541919380515125,4453400
2018-02-06,23.298078536987305,23.593092527876454,22.349253002576635,23.00306606689074,8368700
2018-02-07,22.971176147460938,23.78445662715961,22.835629400844493,23.465523553001166,3656300
2018-02-08,21.926668167114258,23.17050782640859,21.886802106036605,23.07482867150512,7637900
2018-02-09,21.129335403442383,22.149922717584626,20.47552224937969,22.06221555567136,6341900
2018-02-12,21.408401489257812,21.623681866165267,20.738641330518664,21.4323205172746,9381400
2018-02-13,20.682832717895508,21.336645985729,20.65093864590702,21.312725431737633,4477000
2018-02-14,21.065547943115234,21.232987222797085,20.435653843452513,20.44362735974109,6140900
2018-02-15,20.842296600341797,21.344617542452823,20.355924213552623,21.129337138690957,4577400
2018-02-16,21.153257369995117,21.54395058527719,20.730670086138392,20.730670086138392,4532100
2018-02-20,21.081493377685547,21.5120525790824,20.945946652639893,21.169199008626183,3625400
2018-02-21,21.336647033691406,22.508726862560827,20.62702062581738,20.985819828552202,11370000
2018-02-22,22.35722541809082,22.779811074052464,21.59178469501816,21.59178469501816,9084300
2018-02-23,22.349258422851562,22.70805758329462,22.062217877862757,22.42899055575472,4811600
2018-02-26,22.03032112121582,22.50074794777664,21.735308615551233,22.50074794777664,5885800
2018-02-27,21.527996063232422,22.30938222201884,21.52002254886207,22.09410189639635,3075400
2018-02-28,21.04960060119629,21.743281300180637,20.961894964896352,21.6476006269166,3674300
2018-03-01,21.631656646728516,21.91072366893196,21.033656536632385,21.08947115770741,8132200
2018-03-02,21.88680076599121,21.98247991503661,20.993786757075775,21.50407960743165,3327600
2018-03-05,22.341276168823242,22.484796385193917,21.631648601300736,21.743276281140346,4058500
2018-03-06,22.763864517211914,22.83562463401709,22.373171392824037,22.42898447905194,5565900
2018-03-07,23.058879852294922,23.122666457553017,22.508719431448448,22.52466646296113,6977400
2018-03-08,23.369844436645508,23.760537668773658,22.987124722004825,23.210378649275036,7533500
2018-03-09,24.111366271972656,24.175152894882913,23.561205698876037,23.561205698876037,5969600
2018-03-12,24.549898147583008,24.677471380476785,24.135284380281792,24.191097479573706,5750100
2018-03-13,24.199068069458008,24.844907672957053,23.840267444851474,24.613681786604953,4864500
2018-03-14,24.39840316772461,24.653549621010214,24.22298884049614,24.26285642431753,4037700
2018-03-15,23.832294464111328,24.470162086543883,23.40173522570264,24.44624153743511,5505400
2018-03-16,24.653547286987305,24.75719995352417,23.856213935559243,23.896079994813576,9629400
2018-03-19,24.374483108520508,24.58976350311494,24.055550035487748,24.51800337158346,4544000
2018-03-20,23.80040740966797,24.589767462832906,23.79243389145906,24.390434069989443,5588500
2018-03-21,24.685441970825195,24.876803330059346,23.720669261917664,23.848242487545225,5739100
2018-03-22,23.744590759277344,24.470164079277133,23.720670208220596,24.406377463918677,4531900
2018-03-23,23.282133102416992,23.97581222576859,23.162531890094055,23.943919684397034,5951400
2018-03-26,23.848247528076172,23.967847262281335,22.835633504939068,23.58512750450756,6501900
2018-03-27,23.282133102416992,24.21501312962188,23.138612864263536,23.74458635824892,5779800
2018-03-28,22.381149291992188,23.545256898677845,22.341283228532838,23.28213692578475,4761700
2018-03-29,22.141948699951172,22.46088175315612,22.054241540022527,22.381148109656692,7008300
2018-04-02,22.141948699951172,22.421015691802786,21.67152187617659,22.413042175373565,4745000
2018-04-03,23.058879852294922,23.106719426040335,21.72733313683861,22.604400099731908,5743900
2018-04-04,23.88811492919922,23.959875077876234,22.373181329738305,22.62832784912626,6282900
2018-04-05,23.688770294189453,24.398397925821154,23.489436980286982,23.927971183347918,5216600
2018-04-06,23.585119247436523,23.776479059328985,23.321999315985316,23.36186537316569,3700100
2018-04-09,23.441600799560547,23.832293968794072,23.282135037861217,23.77648087615967,3758600
2018-04-10,24.629623413085938,24.892743322694965,23.768503570657078,23.768503570657078,4223000
2018-04-11,24.892749786376953,25.363176644010235,24.549897680000527,24.589763744223198,3364200
2018-04-12,25.61832618713379,25.70603335872074,24.805045652762853,25.028298059285333,4044500
2018-04-13,25.969152450561523,26.200379900874605,25.41101990016591,25.706033971118288,3357200
2018-04-16,26.184425354003906,26.25618547173645,25.498718238245143,25.98509203158962,3279600
2018-04-17,26.160505294799805,26.51930282769831,26.128611234493494,26.280103458570974,3252500
2018-04-18,26.917972564697266,27.31663923980086,26.24821242885981,26.32794758883174,4437800
2018-04-19,26.878108978271484,27.396376920220593,26.37579111136951,26.91000304519449,4564700
2018-04-20,27.10136604309082,28.448858515377953,26.439577801576874,26.88608564072794,8271300
2018-04-23,27.86680030822754,28.034239576443966,26.941893773184333,27.125280072885932,5526800
2018-04-24,27.611661911010742,28.25750014510849,27.181101060554816,27.970462619724014,3588500
2018-04-25,27.9943790435791,28.42493985389977,27.396378931995677,27.611659337156013,4332600
2018-04-26,28.68805694580078,28.767792115140175,27.906670535788972,27.994377701269453,3711300
2018-04-27,28.704008102416992,29.094702884331127,28.401020498580692,28.401020498580692,4649300
2018-04-30,28.791719436645508,29.094707084218772,28.488731789072247,28.520625865992926,3522500
2018-05-01,28.416963577270508,28.80765830477481,28.201683181492914,28.55251184494635,4065000
2018-05-02,28.38507843017578,28.791720319415816,28.201692044639035,28.21763908358832,3925300
2018-05-03,28.38507843017578,28.440891545704932,28.050199737000856,28.297374278334736,3838300
2018-05-04,28.704008102416992,28.855500383542072,28.145874003219433,28.169796078250027,3047800
2018-05-07,28.40899085998535,29.37376357682189,28.361149759387224,28.863470670117792,3529000
2018-05-08,28.727928161621094,28.847529416286108,28.00235471923278,28.401021512667814,3299800
2018-05-09,28.999019622802734,30.107312742403604,28.935234522053104,29.078754800722315,5141300
2018-05-10,28.8475284576416,28.951182672134284,28.27344732086508,28.648195067548215,3814700
2018-05-11,28.512636184692383,28.935224882925024,28.45682309953458,28.80765168233791,2741800
2018-05-14,28.44886016845703,29.030913271665845,28.416966097753154,28.504673271395824,2073400
2018-05-15,28.75981903076172,28.80766013561469,28.313311176891713,28.544538621302213,2359100
2018-05-16,29.381729125976562,29.47741130617862,28.696025084038336,28.863464337014474,2877000
2018-05-17,29.214292526245117,29.828239551167993,29.15847943685079,29.501333009750383,4268100
2018-05-18,28.6003475189209,29.333895810913884,28.584400486313935,29.278082717582244,3681500
2018-05-21,29.081161499023438,29.177323202793414,28.728563490324436,28.80870079090396,2980400
2018-05-22,29.1693058013916,29.70621186339942,28.904857342008714,29.23341257350191,3080300
2018-05-23,28.880826950073242,29.27348907964984,28.57631127831168,28.82473236013373,4017400
2018-05-24,28.584320068359375,29.129241497221376,28.063441358690902,28.472130901874642,3014700
2018-05-25,27.80701446533203,27.943243325245803,27.10182132721767,27.80701446533203,3602500
2018-05-29,27.943233489990234,28.05542264264964,27.246055857803135,27.46242196232847,3065900
2018-05-30,28.60034942626953,29.185338016696413,28.047415758943618,28.271794106798936,2507900
2018-05-31,27.718854904174805,28.488154563418874,27.710842703462415,28.408020328594535,5033900
2018-06-01,27.991317749023438,28.391995068010974,27.55858551085481,28.03138486953712,2905400
2018-06-04,26.18025779724121,27.89515950268264,25.843690274938453,27.64673843365509,6237100
2018-06-05,26.933534622192383,27.02969633977203,25.995947940781683,26.100124918033067,5632600
2018-06-06,27.75892448425293,28.039400444871102,26.997636958182724,27.037707136074875,6149400
2018-06-07,27.79899787902832,28.592340503687392,27.678796489000387,27.903174862593385,4293000
2018-06-08,27.80701446533203,27.85509380086573,27.15791592329113,27.71886494095196,3121300
2018-06-11,27.366268157958984,27.80701269487111,27.326197971663866,27.702835712970636,3581500
2018-06-12,27.67879295349121,27.887143837081883,27.350237638300666,27.43037188808346,4079400
2018-06-13,27.294139862060547,27.63070734012272,27.08578594589559,27.63070734012272,4910900
2018-06-14,26.9896297454834,27.582630582021963,26.909495488737953,27.478456659638073,4253600
2018-06-15,26.100126266479492,26.79730410457149,26.068071339988215,26.76525223500626,8217400
2018-06-18,26.07608413696289,26.380596739088034,25.907800374168612,26.07608413696289,5268100
2018-06-19,26.244367599487305,26.60497784201044,25.667391211450283,25.899784818512497,5834300
2018-06-20,26.500808715820312,26.58094299035953,25.763563607894273,26.42067444128109,3138300
2018-06-21,25.89978790283203,26.412654505751306,25.835681105930163,26.11615407411224,4137700
2018-06-22,26.2203311920166,26.933536506401158,26.116154207477233,26.685115406938383,9963700
2018-06-25,25.995946884155273,26.372584593345156,25.73951360974856,26.19628557084338,3520200
2018-06-26,26.548885345458984,26.813330839514038,25.92382652356112,26.044030966175395,3695800
2018-06-27,26.925518035888672,27.75892769898553,26.861411246302772,26.901478371909676,4098500
2018-06-28,26.404638290405273,26.9816116025576,26.26039419813579,26.813327847218403,2929800
2018-06-29,26.46874237060547,26.797297645634448,26.332513551241767,26.46874237060547,3390300
2018-07-02,26.396625518798828,26.532857421857482,25.79560943001713,26.30847906026194,3634600
2018-07-03,26.677093505859375,27.117837893714647,26.604971474615784,26.925511458090078,2004600
2018-07-05,26.645036697387695,26.885442432144586,26.588942127841914,26.709146523682744,2406100
2018-07-06,26.981613159179688,27.181951848120168,26.420667275686974,26.580935781298724,2491800
2018-07-09,27.59864616394043,27.85507934344623,27.10180726076351,27.157901827722615,2481900
2018-07-10,27.462419509887695,27.903163880372613,27.165919196205095,27.646730680929576,2315600
2018-07-11,26.380592346191406,27.30215137228905,26.18826895128814,27.133867637517383,3758100
2018-07-12,26.260387420654297,26.61298230135398,26.019981681226113,26.444698589446734,4180800
2018-07-13,26.148202896118164,26.516825298787133,25.979916097573316,26.188270016942987,2337600
2018-07-16,25.907798767089844,26.036015396064368,25.707460093259304,25.843688924139798,1387700
2018-07-17,26.156217575073242,26.276422005859047,25.63533731269847,25.8036225987209,3691500
2018-07-18,26.084096908569336,26.22032880779879,25.49109456772171,25.771569040295525,4141700
2018-07-19,25.467052459716797,26.0840944060238,25.426983808357406,25.843688611718502,5255800
2018-07-20,25.643354415893555,26.20430340512644,24.689741745582864,25.08240542666067,8592000
2018-07-23,26.044023513793945,26.25237435685726,25.11445233527092,25.523143349210578,5229800
2018-07-24,26.43669891357422,26.78929396131209,26.30848225467624,26.43669891357422,5201900
2018-07-25,26.661062240600586,26.813318481737333,26.10812878464915,26.524830397962827,4976700
2018-07-26,27.262086868286133,27.27009907012351,26.356555214385658,26.66107085194012,3515400
2018-07-27,27.831043243408203,28.079464255193297,27.10982598026361,27.10982598026361,3865000
2018-07-30,27.79899787902832,28.351934666705453,27.750918545787574,28.295840073307204,3035100
2018-07-31,27.71084976196289,27.967283047029536,27.446401217217105,27.446401217217105,3416200
2018-08-01,27.462419509887695,27.51050188113009,27.037702596483577,27.438379852728932,2943700
2018-08-02,27.19798469543457,27.38229595892348,26.949566628392578,27.117850426761617,2175300
2018-08-03,27.149900436401367,27.390306255775897,26.717168127371703,27.149900436401367,4126300
2018-08-06,27.96728515625,28.039407214172122,27.109835721468183,27.17394251910667,4814300
2018-08-07,28.191661834716797,28.488162251897496,28.047417727563822,28.247756425617847,2661200
2018-08-08,28.087486267089844,28.175635787770975,27.871120095488717,28.055431340128322,2312500
2018-08-09,27.782970428466797,28.127553249172895,27.5585920547702,27.935229802268974,3040200
2018-08-10,27.84707260131836,28.079466171077748,27.542556994631067,27.742895646439113,2381200
2018-08-13,27.48458480834961,27.93568110726028,27.267092114562796,27.79068597806907,4305700
2018-08-14,27.33153533935547,27.806796461537694,27.097931737826116,27.565138940884818,4357300
2018-08-15,25.623823165893555,27.04960840224384,25.60771378745871,26.985164742818828,4941400
2018-08-16,25.438554763793945,25.946036340457123,25.301615046849665,25.83326299818121,3431300
2018-08-17,24.979402542114258,25.52716136914987,24.81829646248445,25.47077470220587,4408900
2018-08-20,25.784927368164062,25.8413171058453,25.237170098003695,25.398276171617642,3837100
2018-08-21,26.010473251342773,26.23601987732035,25.970197507109965,26.23601987732035,2823800
2018-08-22,26.19574737548828,26.33268553739793,25.921867978826295,26.276298873924226,2482500
2018-08-23,26.026582717895508,26.131299032515624,25.825200935075387,26.082969371257768,2958500
2018-08-24,26.40518569946289,26.517959037447675,26.12325235450093,26.30852327731065,1727700
2018-08-27,26.807945251464844,27.17849011290678,26.340741055587873,26.340741055587873,1756900
2018-08-28,26.912668228149414,27.36376464345983,26.775730055712625,26.864335481666643,3089700
2018-08-29,27.387928009033203,27.532923167849624,26.88044495317573,26.936831617955143,2639500
2018-08-30,27.371816635131836,27.5087578707575,27.218767557990414,27.323483892056416,1767500
2018-08-31,26.5582332611084,27.31542773696369,26.36490537746318,27.31542773696369,2893000
2018-09-04,26.08296775817871,26.767664548285765,25.962137466822426,26.56628277791993,2243900
2018-09-05,25.511051177978516,25.841318804235694,25.26133813024405,25.841318804235694,2178100
2018-09-06,24.96329116821289,25.712431812810973,24.72163358962963,25.51104998518445,2983500
2018-09-07,25.30966567993164,25.454660827456227,24.528304818341816,24.72968662625457,3463100
2018-09-10,25.720491409301758,26.01048177940488,25.37411436421673,25.422445580426697,1898500
2018-09-11,26.25213050842285,26.39712564438192,25.607709389072703,25.76075844465515,2682000
2018-09-12,26.099084854125977,26.767670892320027,26.05880603223302,26.55017816003733,2647100
2018-09-13,26.002418518066406,26.01852943172782,25.535214313255636,26.002418518066406,2502300
2018-09-14,25.422443389892578,26.042701370513758,25.24522792144476,25.857427371145047,3560300
2018-09-17,25.46271324157715,25.80103316347996,25.293551744204663,25.51104443950311,2239400
2018-09-18,25.978248596191406,26.002413425529593,25.583540507317466,25.720480173777485,3243200
2018-09-19,26.477680206298828,26.662951107571093,25.986308085478086,26.155471145633317,2636400
2018-09-20,26.147417068481445,27.001277166520126,26.07491948399851,26.791838334528098,2204900
2018-09-21,26.501846313476562,26.517954153499442,25.929919661706553,26.163523288989907,3918300
2018-09-24,26.453510284423828,27.017379873202263,26.195741856326613,26.767665364114684,3079700
2018-09-25,26.96099281311035,27.226815156189616,26.67905648657186,26.703224388918702,2961900
2018-09-26,27.24293327331543,27.339595689746677,26.630733872127102,26.76767203933447,3592400
2018-09-27,27.250986099243164,27.685968443076316,26.759614025536656,27.234875186828255,4855100
2018-09-28,27.250986099243164,27.782633917565768,27.081823055307794,27.202653361998436,3297700
2018-10-01,26.5662899017334,27.43626085796271,26.542125066119066,27.315430534205493,4288900
2018-10-02,25.978248596191406,26.985157456508905,25.664093523427066,26.582393912381903,3909900
2018-10-03,25.801036834716797,25.978253813030044,25.22911322468735,25.95408897883918,6746500
2018-10-04,26.058807373046875,26.413241357748547,25.744652212310637,25.84131770241628,3206900
2018-10-05,25.696321487426758,26.163527276782826,25.39827723609728,25.90575877733416,2578000
2018-10-08,25.688262939453125,25.752705056562867,25.108283885465447,25.333832063560177,2330900
2018-10-09,26.284353256225586,26.5743435383339,25.575488463609975,26.437402317186134,2625800
2018-10-10,25.712430953979492,26.332685794671512,25.511049133079407,26.08297430337475,3777100
2018-10-11,24.697467803955078,25.664101214095822,24.64108113670747,25.454663924017947,3271600
2018-10-12,24.85051727294922,25.18078333985472,24.53636058420831,25.00356788867318,2514000
2018-10-15,24.721630096435547,25.100227325765484,24.713574640098162,24.95523218453494,2407800
2018-10-16,24.842458724975586,24.97134295278595,24.600801181936458,24.72162995345602,3662100
2018-10-17,24.802186965942383,24.979402423556916,24.52025209613906,24.64913634466262,2337100
2018-10-18,24.536359786987305,25.18078252169551,24.40747554732993,24.681354940707184,4214700
2018-10-19,24.11748695373535,25.14050542148908,24.101376039554324,24.62496845906696,2728500
2018-10-22,24.157764434814453,24.165819892482524,23.537508022166254,24.141653519478318,3779400
2018-10-23,23.263628005981445,23.537507413932637,23.06224617874801,23.50528712051442,4074000
2018-10-24,22.063392639160156,23.497231811214938,22.039227803049474,23.376403021397277,3614000
2018-10-25,22.19227409362793,22.683646184992334,22.12783197807368,22.409766809781473,3299900
2018-10-26,22.03922462463379,22.514485794274737,21.491465884273293,21.829787368824118,4953100
2018-10-29,21.418970108032227,22.369492526948765,21.024261932391198,22.15199979656861,4944100
2018-10-30,21.95867156982422,22.160053369030507,20.581219264314186,22.160053369030507,7803700
2018-10-31,21.499526977539062,22.313109845042455,21.451194226772966,22.07145070047678,6849900
2018-11-01,20.8550968170166,21.853950269677842,20.58927292668273,21.676734854928952,5757400
2018-11-02,21.000099182128906,21.33036529494445,20.58928002160727,21.04037647419275,5121800
2018-11-05,21.628402709960938,21.71700964524287,20.983980115030448,21.354523375989153,4957900
2018-11-06,21.87811851501465,21.99089183077187,21.427023715564577,21.652570347079013,6124100
2018-11-07,21.789506912231445,22.385598303832065,21.386743371994847,22.176161078538517,3369600
2018-11-08,21.547853469848633,21.998948289860593,21.394802865472315,21.74923527797806,4053300
2018-11-09,20.54899787902832,21.67673558713104,20.42011365732636,21.185363531629115,8250500
2018-11-12,19.04266357421875,20.677884434171503,18.88961450393971,20.629553229684507,7951600
2018-11-13,19.171550750732422,19.703198690890073,18.889617400968156,19.171550750732422,12869600
2018-11-14,18.6479549407959,19.13932703941955,18.16463829878819,18.73656342715,79090500
2018-11-15,18.89963150024414,19.297432824822696,18.59925008658277,18.834684376812163,15060200
2018-11-16,18.97269058227539,19.321780281029387,18.87526915691684,19.078229040324548,16835800
2018-11-19,18.67230987548828,19.118821013995962,18.412521464104824,18.915861124045,9407800
2018-11-20,18.193330764770508,18.44500068262833,17.779292258865414,18.242040721800045,10927500
2018-11-21,18.282625198364258,18.656070610533643,18.19332236134075,18.493703645944695,5112200
2018-11-23,18.233917236328125,18.2420358183944,17.592564737704453,17.714340371776167,3648100
2018-11-26,18.396282196044922,18.623597804222445,18.13649381439112,18.428756517982094,6159300
2018-11-27,18.168970108032227,18.436877122076226,18.02284027638557,18.38004859613677,9160300
2018-11-28,18.623600006103516,18.65607278341907,17.957891812293283,18.23391583908929,5843900
2018-11-29,18.761608123779297,19.005159312637407,18.50993680703713,18.672305298582998,6214900
2018-11-30,18.52618408203125,18.737262616915178,18.193329886223164,18.55865841745718,14481800
2018-12-03,18.875274658203125,19.118825969892125,18.43688043900916,18.94834036140212,8005200
2018-12-04,17.97412872314453,19.037639742121247,17.909181615367885,18.891508362508496,6976500
2018-12-06,17.430191040039062,17.625032306640932,17.089218436370604,17.56008521777364,7052100
2018-12-07,17.58444595336914,18.104022811944546,17.470788902671064,17.82799721871107,5081200
2018-12-10,17.2678279876709,17.535734983245067,16.92685530708004,17.324656509692527,4871000
2018-12-11,17.28406524658203,17.63315496214657,16.894381074843473,17.519497917472584,6700000
2018-12-12,17.51137924194336,17.925417607626358,17.50326066044435,17.584444926973365,5014300
2018-12-13,17.884824752807617,17.99036320654594,17.26782654663484,17.3896021620132,5966900
2018-12-14,17.413959503173828,17.9254177541021,17.275946713485073,17.70622069722094,9238400
2018-12-17,17.551971435546875,17.93353545971447,17.275945869651668,17.373365746755255,6505000
2018-12-18,17.227235794067383,17.68998566783614,17.08922299981238,17.54385429174718,5191400
2018-12-19,17.081106185913086,18.03907562771183,16.9025004801934,17.438314500430106,8910800
2018-12-20,16.902503967285156,17.365252394006447,16.796965477236693,16.84567543045433,6532900
2018-12-21,16.943090438842773,17.316535852191947,16.76448476423151,16.796959086328435,10352800
2018-12-24,16.62647247314453,17.243470674683923,16.61023531162643,16.83755092749703,2644100
2018-12-26,17.470788955688477,17.470788955688477,16.309858053882518,16.723896444989194,4106300
2018-12-27,17.438312530517578,17.44643111153874,16.569644491246265,17.089221288912622,6581000
2018-12-28,17.405845642089844,17.95789695056169,17.170411358227987,17.56009408828052,4525200
2018-12-31,17.454553604125977,17.519500718388922,17.05675233570777,17.511382135548384,3802100
2019-01-02,17.08922576904297,17.560092752486366,16.918740168286877,17.202884384675105,7150000
2019-01-03,16.975566864013672,17.332776741613035,16.675187062308375,17.12169824796165,6672900
2019-01-04,17.8279972076416,17.957892970665984,17.267828988010745,17.324657513324496,5040400
2019-01-07,18.30698013305664,18.469348652684406,17.714337668798937,17.81175909026779,4740000
2019-01-08,18.842796325683594,18.891507816453977,18.380048002592975,18.534297959776897,4959100
2019-01-09,18.810321807861328,19.30554441234653,18.810321807861328,19.078228788484584,5217000
2019-01-10,18.95645523071289,19.297427929346355,18.615482532079426,18.688548220962396,5316500
2019-01-11,18.753494262695312,18.875269887762855,18.428758746361503,18.78596704009815,4876100
2019-01-14,18.86715316772461,18.964574606466865,18.420641982270595,18.558654783886404,4804100
2019-01-15,18.688549041748047,19.200007337930483,18.63172051422347,18.964574645548485,3370700
2019-01-16,18.794084548950195,18.899624553523495,18.49370479415757,18.615480412275147,4029200
2019-01-17,19.20000457763672,19.248714515874813,18.485586472454305,18.599243511163525,3884300
2019-01-18,19.581573486328125,19.776414820960586,19.264954962646758,19.467914879779897,4566700
2019-01-22,19.297428131103516,19.500388036020144,19.07011248015087,19.378612402762403,5088900
2019-01-23,18.65607261657715,19.402965069688403,18.623599839552,19.289308027408776,4654900
2019-01-24,18.704784393310547,18.964572807363012,18.501824501274424,18.54241586029721,4706600
2019-01-25,19.07010841369629,19.2081211815486,18.656070110139353,18.923977065563154,6687200
2019-01-28,18.65607261657715,18.899625412340576,18.36381142950653,18.899625412340576,4181100
2019-01-29,18.802207946777344,18.964576511504337,18.688550880545282,18.842799313728396,3365200
2019-01-30,19.435443878173828,19.614048064161842,18.818445487767836,18.89962977174836,4274900
2019-01-31,19.13506317138672,20.263519958552163,19.029524682387823,19.540983057240357,9064600
2019-02-01,19.920427322387695,20.116768099515046,19.126881592739636,19.241414883013935,4559400
2019-02-04,20.10858154296875,20.46035925765415,19.601366837064305,19.85497497020521,6067000
2019-02-05,20.476720809936523,20.61579568026988,20.084037813457016,20.09221887175631,6189200
2019-02-06,20.354007720947266,20.754871799854374,20.337647163741245,20.468540983653902,4800900
2019-02-07,19.95314598083496,20.484903900399807,19.519560770600673,20.198573073028925,5052300
2019-02-08,20.133119583129883,20.19856647425827,19.781341958173428,19.863150962178157,4403700
2019-02-11,20.30492401123047,20.403095161588144,19.904061471326834,19.977689444000717,3831100
2019-02-12,20.23948097229004,20.697609454112623,20.10858712034073,20.550355040953,6388400
2019-02-13,20.55853271484375,20.91849155591266,20.214935993909258,20.255841294245304,4004400
2019-02-14,20.97575569152832,21.065745784491618,20.43581825450359,20.452180373292833,6223600
2019-02-15,21.13119125366211,21.294809309606165,21.00847849189278,21.180276046294356,4119200
2019-02-19,21.343896865844727,21.384800604938242,20.902128993822153,21.016662271963725,2939700
2019-02-20,21.7447566986084,22.071991251258623,21.376616851641003,21.376616851641003,4672700
2019-02-21,21.49114990234375,21.818384451750614,21.36843714136335,21.818384451750614,4052300
2019-02-22,21.556602478027344,21.72840007647862,21.442069185348668,21.671134210328194,3507200
2019-02-25,21.883832931518555,22.022907820040505,21.417523470114826,21.482970384691182,3393000
2019-02-26,21.883832931518555,22.16198270856245,21.630226332582364,21.90837610962626,4086700
2019-02-27,21.818384170532227,21.998362780291895,21.703852469810382,21.924734812577167,2526600
2019-02-28,21.581134796142578,21.924731405287673,21.40115621435311,21.892008736042836,4311600
2019-03-01,22.170162200927734,22.194703816923294,21.70385277248311,21.744756506060654,4128500
2019-03-04,22.161985397338867,22.505582130645582,21.867473465825192,22.317422423457497,4308300
2019-03-05,22.178346633911133,22.235612493783034,21.89201577417398,22.21106931367608,4287700
2019-03-06,21.523876190185547,22.11290003837138,21.41752552891737,22.11290003837138,4412400
2019-03-07,21.311168670654297,21.564776799169724,21.065743160891927,21.507510950916995,3988700
2019-03-08,21.049379348754883,21.09846569505565,20.63215476746161,20.97575138968094,3554700
2019-03-11,21.679311752319336,21.908376740117504,21.29481131316507,21.33571505081087,4563000
2019-03-12,21.94109535217285,22.01472331459308,21.736573581089395,21.80202048542101,3879400
2019-03-13,22.292869567871094,22.391040689231286,22.055623601470568,22.15379472283076,3097600
2019-03-14,22.66919708251953,22.7346455608689,22.2928776942763,22.317420873657316,5624200
2019-03-15,22.783727645874023,22.930983583867757,22.54648162124469,22.54648162124469,9978700
2019-03-18,23.05369758605957,23.2418572678987,22.914622699400756,22.914622699400756,4398000
2019-03-19,22.759187698364258,23.40547739338936,22.628293859438756,23.282763054066265,4848400
2019-03-20,23.110965728759766,23.29912542922894,22.60375092708453,22.77555006779205,4939700
2019-03-21,23.282764434814453,23.438201462898054,22.87372077382015,23.045519922834178,3163700
2019-03-22,22.219247817993164,23.168228827687084,22.21106675889852,23.127325092591345,4306300
2019-03-25,22.44013214111328,22.47285481771035,21.9983643042216,22.047450659683452,2448300
2019-03-26,22.644655227661133,22.99643299323702,22.366505439083806,22.644655227661133,2738100
2019-03-27,22.317413330078125,22.808264268763462,22.178338481350057,22.652828866355744,2487800
2019-03-28,22.219247817993164,22.45649385060538,21.98200334575842,22.219247817993164,3084900
2019-03-29,22.677377700805664,22.759186736772023,22.35014311731781,22.48103695071295,7450800
2019-04-01,22.775543212890625,23.029149757209822,22.611925181497934,22.84099011337226,4567200
2019-04-02,22.08017349243164,22.849175902619905,21.95746072366418,22.791910047886926,5730000
2019-04-03,21.654766082763672,22.44831160898981,21.47478747329478,22.235608764866175,5338000
2019-04-04,21.90019416809082,21.908375227130513,21.41752260739121,21.728395049012207,4255900
2019-04-05,21.908374786376953,22.202885103993594,21.802022581378015,21.94927852037505,3982600
2019-04-08,21.94109535217285,22.309235164273986,21.67112667675778,21.96563852643869,4881700
2019-04-09,21.826570510864258,21.94928329995739,21.581143372300218,21.834751571520837,4457700
2019-04-10,21.98200225830078,22.07199078313514,21.826565263947042,21.932915906161245,3018900
2019-04-11,21.810203552246094,22.08017225252549,21.589319644641837,21.957459490648933,2695500
2019-04-12,21.581134796142578,22.194700058160446,21.540231069492247,22.14561527410462,4508600
2019-04-15,21.229366302490234,21.63022889683975,21.20482312147294,21.47479187115232,2892500
2019-04-16,21.13936996459961,21.384795460879467,20.951210313426568,21.31116749992006,4412300
2019-04-17,21.090288162231445,21.499331754172786,20.918489042219797,21.253904662781498,3486900
2019-04-18,20.943031311035156,21.3111695915873,20.812137492121852,21.163915215592887,2879400
2019-04-22,21.761123657226562,21.826570582315664,20.983940056462917,21.11483390664112,4087700
2019-04-23,21.2457275390625,22.03109219245996,21.114833690225883,21.761123434187216,7332300
2019-04-24,20.951215744018555,21.46661004394827,20.926672563878032,21.33571620395413,3725300
2019-04-25,20.918485641479492,21.196635363610707,20.812135011430364,20.94302881474185,4365800
2019-04-26,20.926673889160156,21.090291979703558,20.57489608675627,20.713970995604836,3062900
2019-04-29,21.2457275390625,21.311174463480807,20.828502810754124,20.84486493195314,3722000
2019-04-30,19.65045738220215,21.114832842404564,19.429573436017826,20.975757938552697,10785700
2019-05-01,19.26595115661621,19.912240733911826,19.159600517003916,19.593187254697582,7400400
2019-05-02,19.241403579711914,19.486829016852255,18.96325391875186,19.15141352458458,4682400
2019-05-03,19.740440368652344,19.863154677803,19.437749025703113,19.470471697199965,4917100
2019-05-06,19.585012435913086,19.830438027288352,19.388671650737304,19.478660202040043,3463100
2019-05-07,18.98780632019043,19.339584124342206,18.824189789211815,19.30686144229759,2857100
2019-05-08,18.775100708007812,19.143238989111893,18.717833296817155,19.02052622874387,3673900
2019-05-09,18.496952056884766,18.627845883810878,18.136993252649205,18.61966482458081,6478600
2019-05-10,18.259706497192383,18.46422830215265,18.030643074278508,18.423324565311614,3950600
2019-05-13,17.785215377807617,18.07154620725977,17.433437635370183,18.00609929427449,4444100
2019-05-14,18.226985931396484,18.37424033731021,17.973377740393342,17.973377740393342,3404000
2019-05-15,18.60330581665039,18.668752741056373,17.932474451394626,18.014283496996544,2678900
2019-05-16,18.799646377563477,18.816008498574636,18.48059281973461,18.65239040921854,3052500
2019-05-17,18.74237823486328,19.036890135733188,18.53785642823197,18.570580666274203,4270100
2019-05-20,19.204137802124023,19.261857155179726,18.659922939529547,18.684660479153884,4750600
2019-05-21,19.468000411987305,19.649404334575276,19.187647894429354,19.20413958904678,3882600
2019-05-22,19.26185417175293,19.41027624104134,19.154659756051668,19.253608326488663,5351200
2019-05-23,19.01448631286621,19.030978005806624,18.50325641358864,18.849574101665294,6555600
2019-05-24,18.313602447509766,19.26185420919938,18.255883103281878,19.146413948009428,5048200
2019-05-28,18.28062629699707,18.453784383273355,18.049747275894028,18.34659150692156,4250300
2019-05-29,17.89307975769043,18.008518474599864,17.60448139268228,18.008518474599864,4033000
2019-05-30,17.456052780151367,17.95079242537106,17.315876573551357,17.84359802299424,3345400
2019-05-31,17.653949737548828,17.7034232342128,16.986052028015838,17.1179824009425,5449900
2019-06-03,18.00851821899414,18.25588734392746,17.70342816369081,17.72816570527796,5017400
2019-06-04,18.17342758178711,18.379568993162728,17.736407223486495,18.247637042966907,4720500
2019-06-05,18.330093383789062,18.37132260849396,17.686933205733798,18.181671320319662,3905700
2019-06-06,18.923782348632812,19.030975191424552,18.313602381948794,18.363077453453446,5709900
2019-06-07,19.228872299194336,19.410277763771,18.816589440042712,19.030976715529672,4241000
2019-06-10,19.30308723449707,19.599931456256286,19.179402666342266,19.360806594787004,3219600
2019-06-11,19.09694480895996,19.55870124093782,19.08045311463426,19.459754220452687,3697500
2019-06-12,18.387815475463867,18.956766279602792,18.37132535584999,18.899046929118356,3622500
2019-06-13,18.783607482910156,18.791853328757114,18.429043975162394,18.651677094827402,3088800
2019-06-14,18.264131546020508,18.758871324059054,17.95079724447892,18.758871324059054,4031700
2019-06-17,18.470273971557617,18.824837524223035,18.06623691027722,18.23939654953138,3804700
2019-06-18,19.03922462463379,19.09694397953231,18.503257164203212,18.527993131882884,5238100
2019-06-19,19.228872299194336,19.270101528750075,18.907292172331044,19.09694191008456,3187400
2019-06-20,20.086421966552734,20.15238716296447,19.525717010685813,19.525717010685813,4282400
2019-06-21,20.754322052001953,20.77905959314358,20.14414352511911,20.14414352511911,7018100
2019-06-24,20.383264541625977,20.90274183893975,20.30905349915258,20.779057292395535,3145700
2019-06-25,20.300811767578125,20.457478145540666,20.078178612282468,20.325547736343506,2885700
2019-06-26,20.40800666809082,20.878008994263844,20.309058064969538,20.432744212054814,3669700
2019-06-27,20.3585262298584,20.62238698480812,20.251331815201222,20.39975388304398,3301900
2019-06-28,20.30905532836914,20.671864727279814,20.135897262157933,20.416249765034205,9899300
2019-07-01,20.76256561279297,21.026426398310747,20.556424177515414,20.605897681616412,4256600
2019-07-02,20.21834945678711,20.91098470604132,19.979224671164864,20.746070952320178,6348600
2019-07-03,20.21010398864746,20.325542674764158,19.806067014504873,20.325542674764158,1584500
2019-07-05,20.243087768554688,20.243087768554688,19.92975348739662,20.086421414342805,1951800
2019-07-08,20.770811080932617,20.779056926921776,20.06168405320795,20.19361444356589,3622900
2019-07-09,20.614145278930664,20.721338142377938,20.482214874964267,20.663618787234448,3473200
2019-07-10,20.927478790283203,20.98519971594118,20.638882025665367,20.820285930958637,2234200
2019-07-11,20.812034606933594,20.910983166427812,20.614139060679154,20.877999789018407,3322800
2019-07-12,20.622386932373047,20.976950410710522,20.597649396884098,20.894493531814852,2563700
2019-07-15,20.3585262298584,20.663614637993707,20.300806886304915,20.63887867517602,3081300
2019-07-16,19.863792419433594,20.325548877549604,19.82256475402015,20.309057182290378,5331900
2019-07-17,19.12167739868164,20.012208216107826,19.12167739868164,19.872031996108603,8302000
2019-07-18,19.220624923706055,19.237116614215942,18.62693821995764,19.07220285458541,11212900
2019-07-19,19.42676544189453,19.59992503880262,18.989746672654974,19.212378193345234,5471900
2019-07-22,19.756591796875,19.91325970739246,19.54220611646264,19.54220611646264,4344400
2019-07-23,20.045188903808594,20.218348494245536,19.740100518503272,19.756590634903045,4163300
2019-07-24,20.49870491027832,20.614143611226197,20.036946961018124,20.036946961018124,2889200
2019-07-25,20.300811767578125,20.630637790571022,20.11940627538113,20.614146096237743,3396000
2019-07-26,20.48221206665039,20.539931413879987,20.19361375776815,20.19361375776815,3898300
2019-07-29,19.863792419433594,20.47397098941341,19.68238848978596,20.440989171629575,2924700
2019-07-30,20.21010398864746,20.259577486592597,19.49273119113934,19.723610136106885,6000100
2019-07-31,20.93572235107422,21.39748026951753,20.29256211987729,20.531685351987004,7307200
2019-08-01,20.836772918701172,21.265547404643588,20.407998432758752,20.564666335840418,6346400
2019-08-02,19.85554313659668,20.91923370576842,19.73185858902038,20.91923370576842,5043200
2019-08-05,19.632905960083008,19.748346210393166,19.29483419912374,19.451502099215652,4401200
2019-08-06,19.53396224975586,19.937999261812937,19.096941854150796,19.79782302720258,3429900
2019-08-07,19.26185417175293,19.344309478927226,18.750622774507754,19.030975222556048,4421600
2019-08-08,19.905012130737305,19.9215038194064,19.022727232482737,19.2948338045868,4279500
2019-08-09,19.525718688964844,19.880282239928828,19.286593848460026,19.87203639307682,3147200
2019-08-12,19.459251403808594,19.883001302932506,19.351237469419157,19.52572188299776,4479000
2019-08-13,19.58388328552246,19.916235680302957,19.301383353763732,19.36785383271983,3328000
2019-08-14,18.287696838378906,19.118578103631304,18.079976522065806,19.05210766580232,5437400
2019-08-15,17.207557678222656,18.16307281397377,16.97491183768299,18.088293341005752,7326700
2019-08-16,17.498363494873047,17.69777485955534,17.132776785345833,17.34049715498747,6012700
2019-08-19,17.797481536865234,18.030128924032994,17.647922615456007,17.86395199251593,4087000
2019-08-20,17.5399169921875,17.68947598413767,17.224180990341274,17.681166975164725,4000000
2019-08-21,17.647924423217773,17.78086534813694,17.53160151010871,17.689469452743033,2906000
2019-08-22,17.8057918548584,18.24615806172261,17.681159939420994,17.681159939420994,4029700
2019-08-23,17.34880256652832,18.154758521684215,17.274024700113284,17.48174504570514,5048700
2019-08-26,17.69777488708496,17.84733380702449,17.406967636958825,17.614688006923583,4018400
2019-08-27,17.689468383789062,18.129834576680164,17.65623236217727,17.91380519054572,3887400
2019-08-28,17.980276107788086,18.271084965188848,17.589762352569267,17.739321284077132,4271400
2019-08-29,18.1796875,18.503732380070872,18.07998260211725,18.16307107354006,3308500
2019-08-30,18.021821975708008,18.445571773134102,17.938733500467055,18.304321840658737,4984700
2019-09-03,18.404027938842773,18.453880393313945,17.53160285408297,17.672852795735416,5157400
2019-09-04,18.786235809326172,18.85270628216561,18.437265430723855,18.653294863647297,5410500
2019-09-05,19.542325973510742,19.974384572754442,19.060414946594342,19.143503382568916,4927400
2019-09-06,19.55063819885254,19.650343070636048,19.24321141049594,19.426004731952613,3744000
2019-09-09,20.090717315673828,20.182114798685927,19.558953599489,19.658658503883217,4558800
2019-09-10,20.03255844116211,20.5477042114657,19.957778960830765,20.25689529737505,3551500
2019-09-11,18.52035140991211,19.691894325543117,18.46218836737069,19.317996975966896,12446500
2019-09-12,18.811155319213867,19.010566674902496,17.747628088874503,17.988582882705547,67849800
2019-09-13,18.87762451171875,19.11027187022507,18.445567395607693,19.077035854103965,10862400
2019-09-16,19.783287048339844,19.84975750151167,18.81115568021398,19.55064125462875,22371500
2019-09-17,19.426010131835938,19.691893561654236,18.98564392028539,19.43431913759096,8635700
2019-09-18,19.301380157470703,19.725129984936164,19.17674822816462,19.401086651784148,5777700
2019-09-19,19.28475570678711,19.550639074607332,19.193359834354954,19.492476047884498,4691400
2019-09-20,19.60049819946289,19.608807206115063,19.043807432015022,19.334616325717217,14539200
2019-09-23,19.858070373535156,20.26520217659746,19.484174595921655,19.484174595921655,12239800
2019-09-24,19.650346755981445,20.032553062247146,19.309685474734113,19.68358277599614,8521300
2019-09-25,20.182111740112305,20.182111740112305,19.40108271174414,19.442626151482397,8950800
2019-09-26,19.88299560546875,20.09071599151037,19.442627816539435,20.007627520137568,8708600
2019-09-27,19.974388122558594,20.256886319428933,19.700195759679612,19.808211221076856,31637300
2019-09-30,19.276453018188477,19.949466644762936,19.135203088188323,19.841451153408265,8175900
2019-10-01,18.836082458496094,19.43431652954877,18.82777345385612,19.426007524908798,6917300
2019-10-02,18.395713806152344,18.819463513027625,18.337552361346415,18.819463513027625,4997400
2019-10-03,18.85270118713379,18.861010192090806,18.09659916863243,18.304319538215896,5886300
2019-10-04,18.669906616210938,18.944097446082797,18.52034927837412,18.85270155931263,4581000
2019-10-07,18.19630241394043,18.73637500908856,18.187993409734396,18.686522568632867,3898900
2019-10-08,17.764244079589844,18.12983234848429,17.75593665998863,18.021818461082578,3177000
2019-10-09,17.955350875854492,18.005203325319176,17.672851020919953,17.971967302488856,2512300
2019-10-10,18.113216400146484,18.246157315815836,18.013511505784834,18.055054947638734,2959700
2019-10-11,18.470491409301758,18.686520743213986,18.237845653381168,18.379095541524535,5342900
2019-10-14,18.545276641845703,18.60343809897426,18.113217839203784,18.212924326267633,3646300
2019-10-15,18.52865982055664,18.852704735752212,18.445572924908443,18.545277833598657,4672500
2019-10-16,18.271085739135742,18.6283650718095,18.246158721234952,18.536967590954117,3471300
2019-10-17,18.345869064331055,18.744691925890578,18.31263461825835,18.420648548971112,4242400
2019-10-18,18.345869064331055,18.345869064331055,18.345869064331055,18.345869064331055,0
2019-10-21,18.37909507751465,18.55357939004995,17.897183986271024,18.079977301990912,7115800
2019-10-22,18.8028507232666,18.993954703958682,18.362484470495822,18.512043418523994,2916400
2019-10-23,19.209978103637695,19.276448550302998,18.528654044342783,18.694830953396266,3881000
2019-10-24,18.553585052490234,19.168437212775665,18.237850759017476,19.15181920133478,3629500
2019-10-25,18.595129013061523,18.786232980380753,18.478806099304393,18.528658550231615,4476300
2019-10-28,18.271085739135742,18.852703478574075,18.138144813226553,18.7363789798179,4157000
2019-10-29,18.19630241394043,18.686522568632867,17.938729622675414,18.12983196507267,8288500
2019-10-30,17.963659286499023,19.209981575296123,17.897188827821076,18.71976134825347,6093800
2019-10-31,17.780864715576172,17.880571198108868,17.382041955006944,17.839026170061587,5654300
2019-11-01,18.19630241394043,18.254463858602158,17.739318276072126,17.86395016960162,4244600
2019-11-04,18.570201873779297,18.73637722319565,18.24615701057312,18.34586348804749,4639400
2019-11-05,18.8028507232666,18.93579324301016,18.362484470495822,18.478807392392866,4229300
2019-11-06,18.237850189208984,18.844393324823635,18.154761719381323,18.752995849535132,3532500
2019-11-07,18.497556686401367,18.715372310895802,18.35513883953518,18.438914325553732,3944100
2019-11-08,18.639970779418945,18.65672619282523,18.087054920084892,18.321625914120375,2989000
2019-11-11,18.606460571289062,18.69861375020364,18.02003546352741,18.346758046392964,2449300
2019-11-12,18.505931854248047,18.807522923357805,18.355136319693166,18.757256679916665,3221800
2019-11-13,18.128944396972656,18.45566861265767,18.070302039714534,18.397024657515153,2236500
2019-11-14,18.338380813598633,18.438911702094416,18.045169051078155,18.128942927292997,2587200
2019-11-15,19.00857925415039,19.142619347081194,18.505928106717906,18.53943733100863,4469300
2019-11-18,18.57295036315918,18.91642834189994,18.279737025777422,18.91642834189994,10998300
2019-11-19,18.43890953063965,18.715367444090703,18.279736308384773,18.55619422183583,3622600
2019-11-20,18.782390594482422,19.092359383916822,18.480799512641855,18.6483504687498,3204800
2019-11-21,18.9248104095459,19.01696360484365,18.6818616575371,18.916432701074783,3067800
2019-11-22,18.782390594482422,19.310173389819077,18.757257471700928,18.924808427808877,3481100
2019-11-25,18.882919311523438,19.058846357065804,18.497552796041248,18.68185754821194,3678500
2019-11-26,18.94156265258789,19.025336527492637,18.75725629287527,18.899674117251276,7738700
2019-11-27,18.89129638671875,18.991827273517515,18.56457380092019,18.86616486343224,3115500
2019-11-29,18.782390594482422,18.991828490675186,18.623217345968307,18.69861511642845,1993600
2019-12-02,18.54781723022461,18.891295208718834,18.32162554532939,18.77401051300397,3491400
2019-12-03,17.860864639282227,18.371893649006545,17.85248693116886,18.279740457643946,5252300
2019-12-04,18.57295036315918,18.57295036315918,17.953014460117707,18.02841222109828,4406600
2019-12-05,18.54781723022461,18.7991436326075,18.480797175832667,18.698612752077516,2855600
2019-12-06,18.606460571289062,18.882920108032803,18.447288932289254,18.54781822030132,5339700
2019-12-09,18.639970779418945,19.00858188493637,18.47241984112443,18.539439896865403,4963500
2019-12-10,18.71536636352539,19.209639816291645,18.581326267644776,19.142619768351338,8649500
2019-12-11,19.000202178955078,19.033711404357504,18.74887579795889,18.74887579795889,7882000
2019-12-12,19.90497398376465,20.013880965584665,19.01695792361579,19.17612954336166,7255400
2019-12-13,19.804441452026367,20.147919378551542,19.76255452357555,20.097654744833783,4890600
2019-12-16,20.06414794921875,20.315472746099335,19.879841606814505,20.0055040052548,5239300
2019-12-17,20.41600227355957,20.42437838140217,19.997126574534324,20.05576891673642,4806600
2019-12-18,20.717592239379883,20.86001004473836,20.31547194115031,20.42437892271431,5406800
2019-12-19,20.918655395507812,20.985675454846735,20.61706592742479,20.61706592742479,4404500
2019-12-20,21.01918601989746,21.178359258038114,20.84325736766111,21.002430605801763,10048100
2019-12-23,21.37103843688965,21.446436190830244,20.935407324762654,20.960540442037516,3453700
2019-12-24,21.345909118652344,21.563724713481562,21.28726676579145,21.29564447304076,958400
2019-12-26,21.41292953491211,21.546969657361927,21.295644827239595,21.538591949973277,2146700
2019-12-27,21.354291915893555,21.622372220233764,21.237007182215876,21.49670977730987,2555900
2019-12-30,21.471567153930664,21.69776040989218,21.354282472121263,21.4213025185672,2828500
2019-12-31,21.471567153930664,21.4799448594719,21.01918223989158,21.27888472013409,3114100
2020-01-02,21.45481300354004,21.55534227268701,21.228619751133465,21.513455343523095,4714900
2020-01-03,21.479944229125977,21.773157522928855,21.245374872390798,21.739648299631213,3125700
2020-01-06,21.379419326782227,21.605612622292007,21.32915308474612,21.546968673249886,4248600
2020-01-07,21.01918601989746,21.329153191246686,20.365739251123383,21.16160384394242,5493400
2020-01-08,20.75110626220703,21.169982036908582,20.71759543324646,20.96054414955781,5871700
2020-01-09,20.977298736572266,21.027563380146127,20.558422978393594,20.826503207966468,3452800
2020-01-10,20.826505661010742,20.94379037579217,20.71759705624136,20.910279544206393,3548700
2020-01-13,20.44951629638672,20.801372030034635,20.365740817349717,20.801372030034635,6227500
2020-01-14,20.12278938293457,20.181431726355598,19.863085293664273,20.10603397113313,7147100
2020-01-15,19.536365509033203,20.06414987004725,19.444212329008856,19.93010975249415,4815400
2020-01-16,19.695533752441406,19.87146076290276,19.553115963927233,19.586625185874418,5742700
2020-01-17,19.77931022644043,19.980370362166965,19.603381609002263,19.628514725174547,5454800
2020-01-21,19.042085647583008,19.695532201890153,19.00019872397566,19.670399088995516,9750500
2020-01-22,19.000202178955078,19.569873391752306,18.29649086878015,19.134242276332778,8477900
2020-01-23,19.234773635864258,19.393946867964388,18.69023548149285,18.73212401514245,7188500
2020-01-24,19.1510009765625,19.310172620853777,18.891296845148627,19.142623269302284,5023600
2020-01-27,18.472415924072266,18.81589383664621,18.028408748146052,18.070295674895526,5917000
2020-01-28,18.346752166748047,18.715363166392148,18.296487538850485,18.514303056918195,5238800
2020-01-29,17.99489974975586,18.623213301894406,17.911124289893923,18.48079549949431,5450300
2020-01-30,18.723745346069336,18.732123052368667,17.69331143951294,17.751953785724165,7351100
2020-01-31,18.293027877807617,18.419710575072855,18.056552328283388,18.3521463624742,5341300
2020-02-03,18.166339874267578,18.445042371186993,18.098775681404007,18.217012616200904,4837000
2020-02-04,17.99742889404297,18.613953976666785,17.904529134054886,18.428151234975726,6352300
2020-02-05,18.453487396240234,18.55483287626026,18.20856619962001,18.318359015641956,4678400
2020-02-06,18.774415969848633,18.85887160626415,18.45348648449841,18.546386234783924,4529100
2020-02-07,18.960220336914062,19.044674369798596,18.478823650842134,18.563279294584092,4115900
2020-02-10,18.70685386657715,18.884210883890624,18.605508380275847,18.799755238067895,3184000
2020-02-11,18.698410034179688,19.07001394691123,18.67307446546779,18.994004019060288,4126700
2020-02-12,18.715303421020508,19.078461644752895,18.504165068697752,18.93488750073911,6027900
2020-02-13,18.64773941040039,18.757530645994716,18.554838018919014,18.673076592856532,3625000
2020-02-14,18.563282012939453,18.73219332515827,18.394372311578294,18.63084621565545,2657700
2020-02-18,17.659608840942383,18.276132344722132,17.58359891736871,18.208568147196374,6982600
2020-02-19,17.575153350830078,17.862301595635053,17.45691640680128,17.828520301994345,6735100
2020-02-20,17.448471069335938,17.70183641528629,17.31334267004807,17.482253974586694,5011000
2020-02-21,17.338680267333984,17.372461562542235,16.95018490186456,17.279560181718708,5956200
2020-02-24,16.4518985748291,16.69681981512579,16.190087492088708,16.663036908523083,8661100
2020-02-25,15.725584030151367,16.63770158049063,15.67490966951309,16.629255853717584,8797800
2020-02-26,14.99926471710205,15.860709350007092,14.92325480179529,15.860709350007092,11815200
2020-02-27,14.078702926635742,14.864137717177222,14.078702926635742,14.686780694704545,10552800
2020-02-28,13.588862419128418,13.850673485178458,13.267932075721296,13.538189673312374,28759000
2020-03-02,14.50097942352295,14.517870875194664,13.419951484824391,13.842227306043538,10606600
2020-03-03,13.960464477539062,14.695224833228977,13.681761995922658,14.475640815764942,9925000
2020-03-04,14.593881607055664,14.610771448807544,14.019585105194613,14.196940525021217,8520500
2020-03-05,14.323624610900879,14.357407519452483,13.952022281979682,14.070259240194813,9556400
2020-03-06,13.580414772033691,14.036474252440025,13.479068489308503,13.79999878731926,14904900
2020-03-09,10.556916236877441,12.45716115951538,10.345777912139893,11.2578954105718,20122900
2020-03-10,11.621053695678711,11.688617895793103,10.447124309190741,11.215667689563556,11374600
2020-03-11,10.734274864196777,11.249452201898333,10.371116606636436,11.114323772693268,10754200
2020-03-12,9.036720275878906,10.193758216483673,8.93537397510646,9.796818739815459,11140900
2020-03-13,10.7511625289917,10.7511625289917,9.205630139730522,9.991064923116241,9728900
2020-03-16,9.805261611938477,10.582250560932748,8.453977078569606,9.34920295104433,14284800
2020-03-17,9.501222610473633,10.159973819279791,9.028272508363685,10.024845448799411,12478600
2020-03-18,8.192166328430176,9.222521514487278,7.75299905915536,8.563770207860683,12774000
2020-03-19,8.563769340515137,9.197184211118747,7.761443193407636,8.251284767668794,9060500
2020-03-20,8.445531845092773,8.969154722837084,8.107710893460535,8.605996595760915,12003100
2020-03-23,7.879682540893555,8.563771095744784,7.702326308556482,8.5384339158189,9820100
2020-03-24,9.501222610473633,9.58567824473818,8.166828743836959,8.166828743836959,9503200
2020-03-25,9.813709259033203,10.455569960969534,8.884701111373687,9.687026586079703,5693500
2020-03-26,10.472458839416504,10.666706484623697,9.7376976884404,9.948835977988544,5350800
2020-03-27,10.033291816711426,10.286657930323928,9.754589333366276,9.948836177031035,6679100
2020-03-30,9.256302833557129,9.957281904625772,9.011382444935899,9.7292529661164,11667500
2020-03-31,8.867810249328613,9.560343744396093,8.6988997389986,9.425215336132082,10741600
2020-04-01,8.27662467956543,8.529990897339383,7.972584896065086,8.521545168813484,9627800
2020-04-02,8.749571800231934,9.467442419378191,8.361077254357863,8.589107029414478,8703600
2020-04-03,8.783350944519043,9.180291083052921,8.656668315728567,9.019826366223084,7730300
2020-04-06,9.923501968383789,10.007957626456466,9.12117643840874,9.51811674266417,7939400
2020-04-07,10.480905532836914,11.232558203042498,10.337331418242266,10.649816018998639,8167800
2020-04-08,10.89473819732666,10.979193856858656,10.438679407797379,10.94541175413163,4948800
2020-04-09,10.860953330993652,11.94198195404485,10.244429911744662,11.502813924912427,7339500
2020-04-13,11.224115371704102,11.367689523321758,10.658264493076615,11.266343205490871,7174300
2020-04-14,11.274786949157715,11.384578170081364,10.700490443753786,11.18188557009014,5122800
2020-04-15,10.903183937072754,10.95385749393678,10.35422456576158,10.599145012175176,6779700
2020-04-16,10.632925987243652,10.928519153742643,10.447124039019663,10.920074233018335,6425100
2020-04-17,11.00452995300293,11.029867133476214,10.447124869452114,10.455570596276543,7624800
2020-04-20,10.962300300598145,11.45214190434897,10.14308426520729,10.202202732285533,5615600
2020-04-21,10.76805305480957,11.232557465318463,10.48935056958997,10.523132664603597,6510900
2020-04-22,10.970746994018555,11.806854554021903,10.210649358638925,11.401469363267108,11573000
2020-04-23,11.460587501525879,11.739290013403798,10.936964576014978,11.114320793158086,9172600
2020-04-24,11.333908081054688,12.017995967828353,11.20722537770519,11.75618483279166,6927500
2020-04-27,11.48592472076416,11.65483521259889,10.793390496098636,11.06364808846296,5428400
2020-04-28,11.992656707763672,12.043330260189732,11.477479484337886,11.82374620872479,5881300
2020-04-29,12.507832527160645,12.600733083864327,12.07711022662524,12.474050433320338,6011200
2020-04-30,11.781515121459961,12.49093982648182,11.646386759632668,12.38959355511135,6904300
2020-05-01,11.570381164550781,11.722401030946017,11.367688546309711,11.469034855430246,5571500
2020-05-04,11.798410415649414,11.86597461858879,11.224113885235885,11.241005338685145,5112600
2020-05-05,11.48592472076416,12.364260083733509,11.401469072132418,12.24602233673482,5556200
2020-05-06,10.920074462890625,11.60416218711533,10.911628736559752,11.443697413972743,5167500
2020-05-07,11.840639114379883,11.882866140249943,11.232560437790086,11.2578968143979,6381300
2020-05-08,12.676742553710938,12.685188278233266,11.941981434269433,12.136228265711253,7740900
2020-05-11,12.347370147705078,12.57539994374843,12.153123259604909,12.457162182233857,4734000
2020-05-12,12.305142402648926,12.69363698694416,12.110895513215738,12.507835824554729,6059500
2020-05-13,11.494368553161621,12.296694722924121,11.443695813122552,12.110892796780615,5050300
2020-05-14,11.823747634887695,12.102450193275736,11.06364989481647,11.241006141556941,4876600
2020-05-15,11.621053695678711,12.237577223079743,11.578825869250016,11.756182095907496,5540400
2020-05-18,12.955446243286133,13.082128901372974,12.110893041563997,12.296694971462903,4992000
2020-05-19,12.254467964172363,12.811872985460472,12.237576512410298,12.693635239412274,4844100
2020-05-20,13.183477401733398,13.276378784990404,12.44871608955921,12.651408698690952,4473400
2020-05-21,13.0230131149292,13.284824210299762,12.710528462638827,13.284824210299762,3607100
2020-05-22,12.920469284057617,12.988831490723918,12.612839354059263,12.903379139861935,3346200
2020-05-26,13.680998802185059,13.817723205027104,13.33064231616689,13.373368080848735,4190400
2020-05-27,14.15099048614502,14.15099048614502,13.587001847087752,13.920269046446064,4719200
2020-05-28,14.005719184875488,14.23644223137018,13.877540257895154,14.210805794020718,5899300
2020-05-29,14.10826301574707,14.2962586628131,13.698089805848397,13.85190353714781,11849100
2020-06-01,13.954448699951172,14.304805213388414,13.868995534016426,14.099718593075169,4898700
2020-06-02,14.620975494384766,14.783334650783518,13.997168777581395,13.997168777581395,5434300
2020-06-03,14.808974266052246,15.108059474656518,14.800428788105465,15.056788236859097,4609800
2020-06-04,14.655158042907715,14.945697756121731,14.424435041846614,14.680794475208893,6776100
2020-06-05,15.167880058288574,15.612235245534464,14.988429865295242,15.552418514536686,9735700
2020-06-08,16.287309646606445,16.49239625189733,15.834410671128701,16.15058524307919,9745200
2020-06-09,15.954041481018066,15.996767238855425,15.390053002172351,15.672047241595209,7092600
2020-06-10,14.749162673950195,15.71477919901171,14.749162673950195,15.543874470356096,6661400
2020-06-11,13.356278419494629,14.116808956399856,13.25373511366613,13.629727235037294,7459200
2020-06-12,13.621182441711426,14.27916889097934,13.228099342104251,14.03135650062151,5858500
2020-06-15,13.971537590026855,14.142442266702973,12.886286292106002,12.894831770422307,7040400
2020-06-16,14.390256881713867,14.86024680061726,14.056991362123584,14.749158837381634,6417500
2020-06-17,13.757908821105957,14.441530951519137,13.7066375687959,14.338988446899021,7883100
2020-06-18,13.766449928283691,13.928809114002854,13.450273774729942,13.621179253041696,7564300
2020-06-19,13.236642837524414,14.253531945241098,13.142645020274484,14.253531945241098,14872700
2020-06-22,13.117010116577148,13.322096719020069,13.00592133651847,13.091373680065495,8578000
2020-06-23,13.27937126159668,13.527184464218852,13.202463575448112,13.322097844450527,12063100
2020-06-24,12.228301048278809,13.04864829695728,12.023213624902887,13.03155733878356,6794700
2020-06-25,12.775197982788086,12.792288940041407,12.057394076982552,12.151392711992422,6040500
2020-06-26,12.561567306518555,12.76665392676121,12.382116310070785,12.706837199592549,6852900
2020-06-29,12.68974494934082,12.877740579225264,12.3906597332512,12.612837275778253,6746700
2020-06-30,13.151193618774414,13.236645977927523,12.5102972578877,12.527387403741576,4992000
2020-07-01,13.168279647827148,13.64681580625882,13.048646219425438,13.330640464860341,8575900
2020-07-02,13.168279647827148,13.749359094149547,13.142644029589869,13.450273893262052,7851300
2020-07-06,13.25373649597168,13.68100072228972,13.065740008208028,13.441732168793495,6061800
2020-07-07,13.00592041015625,13.253733574192752,12.963193833955131,13.099918225845386,5590200
2020-07-08,13.26228141784668,13.42464145843905,13.014467394669065,13.04010383392718,5178800
2020-07-09,12.518838882446289,13.339186057711945,12.484657784099458,13.262279197637822,4833900
2020-07-10,12.860651016235352,12.894832115473557,12.450477010435204,12.493203588218382,2982600
2020-07-13,12.869195938110352,13.219552393882354,12.698289634370362,13.00592032914902,4632000
2020-07-14,13.296462059020996,13.3562787853239,12.672655912801014,12.809380324317235,5190200
2020-07-15,13.330643653869629,13.698091134586516,13.296462549729114,13.663909215504196,5622600
2020-07-16,13.151193618774414,13.407551511175607,12.903380391829225,13.074285925077309,3411000
2020-07-17,13.048646926879883,13.33064118760358,13.031555970500674,13.236642557401245,4114400
2020-07-20,12.860651016235352,13.117009667992733,12.629927985171202,13.023011033881403,5579700
2020-07-21,13.937355995178223,14.005718193387159,13.091373181136385,13.159735379345321,6592200
2020-07-22,14.065534591674805,14.398801726475869,13.527182496816677,13.65536141179401,9046600
2020-07-23,14.262075424194336,14.356072413325045,13.732267248684305,14.125351049201383,7188400
2020-07-24,13.988629341125488,14.680796825223688,13.962992904720583,14.34753130137704,7759200
2020-07-27,13.954448699951172,14.091173113493337,13.638273289899471,13.997174467976757,4360900
2020-07-28,13.561366081237793,13.903177942075114,13.475913727234826,13.809179293247489,5209600
2020-07-29,13.51009464263916,13.58700151568234,12.886288473937904,13.535730266986887,8650000
2020-07-30,13.099919319152832,13.270824823279272,12.698290773249408,13.168281520803408,8388100
2020-07-31,13.236642837524414,13.407548330225046,12.89483185212315,12.89483185212315,15626000
2020-08-03,13.356278419494629,13.57845598959392,12.860652033852674,13.117010705894797,5234900
2020-08-04,13.834809303283691,13.860444101135025,13.21100341575571,13.21100341575571,4369400
2020-08-05,14.321895599365234,14.535527690710389,13.860449499715614,14.142443795095879,7066500
2020-08-06,14.33044147491455,14.39880368084022,14.116809377661383,14.26207926898888,5187000
2020-08-07,14.313161849975586,14.330438240700834,13.976280468669742,14.149039433220326,5260100
2020-08-10,14.909188270568848,15.0387579416885,14.339080399588168,14.373631543021789,6256600
2020-08-11,14.840084075927734,15.349726201287691,14.78825653790217,15.151052599216584,8010400
2020-08-12,15.142411231994629,15.237428090557863,14.87463210518423,15.099220253040992,4979500
2020-08-13,14.788252830505371,15.04739210323503,14.701872523739713,14.961011796469371,4617500
2020-08-14,14.883271217346191,14.986927925649736,14.624131917938552,14.650044859338825,3826200
2020-08-17,14.399543762207031,14.796890907805352,14.105851677387626,14.75370157374205,5647700
2020-08-18,14.218145370483398,14.693236297585505,14.16631783850468,14.287250943211736,4490900
2020-08-19,14.105853080749512,14.339079462056507,13.984921615287062,14.140405869491726,3556700
2020-08-20,13.587571144104004,13.941728948166585,13.561657379456035,13.941728948166585,4620600
2020-08-21,13.345707893371582,13.501192134358636,13.147034317695907,13.475278368788713,4977800
2020-08-24,13.743053436279297,13.950365171716442,13.380257487372488,13.380257487372488,3528500
2020-08-25,13.518465995788574,14.02810798905902,13.509828624212199,13.924452939873307,3371100
2020-08-26,13.000188827514648,13.466640746582518,12.92244670370604,13.414812389448848,5064800
2020-08-27,12.723771095275879,13.086567089630082,12.680581762820527,13.008825796940219,6289900
2020-08-28,12.7842378616333,12.88789374410528,12.654667390705532,12.766961469329441,4372600
2020-08-31,12.335061073303223,12.905168816891065,12.196853235316315,12.861979485357926,8577900
2020-09-01,11.989542007446289,12.257319499417283,11.88588612438167,12.14502624393508,6092100
2020-09-02,12.188217163085938,12.257321094119577,11.73904161136728,11.963629799118527,7738400
2020-09-03,12.568285942077637,12.827426019768808,12.352336014632261,12.568285942077637,11846000
2020-09-04,12.551011085510254,12.887893310035645,12.41280324686918,12.715133511734303,9650500
2020-09-08,12.084561347961426,12.378253468725214,11.756317261448006,12.309149537225952,11612900
2020-09-09,12.196853637695312,12.283233951178698,11.989541873875655,12.240043794437005,6643800
2020-09-10,11.980907440185547,12.240047638230871,11.903165298393553,12.179581894074422,8190200
2020-09-11,12.050009727478027,12.067286122739782,11.704490060081616,11.998182189260499,6885800
2020-09-14,12.637392044067383,12.79287628239714,11.782230380821193,12.01545591453209,8095600
2020-09-15,12.706497192382812,12.896533410470896,12.56828933333105,12.64603145999362,7440200
2020-09-16,12.965636253356934,13.16430982814721,12.568288279992627,12.741048089328467,9027300
2020-09-17,13.121118545532227,13.172946895783737,12.507820657105047,12.784237152140296,7666900
2020-09-18,13.103843688964844,13.483915257557838,12.965635845840119,12.974274041981344,8862200
2020-09-21,12.378250122070312,12.792874422749522,12.205490340030483,12.758322466341555,6700300
2020-09-22,12.438715934753418,12.594200151667515,12.283232541622949,12.464630520094852,4559500
2020-09-23,11.687211990356445,12.51645989708276,11.661298224960428,12.43008040450145,6465300
2020-09-24,11.505812644958496,11.756314544701226,11.315777289142394,11.531727231120046,6886500
2020-09-25,11.341692924499512,11.44534881491259,11.238037034086434,11.333054727685807,6254000
2020-09-28,11.635384559631348,11.816782566531035,11.531728673372063,11.60083259754492,5526200
2020-09-29,11.341692924499512,11.730402719494501,11.194846873801703,11.600833062424101,4779800
2020-09-30,11.479898452758789,11.695848386651003,11.358966193217045,11.37624258334456,5729800
2020-10-01,11.02208423614502,11.376241977048045,10.857961833815008,11.229395963924803,5442600
2020-10-02,10.927068710327148,11.108466727339096,10.477893178163725,10.61610103421401,5973200
2020-10-05,11.194847106933594,11.289864802511705,11.022087285980753,11.10846678456527,6843500
2020-10-06,11.02208423614502,11.497174230144708,11.004807846938249,11.428069497101202,6223300
2020-10-07,11.203485488891602,11.2553130241412,10.883879608906348,11.06527762984758,5242000
2020-10-08,11.55764389038086,11.592195856806267,11.22939979744756,11.358969465596871,5671100
2020-10-09,11.4021577835083,11.756315587974774,11.324415665692007,11.592193979972162,4379900
2020-10-12,11.341692924499512,11.419435048255266,11.14301851670327,11.341692924499512,4825100
2020-10-13,11.108466148376465,11.30714054893188,11.004810261741198,11.272588586720126,6947900
2020-10-14,11.358969688415527,11.782232315159352,11.065278379930417,11.117105918693252,8812800
2020-10-15,11.618108749389648,11.704489070829908,11.082552898297923,11.134381255918838,7062800
2020-10-16,11.350330352783203,11.626746041835327,11.333053960325579,11.514451962211968,7910100
2020-10-19,11.324417114257812,11.773593486304593,11.298503346265523,11.55764349753991,7471900
2020-10-20,11.773592948913574,11.842696876261403,11.471262648928976,11.523091006331745,9800400
2020-10-21,12.127750396728516,12.38689052793142,11.471262284023496,11.574918171747905,10954300
2020-10-22,12.490545272827148,12.542373623839175,12.067283564066413,12.240043361133683,7498200
2020-10-23,12.343700408935547,12.680582662973974,12.145026829429854,12.602840540981738,6998400
2020-10-26,12.006817817687988,12.145026488339159,11.834058009103709,12.145026488339159,4193400
2020-10-27,12.240046501159668,12.274598469436983,11.76495631950865,11.946354358910533,5904800
2020-10-28,11.834056854248047,12.119110716540359,11.76495293755801,11.903160770938083,9975300
2020-10-29,12.395526885986328,12.404164257511086,11.540364497478134,11.66129676044486,9574800
2020-10-30,12.75832462310791,12.775600192340479,12.248682562098844,12.317786486596642,10456400
2020-11-02,13.570295333862305,13.760331526724189,12.78423762201213,12.956997422893975,10397600
2020-11-03,13.717143058776855,13.96764500683165,13.466641110722062,13.803522557956963,8610800
2020-11-04,13.527103424072266,13.863984786173383,13.164307477360598,13.596207335466525,7658400
2020-11-05,13.587571144104004,13.81215930114301,13.43208773243246,13.466639693224328,6399700
2020-11-06,13.605046272277832,13.928351709813722,13.421548501425633,13.561357001428748,7022600
2020-11-09,15.44002628326416,16.11285182116252,14.784677122967107,15.21283837436449,14116800
2020-11-10,15.378857612609863,15.920611878903225,14.915743696823341,15.46623781684263,9989900
2020-11-11,15.34390640258789,15.640998126781415,15.003125405217235,15.597308853604284,5727700
2020-11-12,15.073029518127441,15.300217409411836,14.81089054098951,15.04681495375806,7570400
2020-11-13,15.614781379699707,15.675947013722855,15.186618608260623,15.300213357136634,4629500
2020-11-16,16.41868019104004,16.680819163411392,15.885662391694154,16.313823602108133,8335200
2020-11-17,16.829370498657227,16.95170183666242,16.007998895926477,16.112855518959126,11196400
2020-11-18,16.23518180847168,16.916745479646153,16.226443620382895,16.916745479646153,8241800
2020-11-19,15.99925422668457,16.235180282996986,15.73711527520776,16.06915805818764,9324300
2020-11-20,15.91187572479248,15.964304854013998,15.710902396026958,15.868186450413535,7444500
2020-11-23,16.829370498657227,16.94296364585641,16.016737086732487,16.1565448063497,8670200
2020-11-24,17.703163146972656,17.842970815789432,17.213836306113944,17.475975268485676,8996500
2020-11-25,17.28373908996582,17.388594001885572,17.030336663988663,17.30995198462637,8643700
2020-11-27,17.28373908996582,17.344904733025473,17.126455055447416,17.240048154466944,2415200
2020-11-30,16.357513427734375,17.213837544121994,16.340038717854664,17.056553488731637,12001800
2020-12-01,16.80314826965332,17.056550687642897,16.733244441697355,16.94295592556525,6500100
2020-12-02,17.187620162963867,17.484711848544148,16.52353296382199,16.637127725940832,6720200
2020-12-03,17.842973709106445,18.017734156785032,17.205100908366155,17.362384977949056,6883700
2020-12-04,19.040077209472656,19.040077209472656,18.12258744262555,18.19249128200675,11665500
2020-12-07,19.241052627563477,19.28474190692863,18.66434547341976,18.83910425751954,7006700
2020-12-08,19.590572357177734,19.64299982706785,18.795415452847585,18.839104733316145,6728100
2020-12-09,19.8614501953125,20.35077881867031,19.573096601773454,19.79154634435271,7427000
2020-12-10,20.202224731445312,20.525529285986956,19.44201920234716,19.511923024948484,5463800
2020-12-11,19.809017181396484,20.14105996389357,19.590567499937166,19.9663012187094,6101800
2020-12-14,18.94395637512207,20.09737041026646,18.8216250885579,20.05368114124748,8371500
2020-12-15,19.23231315612793,19.389597217978896,18.769199159193317,19.02260162920633,6023300
2020-12-16,18.786678314208984,19.092508294512342,18.515801093546838,19.092508294512342,5950600
2020-12-17,18.786678314208984,19.101246484422646,18.472110143995323,18.93522420940551,4765600
2020-12-18,18.498321533203125,18.943959142171664,18.2886100113307,18.70803305507555,12639200
2020-12-21,18.568225860595703,18.716771734146032,17.729379751115545,17.738116273113445,5381800
2020-12-22,18.515796661376953,18.89153040438315,18.44589282546689,18.542009558193907,5431400
2020-12-23,18.463369369506836,18.865317715917836,18.384729004601134,18.68181908676699,3898600
2020-12-24,18.35851287841797,18.55948620122505,18.21870520458357,18.524535116085918,1213400
2020-12-28,18.244918823242188,18.51579766031684,18.131325708749497,18.51579766031684,3207900
2020-12-29,18.13132667541504,18.542011547109066,18.00899536611024,18.437156615316123,3775200
2020-12-30,18.533266067504883,18.63812262468713,18.113843172052757,18.12258135737115,3582200
2020-12-31,18.218704223632812,18.498319556246262,18.140062203005424,18.498319556246262,2799300
2021-01-04,18.36725616455078,18.77794111210303,18.192495690430157,18.542014972032007,4973500
2021-01-05,18.576967239379883,19.267267593852193,18.5594908591048,18.664347474115953,7773900
2021-01-06,19.36338233947754,19.625521327237205,18.769198856140658,18.987648568153393,8205500
2021-01-07,19.809017181396484,19.861444638287853,19.407068900859162,19.407068900859162,5536700
2021-01-08,19.63425636291504,20.018728260979245,19.45075943427637,19.913873349368224,5298400
2021-01-11,19.79154396057129,19.852709614464136,18.8391030643108,19.04881459193159,4140000
2021-01-12,20.132322311401367,20.534268902701715,19.80901606769737,19.94882372263999,5394600
2021-01-13,20.097375869750977,20.29834922845507,19.782807714117276,20.097375869750977,4843400
2021-01-14,20.7177677154541,21.006122905056067,20.132324148605594,20.176013419772573,7846000
2021-01-15,19.983783721923828,20.429419742128072,19.54688422501516,20.23718456347841,6391600
2021-01-19,19.983783721923828,20.20223347037816,19.74785759359971,20.106115047733674,12059900
2021-01-20,20.001251220703125,20.219700890362667,19.695423016490743,20.14979706273716,7008500
2021-01-21,19.704158782958984,20.866310914430343,19.380854217546812,19.599303878850744,10725400
2021-01-22,19.372116088867188,19.55561300492314,18.943954951431312,19.38085427534204,7016000
2021-01-25,18.393465042114258,19.144932583017948,18.096373301135547,19.144932583017948,8287300
2021-01-26,18.008995056152344,18.970172469813953,17.947829402552685,18.68181891238766,7515700
2021-01-27,17.8342342376709,18.480845180963854,17.17888510595843,17.790544962212344,7279200
2021-01-28,18.000259399414062,18.16628167299328,17.554621717684146,18.07890144128636,5261100
2021-01-29,17.554616928100586,18.18375142478726,17.414809262170216,17.80801769760982,7079100
2021-02-01,17.74685287475586,17.912875110733754,17.432286445150122,17.79928200188925,3956500
2021-02-02,17.81675910949707,18.332300595906414,17.746855263880846,18.183754715642042,4098500
2021-02-03,18.699296951293945,18.75172442094699,17.834236202142257,17.834236202142257,4688300
2021-02-04,19.53814125061035,19.55561595956164,18.51579661152867,18.786673766621057,7338200
2021-02-05,19.29347801208496,19.94008894335075,19.118717580223286,19.905137856961815,4783200
2021-02-08,19.866113662719727,20.10397884961091,19.460863356464195,19.531341743653734,4331200
2021-02-09,19.61944580078125,19.839691034251167,19.452058952849534,19.68992420827811,4252400
2021-02-10,20.271364212036133,20.31541257078,19.557770382294972,19.74277550542383,6245200
2021-02-11,19.848491668701172,20.130405165511238,19.399191403033758,20.103975145058925,5500600
2021-02-12,19.998262405395508,20.12159916472089,19.584200404224887,19.67229880960187,4895800
2021-02-16,20.465179443359375,20.799953020668617,20.306602662564174,20.42994109225888,7240700
2021-02-17,20.747095108032227,20.80876516939296,20.4211331853837,20.623758345985472,5462700
2021-02-18,20.33303451538086,20.6854264597743,20.288986152458182,20.667806442470294,5053000
2021-02-19,20.61495018005371,20.84400538742889,20.324226586142423,20.324226586142423,4616800
2021-02-22,21.2580623626709,21.707362696181647,20.482800129380372,20.641376915365015,6767800
2021-02-23,21.064247131347656,21.531167479090495,20.500420055082515,21.328540653262632,6420700
2021-02-24,22.156667709350586,22.3064345188194,21.090681703389535,21.143540083102764,7150300
2021-02-25,21.78665542602539,22.588347843343993,21.5223618503322,22.42977102579305,6680300
2021-02-26,21.56640625,21.786651415985304,20.703045602618552,21.443069494756156,10833100
2021-03-01,22.006893157958984,22.41214507409493,21.724979658214156,21.804268040059515,11466200
2021-03-02,21.469501495361328,22.376910587310718,21.381403084792357,21.909991867868772,10530300
2021-03-03,21.548791885375977,21.77784711971903,21.399026746348518,21.62808030035387,11263200
2021-03-04,21.169965744018555,21.75141284187639,20.262555064470842,21.487117637180944,12831900
2021-03-05,21.451879501342773,21.830701455661558,19.866113298171395,21.59283627313526,13361500
2021-03-08,21.434261322021484,21.628076479764697,20.755905749414122,21.584028114930415,9542700
2021-03-09,21.099489212036133,21.77784309889303,20.852814002055283,21.34616274167959,8403400
2021-03-10,21.47831153869629,21.601649995473746,20.967342733011268,21.064251160406936,7699500
2021-03-11,21.284494400024414,21.945229950555813,21.249256044438187,21.495929574553973,8986000
2021-03-12,21.469501495361328,21.531169878658382,21.178777916719913,21.381403084792357,7763100
2021-03-15,21.337352752685547,21.89237155557756,21.22282599672067,21.654506354338128,5931300
2021-03-16,20.280174255371094,21.13472485099391,20.25374423187618,20.923289704046116,9156300
2021-03-17,21.125917434692383,21.169967479254225,20.156838298717872,20.192078334367345,9413100
2021-03-18,20.244935989379883,21.460690290763562,20.086359195257025,20.98495990839499,9264800
2021-03-19,19.92778205871582,20.48279910147187,19.698726899381484,19.936590386084273,21924200
2021-03-22,19.654678344726562,19.883733521353925,19.390384814953528,19.769206773208882,9762600
2021-03-23,19.108470916748047,19.59300960585978,18.958704137876506,19.30228605632529,8149000
2021-03-24,19.443246841430664,19.601823661252112,19.284670021609216,19.381578451575123,7478900
2021-03-25,18.96751594543457,19.17895112148675,18.24511032683453,19.064422684247603,9500900
2021-03-26,19.68111228942871,19.6987323096793,19.1525234442743,19.337530296230273,6041200
2021-03-29,19.522533416748047,19.857307044986406,19.302288227768184,19.54896344434711,6771200
2021-03-30,19.143707275390625,19.593007565209742,19.082038904690624,19.267045697127706,5138800
2021-03-31,19.037994384765625,19.231809543210776,18.914655938175606,19.11728278602442,5308500
2021-04-01,19.143707275390625,19.143707275390625,18.61511860028948,19.046800555863655,9454000
2021-04-05,18.861797332763672,19.143710898076012,18.6591721677376,19.143710898076012,5387800
2021-04-06,18.720840454101562,19.258239235433145,18.69441042736255,18.932275627001516,8315300
2021-04-07,18.879417419433594,19.099662603178107,18.632742208718277,18.79131900986831,6556900
2021-04-08,18.24510955810547,18.720839944431773,17.866289267183863,18.632741538037568,13464400
2021-04-09,17.71652603149414,18.280353256890166,17.49628081153161,18.271543246451145,11896400
2021-04-12,17.69890022277832,18.04248211585476,17.55794346252454,17.910335363158985,8244000
2021-04-13,17.51389503479004,17.804618589581864,17.33769990844373,17.505086706759414,8779000
2021-04-14,17.927963256835938,18.26273528947214,17.672477966390577,17.690097989249814,10735900
2021-04-15,17.531517028808594,17.94557906711361,17.443418615530668,17.88390900158283,7231000
2021-04-16,17.70771598815918,17.857482804668983,17.496280779028456,17.716525998581837,7861500
2021-04-19,17.646045684814453,18.068916057287254,17.57556728940232,17.954387614531605,6892800
2021-04-20,17.18793296813965,17.58437325901082,16.958877793701134,17.452226495387098,13491800
2021-04-21,17.22317123413086,17.27603128358371,16.518387378132125,16.721012526689606,11208100
2021-04-22,17.461036682128906,17.70771187566159,17.205553160556917,17.205553160556917,9291700
2021-04-23,17.628427505493164,17.82224269301776,17.276035491658597,17.487470699959335,8240500
2021-04-26,17.742948532104492,17.98081369451397,17.637231802369474,17.80461690450611,8211100
2021-04-27,17.549137115478516,17.927959117804097,17.240793507980662,17.910339099012795,8295100
2021-04-28,17.839860916137695,18.007247735968793,17.57556735247806,17.69890412480756,9709500
2021-04-29,18.09534454345703,18.192251278678583,17.698902552840945,18.033674482432147,12228000
2021-04-30,17.69009780883789,18.24511508054065,17.68128779749812,17.83986464093829,11436600
2021-05-03,19.108470916748047,19.337526089159653,18.095343497481625,18.13058184997874,10171700
2021-05-04,19.00275421142578,19.408006223862735,18.95870584674971,19.143710994794095,10941900
2021-05-05,19.910167694091797,20.015884455888692,19.126093589132932,19.28467041216591,17918100
2021-05-06,20.324228286743164,20.35946832790532,19.742781050268825,20.192081493060385,10928300
2021-05-07,21.69855308532715,21.813081513007365,19.901353398715273,19.901353398715273,15966400
2021-05-10,21.69855308532715,22.227141821508503,21.66331473242827,21.707363093636186,12150300
2021-05-11,21.85713005065918,22.297620387643335,21.169966200379765,21.169966200379765,13119300
2021-05-12,21.117109298706055,22.22714531505539,21.064250920881097,21.971661755286814,11932700
2021-05-13,21.451879501342773,21.883559824999423,20.747093962043074,20.993769152848557,13209800
2021-05-14,22.112619400024414,22.22714616977206,21.61046059053359,21.619270600566118,7097800
2021-05-17,23.178604125976562,23.249082521998243,21.909992997586258,21.909992997586258,7559700
2021-05-18,22.738115310668945,23.407660959565728,22.685256930064302,23.257894147571214,8940600
2021-05-19,22.227144241333008,22.45619944129295,21.65450708160188,22.33286267221354,8870400
2021-05-20,22.368101119995117,22.43857951408986,21.769033930021074,22.112617571528222,6086400
2021-05-21,22.500246047973633,22.60596278235557,22.174282476232065,22.48262603213091,6377900
2021-05-24,22.31393051147461,22.70431387095345,22.23407933130248,22.668823705426174,6439100
2021-05-25,21.417823791503906,22.331675231830012,21.364590236341126,22.180845415315297,8973000
2021-05-26,21.44444465637207,21.68399822920747,21.21376362611551,21.35572092284809,10776500
2021-05-27,21.59527015686035,22.003396879901448,21.53316406355098,21.657376250169726,14682000
2021-05-28,21.64850616455078,21.719484806706124,21.36459159592942,21.60414514780281,5327200
2021-06-01,22.64220428466797,22.78416154037478,22.030012561767364,22.163097277459503,6747800
2021-06-02,23.30763053894043,23.431842719859468,22.447012736104114,22.766417421054832,10875200
2021-06-03,22.943862915039062,23.316501118726375,22.82852159194371,23.165671329322848,9880900
2021-06-04,23.0858211517334,23.218905867540347,22.393778260367704,23.103566231778053,9386500
2021-06-07,23.014846801757812,23.254398657831995,22.864016977870364,23.13018645895914,6010300
2021-06-08,23.023717880249023,23.09469651684622,22.580100978450503,22.766419264919072,5380600
2021-06-09,22.899505615234375,23.21003780689041,22.899505615234375,23.147931707012063,6734300
2021-06-10,22.633333206176758,23.272140898107732,22.242949881642453,23.165673795584613,5495300
2021-06-11,22.98822784423828,23.068079022389224,22.642207200426984,22.828525487936393,5336400
2021-06-14,21.95016860961914,22.881765310237576,21.74610519899145,22.86402022437486,12729100
2021-06-15,22.136484146118164,22.322802433171418,21.941291625665205,21.976781790207266,6793200
2021-06-16,21.914674758911133,22.278440468615926,21.710609706034887,22.056632026490362,5751800
2021-06-17,21.27586555480957,22.003396980793827,20.81450358487571,21.923545805525883,9587500
2021-06-18,20.113590240478516,20.885484388265112,20.113590240478516,20.53946205678497,15598600
2021-06-21,21.151655197143555,21.240378920922595,20.36201760926508,20.36201760926508,7037000
2021-06-22,21.196012496948242,21.293608745221647,20.849991896362862,21.027439312811968,4707500
2021-06-23,20.699161529541016,21.53316165624237,20.619310363566207,21.293608158317948,8607700
2021-06-24,20.89435386657715,20.97420503843018,20.645929502824654,20.89435386657715,5500000
2021-06-25,20.89435386657715,21.00969520026,20.628184421909744,20.8766104779263,6949300
2021-06-28,20.09584617614746,20.8943562952284,19.971633979833435,20.832250197071385,6832200
2021-06-29,20.122461318969727,20.468481933036102,20.09584369778614,20.282163661543144,4428400
2021-06-30,20.291034698486328,20.53058650233297,20.09584220879746,20.228926920326465,5793900
2021-07-01,20.885482788085938,21.080673599205454,20.67254520398314,20.814502465208978,7101700
2021-07-02,20.89435386657715,20.965332497972728,20.38863090635064,20.654802043282107,8048600
2021-07-06,19.882909774780273,20.876612397974508,19.794186054309755,20.84999477415409,11507900
2021-07-07,19.74982261657715,20.157949311487755,19.42154539880053,19.740950076392483,6672500
2021-07-08,19.492523193359375,19.803055317469923,19.270714775032403,19.359438480815978,6812900
2021-07-09,20.16682243347168,20.264418686054587,19.65222693376335,19.882907908427644,5645400
2021-07-12,20.424118041992188,20.530585127178576,19.696586754917902,19.945011081862013,6280300
2021-07-13,19.84741973876953,20.317652543378628,19.803057035896167,20.220057981585388,6424500
2021-07-14,19.226356506347656,20.246675037505142,19.09327177485132,20.069229292931418,5889000
2021-07-15,18.827096939086914,19.377182531936878,18.756118316680194,18.94243825816274,5717000
2021-07-16,18.27701759338379,19.04891009289007,18.126187771647672,19.04891009289007,5716600
2021-07-19,17.43413734436035,17.868881541521723,17.18571305584731,17.70917924618417,9150800
2021-07-20,17.780166625976562,17.94873983392362,17.123612107735624,17.318804631853176,9298200
2021-07-21,17.94873809814453,18.383482426318572,17.06150436090835,18.2770153255181,14733900
2021-07-22,17.63820457458496,18.01971532257294,17.380907690851814,17.948736696826145,9036000
2021-07-23,17.93099594116211,18.135061020122844,17.567230184959183,17.74467763824739,12320700
2021-07-26,18.534311294555664,18.631907542253845,17.9309921129014,17.993099892877314,10035200
2021-07-27,18.33911895751953,18.507693818826432,18.108438013695306,18.285885414256658,8094200
2021-07-28,18.63191032409668,18.81822861505082,18.126187314633473,18.401229326536157,8987000
2021-07-29,18.791608810424805,19.119884310333767,18.685140028776786,18.844842355116874,5337600
2021-07-30,18.84484100341797,19.28845779264795,18.649650225371726,18.676266149676724,11243900
2021-08-02,18.507699966430664,19.43929489816112,18.40123115227591,18.871465735374127,8021100
2021-08-03,18.906953811645508,18.915826353659266,18.099571103301347,18.516572116626243,4987700
2021-08-04,18.303634643554688,18.791614304743803,18.28589125164541,18.54318820310583,6517200
2021-08-05,18.507699966430664,18.623039630522623,18.108444028680818,18.47220979762428,4565600
2021-08-06,18.80048370361328,18.92469588753328,18.489951551549197,18.756121000596075,6393300
2021-08-09,18.872066497802734,19.024188485533358,18.272527099895203,18.496235804983655,8412600
2021-08-10,19.113677978515625,19.346335305631026,18.88102065140022,18.988399905907343,5117700
2021-08-11,19.247900009155273,19.373176356185603,18.75573976183485,19.042088379959097,3795000
2021-08-12,19.104724884033203,19.417917431003335,18.79153233706307,19.230001220116428,3606500
2021-08-13,19.38212776184082,19.605836532597767,18.97945129177333,19.158418991083874,6768900
2021-08-16,19.042089462280273,19.17631437126507,18.78258649238233,19.077881974853806,5816900
2021-08-17,19.140520095825195,19.534247973553857,18.872070278642475,19.29264211403202,6558400
2021-08-18,18.952606201171875,19.605835363196952,18.90786342563171,19.16736640347756,5460100
2021-08-19,18.06671905517578,18.67520712580862,17.753526465083905,18.621515797155855,8616600
2021-08-20,18.28147315979004,18.460439075397296,17.76246910303404,17.83405581062929,9542600
2021-08-23,19.25684928894043,19.373177086027816,18.73784506585385,18.76468902307894,7157000
2021-08-24,19.856395721435547,19.963775001305162,19.40002951508248,19.453719155017286,6738500
2021-08-25,20.008514404296875,20.160636447338515,19.686373205676325,19.856392361255235,5003700
2021-08-26,19.954816818237305,20.12483592057817,19.784799422658498,19.86533469709564,7989200
2021-08-27,20.643842697143555,20.813861821085663,20.17852809833477,20.17852809833477,6249800
2021-08-30,20.402236938476562,20.86755153945979,20.366444426657544,20.769119145123494,4520300
2021-08-31,20.38434410095215,20.57225865186281,20.2859116942299,20.321704210552763,7632600
2021-09-01,20.133785247802734,20.455926357931457,20.07114707789151,20.312752910488054,4302700
2021-09-02,20.894397735595703,20.99282842567684,20.276961103439817,20.34854783566352,5143400
2021-09-03,20.724374771118164,21.109154025646262,20.652788052142846,20.858599655851638,3041100
2021-09-07,20.599102020263672,20.93019001304051,20.39329038077944,20.62594597781934,5624200
2021-09-08,20.321699142456055,20.840705007182212,20.24116557412352,20.733324071468715,4514200
2021-09-09,21.037567138671875,21.30601690599507,20.29485429519824,20.33959535416477,7831200
2021-09-10,21.35076141357422,21.574470140181617,21.10915557921531,21.341812859698464,7367800
2021-09-13,21.825023651123047,22.0308369845631,21.646057687092732,21.726592968273145,7840700
2021-09-14,21.780282974243164,22.057681332820064,21.574471343904246,22.021888822082186,7745400
2021-09-15,22.487197875976562,22.80039039876282,21.88765848896125,22.021885074985317,13137400
2021-09-16,21.825023651123047,22.5408926275309,21.583419514344012,22.308235338205513,8721700
2021-09-17,21.422351837158203,21.789234075608793,21.30602232344708,21.73554444984497,30925500
2021-09-20,20.47382926940918,20.849660133508433,20.16958686205526,20.599107361950765,10931700
2021-09-21,20.795963287353516,20.94808529166824,20.357494382390414,20.68858405299145,10417300
2021-09-22,20.974931716918945,21.565522647688415,20.948086053970435,21.297071138489972,8430700
2021-09-23,21.511831283569336,21.79817817141018,20.91229184711679,21.028619630266352,10449200
2021-09-24,21.672903060913086,21.83397363381184,21.216537006620715,21.29707229307009,6938300
2021-09-27,22.29928970336914,22.53194702315357,22.138219119921274,22.18296189685814,10096300
2021-09-28,22.29928970336914,23.149383690782926,22.18296189685814,22.56773953794064,11749600
2021-09-29,22.415611267089844,22.70195983944989,22.05767768509222,22.28138638718598,8202800
2021-09-30,22.129270553588867,22.48720423509464,21.968199970220663,22.191908734507074,9607600
2021-10-01,22.531944274902344,22.639323512928787,22.021888627371208,22.299286983495435,7791100
2021-10-04,22.77355194091797,23.10463994251961,22.567738589185694,22.666170987546245,11063100
2021-10-05,22.675121307373047,23.220971258201903,22.397722907486042,23.05990066898929,7280700
2021-10-06,22.174007415771484,22.39771612038546,21.493932748933567,22.254542685973473,12159400
2021-10-07,22.182954788208008,22.576680858506194,21.977141493777278,22.22769584404493,9940400
2021-10-08,22.58563232421875,22.719857215804307,22.200853050047947,22.361923602655455,7635600
2021-10-11,22.77355194091797,23.301504739240713,22.621429919252733,22.746706275884453,8780200
2021-10-12,23.041996002197266,23.149376928716734,22.478250831565358,22.71090637662734,10808200
2021-10-13,23.489418029785156,23.605745825242984,22.728807961753947,22.728807961753947,10051700
2021-10-14,24.008424758911133,24.01737331438501,23.480471933289365,23.73997492174453,8306400
2021-10-15,24.062116622924805,24.75114009763516,23.927891691857713,24.34846359767129,13012700
2021-10-18,24.12474822998047,24.357405510192475,23.820505932370143,24.357405510192475,12523600
2021-10-19,24.04421615600586,24.312665961634018,23.766816089192893,24.258976341860834,12608000
2021-10-20,22.684066772460938,23.874197211226907,22.11137123253679,23.874197211226907,23532100
2021-10-21,21.717641830444336,22.648269170272734,21.431294956650984,22.621425217580853,17613600
2021-10-22,22.048730850219727,22.17400889375194,21.61921051835463,21.63710762553953,10298300
2021-10-25,22.514049530029297,22.567739154679316,22.003993828948122,22.361927504552245,15603000
2021-10-26,22.988309860229492,23.319397828983906,22.603530566734754,22.64827163058951,13011800
2021-10-27,22.379825592041016,22.84514024402144,22.254549226801082,22.69301821190332,9178800
2021-10-28,22.701967239379883,22.710914088429433,22.236652577728098,22.254549689352203,8114500
2021-10-29,22.442459106445312,22.70196204533497,22.344026721795842,22.69301349157028,8744700
2021-11-01,23.26264762878418,23.298700601352785,22.631736080736733,22.649760847920685,6731300
2021-11-02,23.343761444091797,23.361787927554513,22.97422712860653,23.172513289396157,9127100
2021-11-03,22.83002471923828,23.515015799548575,22.81199823102209,22.884102464786306,7575000
2021-11-04,22.478511810302734,23.361788907838008,22.343316616859603,23.181527503847065,9392800
2021-11-05,22.35232925415039,22.938177986775898,22.34331773069175,22.78495630147542,6758600
2021-11-08,22.442459106445312,22.71285121561946,21.982794068039425,22.496536840640072,8347100
2021-11-09,22.78495979309082,22.802984561870495,22.09095548160855,22.460489887649654,7184400
2021-11-10,21.703388214111328,22.821004347967392,21.62227076157258,22.541600744278377,7531700
2021-11-11,21.93773651123047,22.00082750758599,21.69438405177285,21.75747504812837,4447100
2021-11-12,21.95575714111328,22.199107816517046,21.703391503949817,21.79352221144393,5480500
2021-11-15,22.289241790771484,22.334308010673677,21.71240792882754,22.036877835721263,6228400
2021-11-16,22.730876922607422,23.0373202942395,22.190096120056925,22.40640878489717,7896900
2021-11-17,21.93773651123047,22.658778925437424,21.87464551487495,22.433452956110163,8713000
2021-11-18,21.56819725036621,22.063913584724432,21.288793592042506,21.955758106257342,6362500
2021-11-19,20.324399948120117,21.216692220547362,20.21624445510507,20.928273561272583,9780700
2021-11-22,20.414527893066406,20.621827325713404,20.099071263025138,20.35143691087822,8980300
2021-11-23,21.41497802734375,21.49609550510305,20.594791724755755,20.757026680274354,9700000
2021-11-24,21.739442825317383,22.145028399620614,21.027412181142623,21.081489913896363,8001300
2021-11-26,20.7840633392334,20.89222054223211,20.270320492965464,20.486633179862466,7881300
2021-11-29,21.20767593383789,21.451026617761073,20.847153091239967,21.324844654311992,11140400
2021-11-30,21.036426544189453,21.198661470196605,20.57676149353593,20.928269353817946,31133200
2021-12-01,21.108535766601562,22.199112575693867,21.090509277418064,21.847604632118767,9814200
2021-12-02,21.631288528442383,21.82056147789808,21.09050597141125,21.243727667251733,9414700
2021-12-03,21.577207565307617,21.991806375002618,21.38793292502504,21.901675675777586,7949500
2021-12-06,22.009836196899414,22.55061875516999,21.856614500707757,21.856614500707757,7015500
2021-12-07,22.424436569213867,22.5596335071487,22.13601964394045,22.253190094270575,8147500
2021-12-08,22.487524032592773,22.793967374019935,22.379366851283155,22.793967374019935,5565700
2021-12-09,22.41542625427246,22.49654201467051,22.072929847700394,22.172073815776606,4315100
2021-12-10,22.929166793823242,23.010284265003897,22.406410712381458,22.406410712381458,5996700
2021-12-13,22.136014938354492,23.010280491229683,22.00983299014575,22.7939678432575,7927000
2021-12-14,21.703388214111328,22.28923514536894,21.631284002865776,21.991805059093537,8449600
2021-12-15,21.478065490722656,21.766482378026488,20.594788343579612,21.72141788404786,8881200
2021-12-16,21.87464141845703,22.334306516096223,21.703393232489397,22.027863117670098,7545500
2021-12-17,21.342872619628906,21.67635403731661,20.75702553845016,21.46004134822448,19815400
2021-12-20,20.793073654174805,20.991361545228166,20.522683263411352,20.720969435364538,7535000
2021-12-21,21.4420166015625,21.532145599449,21.063468965497698,21.135573195267163,6491900
2021-12-22,21.559186935424805,21.60425143772325,21.126561524597687,21.405965220869295,3421900
2021-12-23,21.829572677612305,21.97378111677455,21.595233534198606,21.70339072312039,3146600
2021-12-27,22.19009780883789,22.199109333012675,21.36990986180191,21.676353256755913,3437300
2021-12-28,22.154043197631836,22.334304611605507,21.92871728971487,22.24417390461867,3180000
2021-12-29,21.87464141845703,22.16305833012859,21.79352394716186,22.099967345587984,4302800
2021-12-30,21.586225509643555,21.955759909778205,21.505108034579806,21.76648522826263,3986500
2021-12-31,21.685365676879883,21.748456658310783,21.405962022357205,21.4690530037881,3861300
2022-01-03,22.568641662597656,22.59567966880822,21.7214158462982,21.7214158462982,4790600
2022-01-04,23.064363479614258,23.379820141126043,22.802984562644337,22.875088795066986,7798700
2022-01-05,23.145479202270508,23.623169061213854,23.091401461826056,23.442909353365557,7700300
2022-01-06,23.388830184936523,23.9656639653936,23.05534708117211,23.767377783136546,5841900
2022-01-07,23.54205322265625,23.605144206123835,23.26264784001355,23.433896023068694,6915200
2022-01-10,23.49698829650879,23.66823648896537,23.01929841311477,23.54205451510287,9974100
2022-01-11,24.299144744873047,24.380262208117077,23.5600760522943,23.686259727951807,9988300
2022-01-12,24.091846466064453,24.54249829694078,23.87553379353585,24.48842055858371,8317900
2022-01-13,23.67724609375,24.335197312199494,23.596128631847986,23.80342804821971,9390700
2022-01-14,24.749794006347656,24.830911461240422,23.469944649372987,23.587113351384733,12025900
2022-01-18,24.154937744140625,25.092294389049528,23.89356057295278,25.029203407007646,10407500
2022-01-19,23.69527244567871,24.497432098771462,23.650206234263273,24.434341121890036,10458900
2022-01-20,24.08283233642578,25.128344408035115,23.98369010627161,24.60558837223045,12793300
2022-01-21,24.551513671875,24.930061311447762,23.704287674907306,23.884549110551653,15878200
2022-01-24,24.39828872680664,24.434341696787257,23.00126880296217,24.04678086499679,11878600
2022-01-25,25.173412322998047,25.380711759000665,23.32573872804764,24.29013511986487,13512800
2022-01-26,24.803876876831055,25.578996847350577,24.452367284112615,25.335646168207393,12946600
2022-01-27,24.605592727661133,25.597027238398148,24.03777209755842,25.461832014002315,11477600
2022-01-28,24.479406356811523,24.821902697558063,23.86651961577055,24.416315378016172,8108400
2022-01-31,24.73177146911621,25.038214833169054,23.893558839154043,23.902572081520326,11173000
2022-02-01,24.785850524902344,25.137358400416137,24.1098727833141,24.353225182869938,8566100
2022-02-02,24.21803092956543,24.749798525595075,24.046782746955675,24.506447835581632,9553200
2022-02-03,23.758363723754883,24.31717099958906,23.623166806894805,24.2540800219078,8933900
2022-02-04,24.13043975830078,24.44806529692326,23.821889432886937,23.903564620844715,7713700
2022-02-07,24.983497619628906,25.31019673024339,24.03062074212561,24.112295952509335,9541200
2022-02-08,24.8292179107666,25.092392194660846,24.28471718394942,24.983493087849467,5726900
2022-02-09,25.092388153076172,25.564288822370898,24.792913061200636,24.892738668799087,7297500
2022-02-10,24.90181541442871,25.645965583633576,24.70216418694063,24.91089062757998,7381200
2022-02-11,26.444562911987305,26.571614153708126,24.992563557347324,25.110537855816908,10092400
2022-02-14,25.900068283081055,26.4808681205473,25.546141867570018,26.217692112370376,7327300
2022-02-15,26.126943588256836,26.16324271285005,25.10146692196768,25.255742096058967,6366200
2022-02-16,26.961843490600586,27.324845135470543,26.31751885970465,26.31751885970465,10323200
2022-02-17,26.707740783691406,27.107041500186128,26.580691263819404,26.87109115548106,5502400
2022-02-18,26.41734504699707,26.84386973859471,26.05434339440656,26.33566984825622,5039000
2022-02-22,25.95452117919922,27.197796207828997,25.78209555614039,26.998146670706333,15255900
2022-02-23,26.36289405822754,26.70774528589831,25.8002446060155,25.981743703439953,7211700
2022-02-24,26.063419342041016,26.780345722063988,25.319269048951995,26.725896165011676,11866300
2022-02-25,26.77126693725586,26.862017340854283,25.954516766710015,26.226766246585303,7092200
2022-02-28,26.662364959716797,26.934616158799592,26.244915544411043,26.544390651758185,11034200
2022-03-01,25.718570709228516,27.02537223911862,25.15591949759297,26.871097046486316,12167200
2022-03-02,27.578941345214844,27.814891697504653,26.344741765978856,26.353816979249995,11545600
2022-03-03,28.32309341430664,28.477368588371228,27.17056894668066,27.17056894668066,13542800
2022-03-04,30.147171020507812,30.201618840895353,27.92379385956179,27.996393838278557,14323100
2022-03-07,31.56287384033203,32.59742410417355,30.129024507135696,30.129024507135696,19497500
2022-03-08,31.581022262573242,33.504922691662436,31.00929587769437,31.99847173515896,22307600
2022-03-09,30.682592391967773,31.599166351076086,29.711567157944668,30.764267573420163,21479200
2022-03-10,33.341575622558594,33.48677558903588,30.791497533096035,30.800571016445744,13964300
2022-03-11,34.1583251953125,34.85710113748386,32.715398969133275,32.715398969133275,15390700
2022-03-14,33.55936813354492,34.013118384342185,32.92411709006081,33.27804173178833,12763500
2022-03-15,31.64454460144043,32.924120294763945,31.29061992526329,32.18904703250066,14491500
2022-03-16,30.537397384643555,31.73529793146686,29.566371993837397,31.499345830578548,20716500
2022-03-17,31.744369506835938,31.953094222407685,30.78241765686881,31.0818945064978,15890200
2022-03-18,32.025699615478516,32.2616482675027,31.417672363757166,31.47212365045829,24795600
2022-03-21,32.869667053222656,33.695492315366,32.570190246261056,32.67908932977462,19941400
2022-03-22,33.160072326660156,33.54122091205532,32.57927250405418,32.815221133797856,16908500
2022-03-23,34.11294937133789,34.56669969366915,33.314347834719605,33.577523852513394,15181200
2022-03-24,34.74819564819336,36.100369480726705,33.95866770539202,34.02219592651374,13293800
2022-03-25,35.13842010498047,35.15657053021383,34.42149388654129,34.42149388654129,11991900
2022-03-28,33.57752227783203,34.430571597546965,33.34157364449473,34.41242117008408,7384500
2022-03-29,33.27804946899414,33.323427274096034,31.916798400109048,32.85152648812834,13403000
2022-03-30,33.89514923095703,34.0857270059797,33.22360066207458,33.85885183452258,9134100
2022-03-31,33.04209518432617,34.27629649732541,32.76076876503256,33.6228949876576,11010200
2022-04-01,33.05117416381836,33.75902707096959,32.769851159574586,33.3052767164185,8558800
2022-04-04,33.06024932861328,33.38695012018546,32.48852294336197,33.2961979770597,8290000
2022-04-05,32.234413146972656,33.849762677195464,32.07106280550752,33.03301443170895,12705300
2022-04-06,32.41592025756836,33.02394395507764,32.025694750094715,32.561120204872054,8523600
2022-04-07,32.778926849365234,32.86967900348705,31.835128679383335,32.37962775675138,9536200
2022-04-08,34.04942321777344,34.12202146623568,32.924120940967924,32.95134831325134,12765800
2022-04-11,33.09654235839844,33.74086684392475,33.0330176041544,33.323417469795544,7655500
2022-04-12,32.96042251586914,33.73179666455526,32.71539693100833,33.15099681681416,8028100
2022-04-13,33.77717208862305,33.867920760256865,32.724471573207126,33.45954481422484,6849800
2022-04-14,33.840702056884766,34.158325918303454,33.368801275748105,33.414175618544995,6853500
2022-04-18,33.96774673461914,34.4033465943702,33.731794646937345,34.12202017039266,10120500
2022-04-19,33.341575622558594,34.16740108099319,33.132847425272246,33.704573807831665,10264000
2022-04-20,32.0620002746582,33.00579833874855,29.76602122966916,32.64280014851082,23404100
2022-04-21,29.865840911865234,32.352393771383646,29.294114635296616,32.26164164550947,19153700
2022-04-22,29.22152328491211,30.873174284934752,29.058172881671148,29.584521488460563,12918100
2022-04-25,27.896568298339844,28.41384336454321,26.734966904624887,28.11436823511389,16705400
2022-04-26,28.450143814086914,29.611745191250517,28.150668688924736,28.24141909401752,17393700
2022-04-27,28.38661766052246,28.99464309469059,28.01454257567986,28.549966304590978,9187900
2022-04-28,29.012794494628906,29.40302177308228,28.005469973164924,28.58626982200326,11759100
2022-04-29,28.150667190551758,29.239668531860964,27.96916639002692,29.058167731336123,13335200
2022-05-02,28.05084228515625,28.459218231184323,27.442816838247758,27.896567120092303,8737800
2022-05-03,28.58626365661621,28.76776443569277,27.769513612611117,27.88748790736708,9766500
2022-05-04,29.802318572998047,29.911217671044106,28.205117377322885,29.212441823388733,11857600
2022-05-05,29.058170318603516,30.047346134605828,28.3321687827827,29.874918800926803,9915500
2022-05-06,29.157989501953125,29.548214960009343,28.649788019827977,29.248738159335762,6917500
2022-05-09,27.2703914642334,28.72239272391364,27.197791487795385,28.72239272391364,13366300
2022-05-10,27.969167709350586,28.568117956047544,27.30669269874941,27.55171827173998,8439300
2022-05-11,29.484695434570312,29.747867972371388,28.35939318959749,28.60441876217641,13027700
2022-05-12,28.958341598510742,29.42116534279927,28.02361543513847,29.157992821690772,12987100
2022-05-13,30.954845428466797,31.0365206193799,29.366719408809754,29.439317655265853,9974900
2022-05-16,31.698991775512695,31.789740438010092,30.682592215815653,30.737040028578264,8788800
2022-05-17,31.907724380493164,32.443149930405646,31.671775722390915,32.27979952793469,9523700
2022-05-18,31.435819625854492,32.41592191669845,30.918544570744622,32.1618193995315,7188600
2022-05-19,31.735292434692383,32.279791330086454,30.655364663524125,30.76426721207458,7785600
2022-05-20,31.354145050048828,32.27979607783621,30.818719557363185,32.052920927746364,9027700
2022-05-23,32.40684509277344,32.67002109353518,31.54471884377048,31.76252050760365,9358500
2022-05-24,32.92412185668945,33.05117139141208,31.85327083282701,31.953096456349133,7961500
2022-05-25,32.41592025756836,33.18729432852428,32.08014256668371,32.99672004678314,9187800
2022-05-26,33.668270111083984,33.90422220035893,32.92411991292141,32.9694977113635,6687000
2022-05-27,33.905372619628906,34.151592793184776,33.31261996343316,33.31261996343316,7577800
2022-05-31,32.81106185913086,34.61667298442019,32.48276829476591,34.09687600041498,21917500
2022-06-01,34.11511993408203,34.470770188194386,33.31262482306031,33.31262482306031,8349800
2022-06-02,33.65915298461914,34.17894997753676,33.47676728143167,34.10599778349254,7678600
2022-06-03,34.48900604248047,34.64403511409321,33.33086078031225,33.440290815221296,5939500
2022-06-06,34.361331939697266,34.82641212740851,34.224541807519955,34.653147641539135,6681900
2022-06-07,34.34309387207031,34.58931402884275,33.9692047774272,34.14246926757774,6771800
2022-06-08,34.18806838989258,35.25501892670534,34.11511272307581,34.543718568830165,7251700
2022-06-09,32.90226364135742,33.97833220164734,32.856664597335424,33.786828740142084,8662800
2022-06-10,32.12711715698242,32.97520768064511,31.725871411513598,32.373337323082986,9472000
2022-06-13,30.367097854614258,31.361096114480368,29.956730962244333,31.29726165108031,13025700
2022-06-14,30.02968978881836,31.46141172526488,29.655800687174064,31.22431276173926,9909100
2022-06-15,28.944499969482422,30.26679020684998,28.543252473060203,30.26679020684998,13069200
2022-06-16,27.257442474365234,28.60709303300694,27.202727451788704,28.10553315141791,14673200
2022-06-17,27.33039093017578,27.54013499676517,26.30903593013912,27.293914835568188,28201900
2022-06-21,27.795475006103516,28.470299331941682,27.54925482604717,27.831952842864006,10414000
2022-06-22,26.920026779174805,27.275676977358884,26.199605184602113,26.38199088279642,11023900
2022-06-23,26.135770797729492,27.175364758512206,25.60685435846263,26.974741881327855,11185300
2022-06-24,25.962505340576172,26.701165877532265,25.880431947581048,26.226964437862446,18456700
2022-06-27,26.847076416015625,27.038579859149348,26.263443147838462,26.60997567259352,6675400
2022-06-28,27.421585083007812,27.77723528434142,26.974742031769477,27.357750609882185,6503700
2022-06-29,27.02033805847168,27.84107198257481,26.673807310018447,27.56749342808744,8727700
2022-06-30,26.327274322509766,27.61308837510476,26.154008093339435,26.609970572681174,8592500
2022-07-01,26.527902603149414,26.82883783137911,25.552142976445825,26.54614152349283,5441400
2022-07-05,25.71628761291504,26.254323542174795,24.932031497853217,25.61597529884182,10379000
2022-07-06,25.07794189453125,26.19048996331932,24.476071428211235,25.35151874672791,8647100
2022-07-07,25.962505340576172,26.57349518878486,25.807478013736382,25.916909784182874,6656400
2022-07-08,25.962505340576172,26.436706780245988,25.643332967105124,26.354633387250864,5640500
2022-07-11,25.71628761291504,25.944268879911238,25.360635653636823,25.433589589501246,5347700
2022-07-12,25.068817138671875,25.23296391105918,24.5763785608688,24.950267658258177,7188400
2022-07-13,24.40311622619629,25.114418440318826,24.284564987496307,24.658455883938533,8540600
2022-07-14,24.02010726928711,24.09306120770102,23.34528290411869,23.472951861503255,6392000
2022-07-15,24.330162048339844,24.512546025489318,23.728291618964285,24.293684209294486,7010400
2022-07-18,24.76788330078125,25.1600113360437,24.64933381399348,25.06881848655214,6237500
2022-07-19,25.73452377319336,25.816597165210347,24.503426371656452,24.8134792822819,8769100
2022-07-20,23.609737396240234,24.01098487821041,22.223612735599517,23.181133277804083,29797900
2022-07-21,22.725173950195312,23.00787024900913,21.822368294479613,22.96227468897304,17634100
2022-07-22,21.959152221679688,23.263205148502557,21.7950054561553,22.843718776678156,10269700
2022-07-25,22.250972747802734,22.360404528345384,21.804129644358596,22.269211667786365,8569600
2022-07-26,22.15977668762207,22.716051491289058,22.004749368863678,22.615739185222186,12965200
2022-07-27,22.85283851623535,22.925792441882887,21.804125182792497,22.32392212045103,11933400
2022-07-28,22.77988624572754,23.235848748993625,22.114181408405194,23.026106414937367,6618100
2022-07-29,23.42735481262207,23.472950368971905,22.67045709744558,23.162895715587897,12847400
2022-08-01,22.488069534301758,23.263206103683373,22.442473981721182,23.263206103683373,10625100
2022-08-02,23.181137084960938,23.38175998921591,22.524551611559886,22.53366933230674,6529400
2022-08-03,23.007871627807617,23.865081774857476,22.889322120993967,23.509431515057305,8617400
2022-08-04,21.621740341186523,23.071701191847897,21.57614478814036,22.96227116879356,13526200
2022-08-05,21.940914154052734,22.17801485349396,21.402878285966654,21.466714494529118,6764800
2022-08-08,22.299243927001953,22.400310588050637,21.839844596420797,21.986852242009217,7643900
2022-08-09,21.913349151611328,22.740267623801117,21.79390434028525,22.61163636772943,7346100
2022-08-10,22.372751235961914,22.519758904457355,21.692840331053084,22.023606708933006,7516800
2022-08-11,23.227235794067383,23.502874750870365,22.66676792910227,22.66676792910227,7721500
2022-08-12,23.897960662841797,23.934711709193042,22.942408923130785,23.08941661347557,6855600
2022-08-15,23.245609283447266,23.263985680312267,22.712706041649913,22.77702343067741,5749400
2022-08-16,23.025096893310547,23.750948769346774,22.72189336657291,23.438557044529865,10857200
2022-08-17,22.74026870727539,23.144540641651748,22.5013808257107,22.81377253602841,11387600
2022-08-18,22.960783004760742,23.521250862917395,22.878090968230424,23.208859114351693,10401100
2022-08-19,23.116981506347656,23.263989198560523,22.639205630420868,22.905658167850397,8615700
2022-08-22,23.218046188354492,23.51206152512135,22.620827316488104,22.969970090781338,8429900
2022-08-23,23.980649948120117,24.522741401060966,23.585566168606984,23.59475436725493,8780400
2022-08-24,24.320606231689453,24.449239269260925,23.80607933881304,23.824455737390366,6576900
2022-08-25,24.48598861694336,24.669749085041463,24.090904837261228,24.440049376153684,6798700
2022-08-26,24.008214950561523,24.770817982221935,23.695824930787854,24.59624744962162,7216800
2022-08-29,24.100095748901367,24.30223263705811,23.750952923175017,23.934711659489448,9403100
2022-08-30,23.015907287597656,23.631502501502915,22.786207607072853,23.60393966142041,7639300
2022-08-31,23.208860397338867,23.42937192278636,22.345188941650488,22.51057302385356,13351700
2022-09-01,22.60245132446289,23.006723295989616,22.37275161944288,22.868902071001873,8670400
2022-09-02,23.227235794067383,23.594754987294607,22.905655842817406,23.24561043937643,6103100
2022-09-06,22.8689022064209,23.48449748961858,22.712706335983583,23.245609584686825,11101600
2022-09-07,22.372751235961914,22.427878673530294,21.93172823047559,22.345186640942902,12209000
2022-09-08,21.950101852416992,22.483005064011817,21.858223378238574,22.418689431099097,11737200
2022-09-09,23.199670791625977,23.30992742390058,22.391128580667868,22.492195261744058,8810900
2022-09-12,23.392614364624023,23.705006066878735,23.227232068550467,23.640690437438554,9306300
2022-09-13,22.54732322692871,23.971460655439728,22.41869020419786,23.162916736018673,10450600
2022-09-14,23.328304290771484,23.677448865836915,22.712708937074957,22.86890482540004,8974700
2022-09-15,22.354372024536133,22.99753180757258,22.25330360799541,22.81377136885662,10941400
2022-09-16,21.867414474487305,22.11549061345733,21.555022688925778,21.931731873548742,35834500
2022-09-19,22.216556549072266,22.271683989568523,21.159938218467012,21.362073335266448,12383700
2022-09-20,21.132373809814453,22.16142930555298,20.884297696671716,22.16142930555298,9078600
2022-09-21,21.15074920654297,21.683652450773074,21.012929734365635,21.545832978595744,8826100
2022-09-22,21.104806900024414,21.839846959983763,21.08643225668934,21.54583163698785,7187100
2022-09-23,19.965497970581055,20.28707790859965,19.542851353876948,20.14925843586873,13033000
2022-09-26,18.7894344329834,19.78173697562571,18.76186984062936,19.643915766324977,14415800
2022-09-27,19.074260711669922,19.689855894288943,18.99156869068607,19.101825302821005,9083400
2022-09-28,19.552040100097656,19.634732136546585,19.055887881404075,19.322340388288346,8066300
2022-09-29,19.405031204223633,19.47853503728067,18.927255413118083,19.313150974784932,7510200
2022-09-30,19.25802230834961,19.51528660726683,19.156955630446497,19.285586903670275,8438500
2022-10-03,20.470836639404297,20.608656100457846,20.048188306041283,20.075752899239802,8641200
2022-10-04,21.306941986083984,21.38044581075155,20.69134679731712,20.810789855225877,9193000
2022-10-05,21.78472137451172,21.931730812786153,21.049682945488787,21.049682945488787,6891000
2022-10-06,21.812284469604492,21.977668542854836,21.453953479208565,21.54583371462206,6639300
2022-10-07,21.02211570739746,21.830659630260612,20.92104903139179,21.830659630260612,7364700
2022-10-10,20.553531646728516,21.41720132921059,20.39733576756137,21.040493929890374,6546400
2022-10-11,20.44327163696289,20.819978974120602,20.103315337531313,20.32382857376609,7512900
2022-10-12,20.801605224609375,20.976177495302043,20.1584470866133,20.222762725165936,6162700
2022-10-13,21.940914154052734,22.032794382792634,20.378957275352885,20.378957275352885,7748100
2022-10-14,21.0496768951416,21.885783525007724,20.994549466927722,21.683648453243933,7281700
2022-10-17,21.986860275268555,22.041987724388584,21.47233332771824,21.637715675078333,8602900
2022-10-18,22.216556549072266,22.53813649816162,21.702029682011137,21.950104040479168,11519200
2022-10-19,23.567190170288086,24.40329698423911,23.080227900990955,24.40329698423911,17385500
2022-10-20,23.842830657958984,24.210349844374036,23.585566351233588,24.072530368527108,11755900
2022-10-21,24.504365921020508,24.651373599951064,23.640694492951155,23.85201781235511,11806700
2022-10-24,24.008214950561523,24.485990808401024,23.861207263913965,24.45842796244827,8048100
2022-10-25,23.980649948120117,24.072530182129867,23.649881806672898,23.778513082804725,9144600
2022-10-26,24.283855438232422,24.807570535815575,24.100094955497703,24.136847753032583,8108300
2022-10-27,24.835134506225586,25.46910447544926,24.605434784848075,24.706501470574718,9359800
2022-10-28,25.028079986572266,25.395599169071993,24.421672897330293,25.129148418935827,6770300
2022-10-31,25.41397476196289,25.459914001145243,24.623807230244985,24.770814898592086,8713700
2022-11-01,26.185766220092773,26.360338485584897,25.61611018386726,25.919313722632705,11389800
2022-11-02,25.349660873413086,26.525724053722854,25.202653194933085,26.25927154118425,10568600
2022-11-03,25.992815017700195,26.13982266358403,25.083202799148577,25.09239099607499,7866900
2022-11-04,26.927078247070312,27.250830775459562,26.48307150297271,26.538573448684257,7314500
2022-11-07,28.323848724365234,28.425598774604925,27.121332893321608,27.121332893321608,8421400
2022-11-08,28.61985206604004,28.823353930750905,27.97234340619403,28.33309727319212,8229200
2022-11-09,27.297080993652344,28.286842705148835,27.195329196064115,28.286842705148835,5342700
2022-11-10,28.286846160888672,28.31459713570815,27.41733502405481,27.833590824751628,6427100
2022-11-11,28.6938533782959,29.489361963896663,28.527351047910866,28.980606411559457,7138900
2022-11-14,27.98159408569336,28.638351314881056,27.953843109296447,28.462600423991468,6410000
2022-11-15,28.57360076904297,28.71235388655347,27.963093403545816,28.055594893779755,6400500
2022-11-16,27.96309471130371,28.78635607213637,27.907594520295426,28.508851588456423,5805600
2022-11-17,27.593090057373047,27.620841034594292,26.991832998799925,27.389588184041614,4121500
2022-11-18,26.945579528808594,27.260083525214576,26.63107729672172,27.075082316005776,10765700
2022-11-21,26.566326141357422,26.5940771178527,25.51181373500558,26.390575249844908,6854000
2022-11-22,27.278583526611328,27.454336170850663,26.742077033324097,27.065831347137905,5933300
2022-11-23,26.668075561523438,27.17683106799329,26.298071396425453,26.621825702505827,6649000
2022-11-25,26.362825393676758,26.85308208001235,26.325824090110633,26.54782838286886,2689300
2022-11-28,26.076068878173828,26.316572026390258,25.548812722757397,25.8355657299574,8331400
2022-11-29,26.50157356262207,26.64957523042865,26.288821385689992,26.54782518651103,4771800
2022-11-30,26.843826293945312,27.001078273476942,26.353569707330493,26.843826293945312,17524800
2022-12-01,27.065832138061523,27.71333902029166,26.890079488686304,27.21383381196093,5730800
2022-12-02,27.297080993652344,27.41733167454118,26.64957244152175,26.69582406057043,6461600
2022-12-05,26.566326141357422,27.611589986530028,26.44607543851627,27.4635883071936,7352600
2022-12-06,26.251819610595703,26.77907752745563,26.066818411351342,26.335070767767323,6495600
2022-12-07,25.7893123626709,26.4553215786377,25.632060382714172,26.17781715054523,8315700
2022-12-08,25.974319458007812,26.54782728942649,25.78931647643555,26.48307501085276,6371400
2022-12-09,25.077058792114258,26.24257332942055,25.040057490460487,25.91881899722672,8401700
2022-12-12,26.039066314697266,26.076067611542026,25.31755866941387,25.36380852615088,7562700
2022-12-13,27.065832138061523,27.26933399859343,26.575575490570277,26.6310774415219,8617500
2022-12-14,26.806825637817383,27.537585373178764,26.714324159828493,27.371083065662553,7634400
2022-12-15,26.862327575683594,27.010329234696815,26.43682148278138,26.6773246197576,6016000
2022-12-16,26.24257469177246,26.538578063092626,25.89106936509032,26.399826703326205,53992500
2022-12-19,26.140819549560547,26.769827515847798,25.87256542568903,26.547825015567422,6470200
2022-12-20,26.751327514648438,27.001080995135514,26.094568558291943,26.270321203559046,7202600
2022-12-21,27.149084091186523,27.398837584788275,26.455325562949998,27.241585581148563,5871400
2022-12-22,26.233320236206055,27.22308201486839,25.558060666822726,27.186080717118518,6317500
2022-12-23,26.917827606201172,26.954827138588094,26.261068704223728,26.71432400295684,5648400
2022-12-27,27.16758155822754,27.389584049528075,26.86232791214943,27.19533076694075,3801000
2022-12-28,26.409072875976562,27.093582815633805,26.214821342739125,27.019580215178664,4472300
2022-12-29,26.991830825805664,27.2323339827369,26.344322190658552,26.381323490641403,3719500
2022-12-30,27.315584182739258,27.34333339243141,26.677325895034254,26.732826078737595,3806900
2023-01-03,26.594074249267578,27.787339645064353,26.4090712878929,27.139831044571977,6551000
2023-01-04,25.798566818237305,26.251822182624473,25.32681080281739,26.251822182624473,10198800
2023-01-05,26.64032745361328,26.705079733250933,25.67831652086085,25.76156768750433,5748300
2023-01-06,27.713340759277344,28.10184561872138,26.973332343345476,27.16758565522711,6928300
2023-01-09,28.24984359741211,28.767849388285004,28.037089675238857,28.26834248098983,5574100
2023-01-10,28.55510139465332,28.61060158211792,27.79659059914777,28.15734622846554,6086300
2023-01-11,28.51810073852539,28.814104097457527,28.25909691730018,28.656852092484932,5251700
2023-01-12,29.137859344482422,29.498613228927187,28.379350272409198,28.508851304913627,5542700
2023-01-13,29.258106231689453,29.304357854631146,28.52734823240085,29.063854708291387,4520900
2023-01-17,29.119354248046875,29.433858219824682,28.971352586541908,29.239606700719023,5928300
2023-01-18,28.388591766357422,29.75760603618045,28.351590474685036,29.46160452439485,7127200
2023-01-19,28.203594207763672,28.462598005839315,27.667087726571935,28.268344716202826,5957200
2023-01-20,28.740100860595703,28.823352018891526,27.87984006775156,28.07409335854816,10389600
2023-01-23,28.29609489440918,29.295106995576358,28.120342259075244,28.74935020505439,7178200
2023-01-24,27.889089584350586,28.175842585549777,26.927078775935666,28.138843052001004,8024300
2023-01-25,28.675352096557617,28.703103072451118,27.269334409031746,27.58383841188146,5927600
2023-01-26,29.415359497070312,29.443110472039145,28.323847613082574,28.952853833504307,4927400
2023-01-27,28.95285415649414,29.387610614260424,28.804852483647483,29.322860102929898,5435200
2023-01-30,28.6938533782959,28.980606411559457,28.462600533720952,28.666102401791996,4552400
2023-01-31,29.35985565185547,29.489356656930028,28.555096885579484,28.610597064280167,5036400
2023-02-01,29.591114044189453,29.87786708001226,28.71235428555333,29.036106859392365,7350400
2023-02-02,29.03610610961914,29.563362304049793,28.61985205500928,29.52636276698897,7744300
2023-02-03,29.19431495666504,29.631717175868253,28.952347205064342,29.231539808800303,9233900
2023-02-06,29.464202880859375,29.53865436518941,28.89650920342824,29.212928455596735,5685600
2023-02-07,30.264554977416992,30.357617993256316,29.371135469840876,29.6689413806785,6083100
2023-02-08,30.31108856201172,30.627507807721038,29.9574426873656,30.441378213163777,6354500
2023-02-09,29.948137283325195,30.311088033817448,29.78062100615544,30.199411699079835,8385600
2023-02-10,30.636810302734375,30.701958673360913,30.041198486661386,30.422762528216047,5796500
2023-02-13,30.50652503967285,30.822944306136215,30.21802752180685,30.432075327042806,3851600
2023-02-14,30.208717346191406,30.655426246582433,29.892298097981918,30.106345890869694,5622400
2023-02-15,29.92021942138672,29.92021942138672,29.166396165702466,29.77131468163438,4925700
2023-02-16,30.022586822509766,30.618202221420926,29.948137116475028,30.1435715887087,4898800
2023-02-17,28.46841049194336,29.65963588571999,28.282280913987783,29.594489290891293,9360800
2023-02-21,28.040313720703125,28.514942556209313,27.85418591417299,28.291588123335206,6773600
2023-02-22,27.965862274169922,28.38465294568899,27.75181449764384,28.0310088703443,5977700
2023-02-23,28.356733322143555,28.645234354963033,28.20783036491046,28.4311848007601,4908200
2023-02-24,28.272974014282227,28.393958771431187,27.695975522699044,27.919329949285746,4751300
2023-02-27,28.887205123901367,29.00818812365126,28.245059944293686,28.42188289014056,3912000
2023-02-28,28.47772216796875,29.23154371894098,28.45910885187968,29.15709222964821,5278900
2023-03-01,28.933734893798828,29.0826378576248,28.487026002320913,28.505637541501653,3830100
2023-03-02,29.51073455810547,29.67825084255158,28.794139683066476,28.82205788043189,5038900
2023-03-03,30.041200637817383,30.09704058087017,28.84997692037162,28.92442840271198,4769200
2023-03-06,30.031892776489258,30.162182413894094,29.780618382868642,30.003974582795756,4666100
2023-03-07,29.547958374023438,30.031893866321834,29.52934506084352,29.901604224188898,4133200
2023-03-08,29.25015640258789,29.69686532868584,28.8406723327997,29.408366035797183,3407400
2023-03-09,27.975170135498047,29.62241114765938,27.93794528257287,29.31529856700755,4935100
2023-03-10,27.053834915161133,28.0403175729807,26.93285191304864,28.00309271658589,6255300
2023-03-13,26.18833351135254,26.960768311916436,25.871914265332304,26.37446310609269,8660700
2023-03-14,26.393077850341797,26.932851574252744,25.806770837693332,26.327933021172736,7488600
2023-03-15,24.987802505493164,25.6392525207284,24.578318472303685,25.518269529705524,14303700
2023-03-16,25.40659523010254,25.611338164928153,24.317741047380228,24.382887656228842,12681000
2023-03-17,25.052946090698242,25.164624194250713,24.503865779613673,25.127397568045478,14502600
2023-03-20,25.080867767333984,25.518270004635298,25.05294779577985,25.118092621009474,8112800
2023-03-21,26.09527015686035,26.160414981671117,25.574108008247524,25.657866147308038,9489300
2023-03-22,25.16462516784668,26.179025920300266,25.146011854023932,26.16041438154082,6130100
2023-03-23,24.876123428344727,25.825381105816966,24.643462337301333,25.23907593741544,5711800
2023-03-24,25.146013259887695,25.304222886099645,24.308433616732902,24.31773849910119,7614500
2023-03-27,25.369369506835938,25.620643950068118,25.043643573949424,25.332142874477007,7690500
2023-03-28,25.667173385620117,25.723011554570366,25.239077798562565,25.248382680834784,9917300
2023-03-29,26.216251373291016,26.2534762242053,25.760235855445877,26.09526838899056,11312700
2023-03-30,26.756027221679688,26.886316873173673,26.411688003364098,26.607124255668452,10210400
2023-03-31,26.858400344848633,27.007303320109408,26.60712590844727,26.914238516805554,7258500
2023-04-03,27.835573196411133,28.40326683485712,27.705283551546785,28.08684760441804,8779400
2023-04-04,27.22134780883789,28.0030892212506,26.951460089642975,27.86349292083332,4840600
2023-04-05,27.025915145874023,27.46331738970611,26.895623718406053,27.25857625377557,5246700
2023-04-06,26.53267478942871,27.165513330610615,26.45822330076399,27.007303695315137,4583200
2023-04-10,26.83047866821289,27.091059745910012,26.54197939384122,26.57920424776174,2904900
2023-04-11,27.12828254699707,27.37955694843395,26.579202236477922,26.895621458643642,4545600
2023-04-12,27.22134780883789,27.547073693187063,26.951460089642975,27.360944109255176,3662200
2023-04-13,27.40747833251953,27.60291280479215,27.118977290026628,27.156203918114745,5377900
2023-04-14,27.12828254699707,27.53776655951681,26.8677032640817,27.491235051871417,5395600
2023-04-17,27.12828254699707,27.26787884499648,26.793251786811133,27.249267306976265,5280100
2023-04-18,27.454008102416992,27.686669188030695,26.970072618325318,27.044524094719176,11208200
2023-04-19,28.44049644470215,28.682464236402424,27.695981527980987,27.695981527980987,10417100
2023-04-20,28.003089904785156,28.28228251243461,27.658750698625077,28.096154699022744,8191700
2023-04-21,27.602914810180664,28.28228484657594,27.370253692916794,28.15199518892848,7398900
2023-04-24,28.096155166625977,28.310202954390498,27.50984819571561,27.547074824055528,5856300
2023-04-25,27.258575439453125,27.826267318730572,27.072445848666966,27.78904246561134,6286500
2023-04-26,26.765338897705078,27.43540237039919,26.532677747803326,27.072451544572843,5742100
2023-04-27,26.839784622192383,27.01660755510594,26.4303005894159,26.579203551323108,6118600
2023-04-28,27.2120418548584,27.34233150193736,26.541978530513763,26.66296152064947,5413200
2023-05-01,26.877010345458984,27.30510770610219,26.66296255266907,26.96076848612693,4415300
2023-05-02,25.453123092651367,26.551283699528526,25.22976866371989,26.486137104576535,9776600
2023-05-03,25.555496215820312,25.955673620703582,24.95057766718759,25.164627243679575,9051400
2023-05-04,25.33213996887207,25.834688797693914,25.257688487757353,25.56480106923848,8291500
2023-05-05,26.26278305053711,26.45821928805644,25.778849335142535,26.132493408899713,7325700
2023-05-08,26.160415649414062,26.839785661300574,26.048737536128353,26.644349406816428,4671900
2023-05-09,26.234867095947266,26.560593002915436,25.750931564169605,25.918447846328288,5517800
2023-05-10,25.955673217773438,26.448915416727097,25.750932077202343,26.411688786588666,8941000
2023-05-11,25.462432861328125,25.620642489708672,25.1925451172999,25.462432861328125,7293800
2023-05-12,25.741622924804688,26.067348806693094,25.63925147690921,25.723009611539464,5890000
2023-05-15,25.955673217773438,26.244174276156002,25.871915075025395,25.98359319037726,5758900
2023-05-16,25.536884307861328,25.955673247009848,25.43451284992876,25.88122176171255,8662400
2023-05-17,25.57411003112793,25.974287443834285,25.41590039761759,25.72301300677725,10364600
2023-05-18,26.225557327270508,26.30000880216794,25.294913003521028,25.44381595331589,7945400
2023-05-19,26.216251373291016,26.6257353837275,26.141799896399224,26.597815414244366,5928100
2023-05-22,26.402385711669922,26.607126866257946,26.0766597759126,26.29070758867238,4606900
2023-05-23,26.430299758911133,26.75602564349679,26.197638666358987,26.653654194753603,4124700
2023-05-24,26.728111267089844,27.035223902529403,26.281402301916604,26.495450125845828,5064300
2023-05-25,26.05804443359375,26.32793217440069,25.769545152953857,26.085964405938284,5490900
2023-05-26,26.13300132751465,26.357881731763133,25.880011989729216,26.18922276896971,4485900
2023-05-30,26.048673629760742,26.123633772214514,25.383402588882372,25.420881766513872,6324500
2023-05-31,25.5333194732666,25.898749895661926,25.26158787606662,25.71135045808071,17917300
2023-06-01,26.807645797729492,26.957566075450938,25.477101992558662,25.533321649906533,7824600
2023-06-02,27.716537475585938,27.988269093702883,27.12622661033873,27.46354633882685,6115000
2023-06-05,27.800867080688477,28.128818346560045,27.3229955425083,28.110077865723813,5330300
2023-06-06,28.662912368774414,28.78472193184995,27.31362799764668,27.31362799764668,7652900
2023-06-07,28.709760665893555,29.1407828148602,28.653541007225115,28.72850114784661,7931500
2023-06-08,28.38180923461914,28.87841946221652,28.250627657073093,28.77534860568547,6334300
2023-06-09,28.119447708129883,28.606689479831594,28.01637685218013,28.4661376627399,5395300
2023-06-12,27.913311004638672,28.306850418900275,27.529138257362284,27.622838883839677,7995800
2023-06-13,28.26936912536621,29.084562191374598,28.24125840336914,28.55046919657425,6964800
2023-06-14,28.05385971069336,28.784720630485772,27.735278668202564,28.541099728158063,6991200
2023-06-15,28.334959030151367,28.550469203945887,28.044488718202636,28.044488718202636,7899400
2023-06-16,28.644166946411133,28.83156816656938,28.344326423910328,28.47550620570681,12506500
2023-06-20,27.922677993774414,28.475509695075306,27.444808219474993,28.40991979613973,5879800
2023-06-21,28.569210052490234,28.88779109053811,27.650947901500814,27.707167559041412,7810700
2023-06-22,28.25062370300293,28.550464203100272,27.950783202905587,28.353694545107775,4154400
2023-06-23,27.894569396972656,27.978899778682354,27.369846624736606,27.81023901526296,7952900
2023-06-26,28.606691360473633,28.88779143875573,27.8008685148519,27.857088173070178,5417100
2023-06-27,29.018970489501953,29.178261006342872,28.381810209328954,28.456770347419344,6083600
2023-06-28,29.16888999938965,29.48747102470207,28.681650008197664,29.047080448389305,5793700
2023-06-29,29.384403228759766,29.393773469580065,28.728500668864317,29.197001986735152,6863000
2023-06-30,29.61865234375,29.92786312593875,29.421880871162287,29.67487199855052,6827900
2023-07-03,29.609283447265625,29.7966829008362,29.234482752933793,29.637392382346334,2951200
2023-07-05,29.553064346313477,29.815423943689897,29.11267195839039,29.75920428527934,5493800
2023-07-06,29.609283447265625,29.66550310461773,29.07519223444393,29.281332169528767,7177900
2023-07-07,31.024160385131836,31.145971738592955,29.393775879720934,29.403144334118704,10408800
2023-07-10,31.136594772338867,31.239665626278338,30.780532797197363,30.939825091753214,7770900
2023-07-11,31.886201858520508,31.979904276444667,31.174081354205722,31.324001648502612,7654600
2023-07-12,32.27036666870117,32.71075901282469,31.942417204597117,32.111077950245225,8360600
2023-07-13,32.4952507019043,32.720129325966724,32.10170774822313,32.223519087979355,6832100
2023-07-14,32.186031341552734,32.35469206123927,31.970521216260053,32.23288432153941,5212700
2023-07-17,32.467140197753906,32.71075929110646,32.0361163027746,32.05485678293728,8186700
2023-07-18,32.832576751708984,33.07619589052218,32.298485477742325,32.33596287068005,11003000
2023-07-19,32.98249435424805,33.61028442088525,32.13919053030697,32.401553705745016,12991600
2023-07-20,32.47651290893555,33.376034628401754,32.354701559096924,33.23548637032479,10701500
2023-07-21,33.197998046875,33.32917782175729,32.251623543428536,32.6451664424562,23644200
2023-07-24,33.58216857910156,33.882009082759375,33.33854951027237,33.35728641416783,8685400
2023-07-25,33.48847579956055,33.66650501370933,33.282334075738824,33.45099483625089,7351400
2023-07-26,33.29170227050781,33.450994576144545,32.879422400451546,33.05745161321602,7789500
2023-07-27,32.47651290893555,33.469737041501304,32.27974320299886,33.347925691662674,8116600
2023-07-28,33.18863296508789,33.226113929863,32.73887211093124,32.73887211093124,5800200
2023-07-31,33.53532791137695,33.54469636576651,33.13241645937401,33.3010772334395,6252100
2023-08-01,33.51658248901367,33.55406344981185,33.02934072178081,33.25422291218873,5300000
2023-08-02,33.31981658935547,33.376034462554266,32.81383428427689,33.28233562430189,5751300
2023-08-03,33.404136657714844,33.89137475541686,33.216735464701515,33.35728367867617,5120800
2023-08-04,33.282325744628906,33.65712456076303,33.20736383677378,33.50720431943328,5642700
2023-08-07,33.53675842285156,33.65925952983108,33.30118130653331,33.43310391653208,5232400
2023-08-08,33.59328842163086,33.63097801733083,32.66982323188218,32.7357881122532,4898900
2023-08-09,34.026756286621094,34.375409381851,33.64040999336059,33.923101789347584,5588300
2023-08-10,33.2917594909668,34.224642849841004,33.00906407834165,34.00791233621749,6220100
2023-08-11,33.43310546875,33.602721287943716,33.12214552997598,33.16926023650275,5137100
2023-08-14,33.2917594909668,33.37656380120855,33.1221436812403,33.35772079534693,4881200
2023-08-15,33.08445358276367,33.282337514460615,32.76406853374974,33.11272168882843,4530000
2023-08-16,32.9525260925293,33.565024399367125,32.93367949306365,33.14098489794321,5074700
2023-08-17,32.85829162597656,33.56502289854188,32.83944502735362,33.461368403426256,5196700
2023-08-18,33.22579574584961,33.320028751537734,32.537910980123584,32.60387228679446,4144600
2023-08-21,33.02791213989258,33.4425301796196,32.726373708066546,33.31060397040177,3910100
2023-08-22,33.15040969848633,33.24463910035049,32.990215401771735,33.018487098028,4067300
2023-08-23,33.41426086425781,33.56503009092739,32.61330002156732,32.8488771629024,4288700
2023-08-24,33.1975212097168,33.75348325438815,33.150406513311616,33.159828014744285,4935500
2023-08-25,33.34829330444336,33.54617720338197,33.0467549075975,33.536755701127326,3447000
2023-08-28,33.92310333251953,34.14925893636973,33.35771971482609,33.35771971482609,4512200
2023-08-29,34.017333984375,34.130413587756415,33.66868086050274,33.923104576178666,5790700
2023-08-30,33.970218658447266,34.31887177593738,33.89483585219439,34.13983446579304,6897800
2023-08-31,34.10213851928711,34.234064710193834,33.72521732913136,34.13983171668903,10010600
2023-09-01,34.686370849609375,35.08213862197258,34.44136867132843,34.4507937675967,8386800
2023-09-05,34.931373596191406,35.41195291375772,34.86541229293665,35.09156790025399,9233700
2023-09-06,35.072715759277344,35.157523649295655,34.69579100483578,34.8654067848724,7775400
2023-09-07,35.053871154785156,35.289448241047666,34.921948561617526,35.0161779582741,8073400
2023-09-08,34.818302154541016,35.35541774838673,34.76176234664393,35.23291662858732,8085100
2023-09-11,34.62041091918945,35.38367839444631,34.37540873124885,35.18579450046276,6655600
2023-09-12,34.95963668823242,35.10098437187357,34.61098362177076,34.87482879697192,8937300
2023-09-13,34.149261474609375,34.98791546085922,34.017335265695166,34.95964376163821,7171100
2023-09-14,34.563873291015625,34.72406399772893,34.41310408691195,34.629834593147145,6567500
2023-09-15,34.07387161254883,34.507332613996624,33.89483431054769,34.39425661244965,12204900
2023-09-18,34.356563568115234,34.52617936850854,34.0361785667747,34.318870369223106,7906700
2023-09-19,34.092716217041016,34.74290768116801,33.81944593422288,34.54502379138428,7427200
2023-09-20,33.73463821411133,34.43194797480735,33.72521671224376,34.017330000212546,6240300
2023-09-21,33.03733444213867,33.932524563893715,33.027909344967014,33.82887365735487,7114700
2023-09-22,33.35771942138672,33.5650248289193,33.13156381952595,33.13156381952595,5006000
2023-09-25,33.82887268066406,33.96079528028773,33.27291058609199,33.29175718526984,5353800
2023-09-26,33.64982986450195,33.96079334124964,33.56502197035449,33.612136668298405,6450200
2023-09-27,34.1586799621582,34.337717266516876,33.7346404574968,34.07387206122593,6932300
2023-09-28,34.47906494140625,34.72406354691093,34.111565235838576,34.15867993751778,5879800
2023-09-29,33.282325744628906,34.48847910514348,33.14097807504711,34.43194291300721,8094600
2023-10-02,32.56617736816406,33.31059822127926,32.12329130021093,33.16925412773026,6952700
2023-10-03,32.537906646728516,32.82060203152193,32.302329555814765,32.34002275307004,5839400
2023-10-04,31.228103637695312,32.142144048277515,31.12444912582042,32.07618273974289,7840900
2023-10-05,31.425983428955078,31.539063024099356,30.89829303010008,30.983100929147668,6898100
2023-10-06,31.78407096862793,32.01022663078341,31.124454181515276,31.44483927270586,6259300
2023-10-09,32.79233169555664,32.961947495615036,32.4719466948487,32.83002489437435,6507900
2023-10-10,32.88656997680664,33.12214711533786,32.64156773974593,32.75464375974679,6256800
2023-10-11,32.88656997680664,32.9054129846219,32.30233608512148,32.57560642852694,3845200
2023-10-12,32.76406478881836,33.26348711019484,32.45310127916186,33.26348711019484,3978700
2023-10-13,32.839447021484375,33.35771952853391,32.773485719609226,33.320026328999155,6614200
2023-10-16,33.14098358154297,33.32002447204428,32.78290898978265,33.0750222833439,5747300
2023-10-17,33.55560302734375,33.73464033103124,32.971372820123406,32.99964092212108,4621400
2023-10-18,33.65925598144531,33.932522675654134,33.43310039198782,33.72521727949101,5061900
2023-10-19,33.527339935302734,34.045608918892036,33.15983658131069,33.527339935302734,4229700
2023-10-20,32.830020904541016,33.508484022320964,32.45309615141419,33.40482953548005,5258300
2023-10-23,32.66983413696289,32.98079766897448,32.424835507341186,32.650991130133406,6111500
2023-10-24,32.49079513549805,32.99964256450942,32.39656572773512,32.773486953408316,6887200
2023-10-25,32.057334899902344,32.70752645661159,32.0007950970757,32.40598803077934,7625300
2023-10-26,32.99964141845703,33.54617843481987,32.25521690127015,32.39656460262713,9540400
2023-10-27,32.80175018310547,33.33886557685596,32.71694230016483,33.150403215363376,6111700
2023-10-30,32.9431037902832,33.42368313087502,32.69810516568736,33.02791169776284,8112900
2023-10-31,32.43425369262695,33.07502369792678,32.17983358561851,32.99964089445572,6800800
2023-11-01,32.830020904541016,33.22578866016542,32.29290546783884,32.50021444152068,9178100
2023-11-02,33.46136474609375,33.6498271171031,32.95252101737548,32.980789114909626,10112400
2023-11-03,33.34765625,33.679334467383306,33.12022326977686,33.66985598446782,5519100
2023-11-06,33.11074447631836,33.78357577270799,32.96859976875757,33.499279127622394,4190700
2023-11-07,32.0872917175293,32.76959794284624,32.03991014410058,32.627449607577766,9759200
2023-11-08,31.97356605529785,32.40000370892982,31.812464413830043,31.87879932061641,10744900
2023-11-09,32.14414596557617,32.37158256348504,31.99252277196429,32.18205266772466,7238600
2023-11-10,32.542152404785156,32.69377556716405,32.324194334801824,32.617962178483936,10032600
2023-11-13,32.66535186767578,32.80749656862089,32.42844041778543,32.53268203413428,7519100
2023-11-14,32.88330841064453,33.02545310485862,32.59901540723469,32.87382992870793,12074200
2023-11-15,32.84540557861328,33.34765673091603,32.67482903349497,32.71273573573951,8082200
2023-11-16,31.4997501373291,32.807498827998586,31.04487694102953,32.57058736179268,7517200
2023-11-17,31.945144653320312,32.18205614487265,31.73666499894235,31.916716431128428,7981600
2023-11-20,32.096763610839844,32.286293501967535,31.964093771545055,32.03042869119245,7449000
2023-11-21,32.134666442871094,32.25786139951804,31.916708359561298,32.030424834553024,7752500
2023-11-22,31.82195281982422,31.8598559105372,31.073311649760903,31.509227920310774,6071600
2023-11-24,32.1157112121582,32.37157597712887,31.831418233851238,31.831418233851238,2408200
2023-11-27,32.1915283203125,32.26733810296182,31.736658779471252,32.077808223865866,4431400
2023-11-28,32.04938507080078,32.41896640518893,31.850380293050595,32.21996162743875,5723700
2023-11-29,31.59450912475586,32.1915269533124,31.404979253708206,32.10623869209004,5604400
2023-11-30,31.98304557800293,32.400008426367144,31.367074365322736,31.831422395417597,9304800
2023-12-01,32.02095031738281,32.60848966206479,31.708225489015266,31.907230226168288,5961000
2023-12-04,31.98304557800293,32.04938049444765,31.38602771501863,31.774562346329912,6720400
2023-12-05,31.082775115966797,31.916704260426368,30.978533521036713,31.897750914531706,5627400
2023-12-06,30.19199562072754,31.101734716742612,30.00246573864561,30.940636666711157,7469800
2023-12-07,30.068801879882812,30.561578147374753,29.77503217743188,30.485764745461235,8725800
2023-12-08,30.55210304260254,30.59000612828327,30.0877549969396,30.191996616270995,8444300
2023-12-11,30.807964324951172,31.234405671201774,30.751107888772392,30.779536106861784,6024100
2023-12-12,30.608957290649414,30.665817337579007,30.173041109134275,30.51419416074845,5850000
2023-12-13,30.893245697021484,31.06382219743907,30.44785471480325,30.646859426963385,7659900
2023-12-14,31.78403663635254,32.03042291993716,31.215447065418168,31.26283224089871,7770000
2023-12-15,31.82195281982422,31.840902557689496,31.177553282932053,31.72718605558571,19893100
2023-12-18,32.286293029785156,33.025455617892824,32.16309806010656,32.551632704494175,5717300
2023-12-19,32.286293029785156,32.62744610582929,32.12519497442095,32.447394700131305,6660500
2023-12-20,32.24837875366211,32.86434984237557,32.191522330998836,32.352620348519565,4771300
2023-12-21,32.25786209106445,32.33367187102363,31.95461574126445,32.24838360920603,5286500
2023-12-22,32.33367919921875,32.608497395692325,32.21996269601613,32.58954404266148,6369500
2023-12-26,32.95911407470703,33.053880807328596,32.6463928945089,32.722202665624934,2872900
2023-12-27,32.684303283691406,33.09178762761062,32.63691810453142,32.90226137089717,2961200
2023-12-28,32.409488677978516,32.627446788907164,32.31472192432562,32.56111186884114,2928000
2023-12-29,32.39052200317383,32.50423844579721,32.22942039572521,32.4284286890418,5068500
2024-01-02,32.15361785888672,32.83592389779615,31.973566483055105,32.62744069368908,4721100
2024-01-03,32.14414596557617,32.40948926563353,32.0209546060667,32.24838758899349,6801700
2024-01-04,31.509218215942383,32.409482316537,31.45235817491132,32.333668928495584,7345200
2024-01-05,31.67032241821289,31.793517390310384,31.38602938758807,31.717707602468707,5629300
2024-01-08,30.741628646850586,31.0543534980382,30.239377526438577,30.988018580813286,8993500
2024-01-09,29.964557647705078,30.68476859223935,29.841362695256855,30.65633676322426,7333600
2024-01-10,29.594980239868164,29.983514903984958,29.33911541984265,29.983514903984958,8471200
2024-01-11,29.538116455078125,29.85083946286566,29.405446635862422,29.699216295907508,8339800
2024-01-12,29.869794845581055,30.1161829605467,29.253825461912374,30.030894697385865,12546200
2024-01-16,29.06429672241211,29.765554396647314,29.016915155466982,29.68026613015335,7541100
2024-01-17,29.17801284790039,29.301205997308557,28.5620416783872,28.72314152453067,7311200
2024-01-18,29.25382423400879,29.358064034337104,28.91267119568506,29.121152603832464,5717900
2024-01-19,29.092727661132812,29.386497361902514,28.979009366404327,29.367544011532605,9750400
2024-01-22,29.358064651489258,29.519164499918613,28.855813565055417,28.997960064848186,7177200
2024-01-23,29.8792724609375,30.00246561855401,29.149584767580997,29.149584767580997,14531600
2024-01-24,28.46727752685547,29.471781456803857,28.107171150795192,28.666282255080315,20069600
2024-01-25,28.713665008544922,28.997959813153667,28.154553881054262,28.865288181339935,21034700
2024-01-26,28.88424301147461,28.988484625927466,28.287226963905717,28.675761590059782,12352600
2024-01-29,28.42937469482422,28.732621069037123,28.26827483258724,28.637856125222847,11490300
2024-01-30,27.803926467895508,27.983979666611422,26.856280717271915,27.23533865602319,23727200
2024-01-31,27.007904052734375,27.946073134509405,26.941569138996368,27.889214895232662,10664400
2024-02-01,27.1310977935791,27.368009237771165,26.884711482211326,27.159527817578866,11208700
2024-02-02,27.472251892089844,27.614398402490526,27.083717253498868,27.19743554631398,12945800
2024-02-05,27.29219627380371,27.42486790496522,26.837326757654832,27.178479798511884,11840600
2024-02-06,27.851308822631836,28.06926872515228,27.282722802118336,27.349057717345516,13403700
2024-02-07,27.595447540283203,28.135605377617704,27.56701751450576,27.92712213689843,9040000
2024-02-08,27.784971237182617,27.917641054887003,27.39643665034203,27.47224823295749,9029100
2024-02-09,27.538585662841797,27.917643610620143,27.320627568805605,27.77549710613962,7661400
2024-02-12,28.15903663635254,28.254491361961193,27.634038376476138,27.662673519705514,9720400
2024-02-13,27.691312789916992,28.206765438098444,27.3954047544675,28.092221214345948,9740500
2024-02-14,27.53858757019043,27.89176773836575,27.328586779834353,27.872678247045148,8119000
2024-02-15,27.872676849365234,28.05403884202669,27.481314076878224,27.595858301648867,10899100
2024-02-16,27.824949264526367,27.98722177086416,27.624495955863743,27.872677543241995,7398700
2024-02-20,27.729494094848633,27.767676717225054,27.357222629916738,27.548132100503558,8362400
2024-02-21,28.006311416625977,28.0635835270307,27.681766423253272,27.805856299238098,10578100
2024-02-22,27.872676849365234,28.130402265422994,27.691313036056155,27.95858592826703,9427400
2024-02-23,28.53131103515625,28.722220506257486,27.567221665325533,27.681767712115803,13039800
2024-02-26,28.483583450317383,29.008581744094748,28.32131095249841,28.37858306330288,9822900
2024-02-27,28.369035720825195,28.684035042486688,28.18767374395621,28.684035042486688,6600300
2024-02-28,28.13994789123535,28.397675127668784,27.863131164458707,28.25449393653275,6079000
2024-02-29,28.244945526123047,28.50267273741866,28.03494658764928,28.397672357858053,12879500
2024-03-01,28.598129272460938,28.760401779361718,28.168585686416055,28.244949111978325,6445700
2024-03-04,28.09221839904785,28.66494492235663,28.025400638447188,28.63630795896459,6157400
2024-03-05,28.798582077026367,28.81767338703726,27.968128298027818,28.10176564745654,8765100
2024-03-06,29.170854568481445,29.457218767004782,29.027673379543575,29.084945490989202,10371600
2024-03-07,29.428579330444336,29.64812392309492,29.18994342869871,29.24721553533638,9733000
2024-03-08,29.209035873413086,29.504943893300997,29.05630903600981,29.314034436223142,5548500
2024-03-11,29.877216339111328,29.96312541562778,29.132673436832203,29.27585462414376,6927000
2024-03-12,30.05858039855957,30.18267209707474,29.705400254949662,29.98221697664546,7136800
2024-03-13,30.306764602661133,30.497674084322824,29.953582607781332,30.259038142569587,6897800
2024-03-14,30.488128662109375,30.7458540974881,30.316310491425046,30.316310491425046,6947300
2024-03-15,30.850852966308594,30.9749446703852,30.469035839626095,30.478581495374115,15268400
2024-03-18,30.91767120361328,31.060854221351974,30.62176497418657,31.013127762537543,5899400
2024-03-19,31.709951400756836,31.805404339890192,30.936769485110275,30.936769485110275,6548000
2024-03-20,31.87220573425293,32.02493254309944,31.46175175273525,31.585843422827523,7429500
2024-03-21,32.22539520263672,32.578579009730156,31.853123724998884,31.92948897235814,6084300
2024-03-22,31.919939041137695,32.368575731634486,31.900847730766007,32.27312282107119,6636500
2024-03-25,31.776758193969727,32.234938697646,31.72903174091292,32.11084700666233,10277000
2024-03-26,31.337671279907227,31.834030797367138,31.213579579894635,31.75766919517916,8057600
2024-03-27,31.585853576660156,31.709945286643908,31.194490775599576,31.194490775599576,9346600
2024-03-28,31.977209091186523,32.15857105576299,31.614481520738913,31.91993516702279,13250300
2024-04-01,31.919939041137695,32.149031124302795,31.738577054549374,32.149031124302795,6485200
2024-04-02,32.063114166259766,32.234932276072065,31.805387001541305,32.177658359036556,7867400
2024-04-03,32.339942932128906,32.59767017889524,32.17766860284844,32.25403384987346,7584300
2024-04-04,32.37812423706055,32.75994321698544,32.158579598057216,32.37812423706055,6014100
2024-04-05,32.750396728515625,33.04630295476019,32.15857699343576,32.33994263279377,5151100
2024-04-08,32.6931266784668,32.950853953471515,32.59767375052244,32.83630971167913,4433800
2024-04-09,32.63584518432617,32.9412988526149,32.464027040751894,32.81721080326288,3373000
2024-04-10,32.59767532348633,32.71221957080592,32.18722115918715,32.34949187278191,4281500
2024-04-11,32.44493865966797,32.72175353708159,32.00584583501852,32.71220970322382,3724000
2024-04-12,31.547666549682617,32.66448450110433,31.509483930200933,32.540392808436366,4841000
2024-04-15,30.974943161010742,31.872212909829738,30.86039893891144,31.71948606659895,7537400
2024-04-16,30.64084815979004,30.946301821047776,30.47857749531337,30.898575369219042,5852400
2024-04-17,30.564489364624023,31.070396354677026,30.507215432406717,30.72676004396359,5613700
2024-04-18,30.736305236816406,31.089485356016755,30.545395784901785,30.64084869021163,5714100
2024-04-19,31.118118286132812,31.289936416506237,30.659937818901906,30.774485666680636,7513500
2024-04-22,30.984487533569336,31.261306079635744,30.430852262084134,30.927217242172997,4991600
2024-04-23,31.499940872192383,31.64312387812948,30.6503975949132,30.764941814885816,7404300
2024-04-24,31.1849422454834,32.24448637974566,30.86040086944887,31.27085132775589,11447000
2024-04-25,31.786298751831055,31.929481737538485,31.146756335938935,31.471301281087133,8729900
2024-04-26,31.347213745117188,31.71948518759498,30.965394826973515,31.604940968669904,8318500
2024-04-29,31.709951400756836,31.719495238151683,31.194496790325797,31.423585300764334,5156900
2024-04-30,31.137210845947266,31.59539133159902,31.02266663485803,31.54766488041974,9583200
2024-05-01,30.440397262573242,31.242214096527075,30.306761730463464,31.165852495876553,4941700
2024-05-02,30.478580474853516,30.88903455503676,30.316307973865896,30.669489942126337,5191200
2024-05-03,30.670753479003906,30.814882592753605,30.32484213984373,30.5746667922704,3701600
2024-05-06,30.747621536254883,31.074315161693676,30.66114370406808,30.853317071750098,3131200
2024-05-07,30.882143020629883,30.997445579657988,30.622711346466087,30.64192721783668,7787200
2024-05-08,30.65153694152832,31.208837546548793,30.593885660374806,30.68036349845567,6416500
2024-05-09,31.497098922729492,31.5067096086972,30.776451422066167,30.786062108033878,3817000
2024-05-10,31.074316024780273,31.631614774594716,30.94940278250719,31.564354643848183,4484000
2024-05-13,31.14157485961914,31.49709320239965,30.987836900681454,31.352965927684235,4209900
2024-05-14,31.35296630859375,31.49709358506018,31.11275051574759,31.285706179828995,3282600
2024-05-15,31.641223907470703,31.650830926219538,30.6227094788993,31.324137307728535,6979200
2024-05-16,31.727703094482422,31.939094170016197,31.516312018948646,31.573965130113002,9974900
2024-05-17,32.15048599243164,32.23696383834516,31.54514473643967,31.76614286146252,5954600
2024-05-20,31.814178466796875,32.22734990133205,31.746918341677375,32.18891449686322,6124700
2024-05-21,31.727703094482422,32.21774171047176,31.698878371601342,31.775745521084954,4517900
2024-05-22,30.834096908569336,31.823784724883875,30.670750108881368,31.766135284959894,4717800
2024-05-23,30.565059661865234,31.09353555231469,30.536234937112447,30.853319738301632,4517100
2024-05-24,31.103137969970703,31.16079107634816,30.59388169254311,30.747619644147775,4698600
2024-05-28,31.14157485961914,31.410615371409573,30.949401494596515,31.11275013775647,4978100
2024-05-29,30.68036460876465,31.05510069887581,30.488191221030014,30.99744758293467,4699600
2024-05-30,31.208839416503906,31.25688184822689,30.603496346368402,30.622714052138114,5344700
2024-05-31,32.169700622558594,32.21774305116033,31.122359551270353,31.228055093435586,11234900
2024-06-03,30.891752243041992,32.20813375372247,30.62270989687687,32.16969834739844,7403200
2024-06-04,30.39210319519043,30.72840569263653,30.007758269266812,30.72840569263653,5407600
2024-06-05,30.507408142089844,30.680363820064596,30.31523475929541,30.497799289680003,4661400
2024-06-06,30.507408142089844,30.59388598107722,30.171105638550188,30.382496726164305,8449300
2024-06-07,30.401708602905273,30.60349081159143,30.28640605454258,30.478577579380726,6770500
2024-06-10,31.170400619506836,31.314531564424115,30.401710799219785,30.507406336772164,11739400
2024-06-11,30.97823143005371,31.026273857359858,30.507406845488088,30.862925206036262,7952700
2024-06-12,30.97823143005371,31.32413910589931,30.709187239415247,31.151183435275385,6306800
2024-06-13,30.39210319519043,31.01666392890395,30.065411382681233,31.01666392890395,4681300
2024-06-14,29.87323760986328,30.37288692333293,29.719499641518947,30.315233810677945,5243300
2024-06-17,30.776443481445312,30.87253198931696,29.719495552669677,29.796364526266103,5642100
2024-06-18,30.882143020629883,31.21844734378173,30.757229776864783,30.78605816567351,5903500
2024-06-20,31.67966079711914,31.75652794691634,30.862924879935385,30.91096730673391,5775000
2024-06-21,31.641223907470703,31.91026441726257,31.497092968423893,31.900657398513736,14462800
2024-06-24,33.06330108642578,33.17860363895555,31.823786734174103,31.862222140151378,6892100
2024-06-25,33.486083984375,33.55334412102909,32.87113206902181,33.053698438856536,6342200
2024-06-26,33.12095642089844,33.48608180601036,32.94800074778129,33.47647478657154,5758100
2024-06-27,33.072906494140625,33.39960009822914,32.91916854312261,33.25547283093831,5117600
2024-06-28,33.793556213378906,33.91846945284079,33.27469288292596,33.38999543798194,10110700
2024-07-01,33.57255935668945,34.05299096339,33.34195423809847,33.966513127567815,4998800
2024-07-02,33.33234405517578,33.918471210639275,33.207434474642696,33.72629783198533,4665300
2024-07-03,33.12095642089844,33.57255964256893,33.024867899498744,33.332343837173156,2796600
2024-07-05,32.8807373046875,33.28429805772411,32.61169313726116,33.10173538355068,3822100
2024-07-08,32.832698822021484,32.899962628511595,32.582875964468954,32.803874094527714,4252800
2024-07-09,32.12165451049805,32.83269116923332,32.044783701228326,32.66934619763806,4475200
2024-07-10,32.5156135559082,32.65974451413168,32.006357190216306,32.1408774630102,3274900
2024-07-11,33.15938949584961,33.23626031605676,32.39069962079039,32.51561287092578,6845900
2024-07-12,33.1497802734375,33.438038499256514,33.01526001241544,33.36117134955914,4748000
2024-07-15,34.312416076660156,34.79284756582785,33.14977275257068,33.25546826665179,8736500
2024-07-16,34.879329681396484,35.17719856095458,34.062597515262304,34.168293042376526,8267700
2024-07-17,34.74481201171875,35.17720117044216,34.61989877355374,34.91776767520812,4747300
2024-07-18,34.48537826538086,35.12915848932631,34.4469428592404,34.715987036821545,4572700
2024-07-19,34.5238151550293,34.927375940639145,33.78395004934235,34.322034762224376,5022900
2024-07-22,34.26438522338867,34.55264348108217,34.11064724159197,34.39890549928546,3784200
2024-07-23,34.25476837158203,34.42772400963816,33.88963939508558,34.21633297081365,3992100
2024-07-24,33.53413009643555,34.3989048532756,33.48608399988676,34.322037696522116,4957100
2024-07-25,34.18751907348633,34.43734192674803,33.44765386883048,33.62060956162809,7021800
2024-07-26,36.17649841308594,36.30140798125018,34.8601132821695,34.89854868717479,10250200
2024-07-29,36.96440887451172,37.07971143343927,35.907457143901986,36.3014109135232,13529800
2024-07-30,36.743404388427734,37.15657212487566,36.41671080709092,37.002834184564314,9968900
2024-07-31,37.20462417602539,37.52170712515627,37.00284011886696,37.15657808383392,7336200
2024-08-01,36.17649841308594,37.07010141974812,35.9554966670065,36.91635979972696,8541200
2024-08-02,34.341251373291016,36.195713922715704,33.98572936063154,36.061193665126545,8698300
2024-08-05,33.15938949584961,34.20673059605606,32.909566660981284,33.6782565360405,8537300
2024-08-06,33.07238006591797,33.59442379559378,32.77269116350077,33.04337886577265,7351300
2024-08-07,33.101383209228516,34.30981565616841,32.98537103907521,33.75876706754811,7056000
2024-08-08,34.02946090698242,34.14546939769108,33.06271487944226,33.08205024253427,5944600
2024-08-09,33.903785705566406,34.07780029999815,33.71043574643738,33.836113773047806,6919200
2024-08-12,33.98113250732422,34.53217758038618,33.9521276117959,34.17447880901,3971700
2024-08-13,33.66209411621094,33.87477940805173,33.35273570326607,33.75876723731502,4209800
2024-08-14,33.59442901611328,33.96179358902967,33.46875098288116,33.749108253997456,4057900
2024-08-15,33.913448333740234,34.18413600875594,33.62342161011714,33.816771529918206,6022800
2024-08-16,33.778106689453125,33.97145664291811,33.48808360317746,33.855448145976574,4875000
2024-08-19,33.990787506103516,34.309815440252684,33.681429096661184,33.82644246451865,4639800
2024-08-20,33.07238006591797,34.01012487427895,33.05304470320664,33.90378222328832,5306700
2024-08-21,33.304405212402344,33.5267563817395,33.120721085847926,33.43008324301686,5082800
2024-08-22,33.46874237060547,33.60408620794655,33.17871933518272,33.34306805755617,5329800
2024-08-23,34.048797607421875,34.193807304542446,33.64276234222842,33.81677692904797,3101100
2024-08-26,34.251808166503906,34.638508008804266,33.98112048959946,34.454823924182236,3191200
2024-08-27,34.222808837890625,34.28081123591293,33.932782096406285,34.126132028114775,3608300
2024-08-28,33.79743957519531,34.000455351916635,33.575088435761,33.66209572404777,3496500
2024-08-29,34.087467193603516,34.54183905844525,33.459084416787256,34.12613792419512,4783200
2024-08-30,34.00045394897461,34.06812955959928,33.555751688455494,33.932782026193145,6170900
2024-09-03,32.85969924926758,33.41074419246227,32.608343215763384,33.41074419246227,4791700
2024-09-04,32.927371978759766,33.55575470214403,32.85003052415298,33.16905849264068,5825500
2024-09-05,32.9757080078125,33.31406764660695,32.811359263366995,33.29473228326963,4806100
2024-09-06,32.81135559082031,33.439741921496385,32.46333015323312,33.03370671254674,8507800
2024-09-09,32.569671630859375,33.082049522029955,32.53100459336092,32.92737030850607,6310000
2024-09-10,32.06696701049805,32.59868032644581,31.815614642104016,32.46333645978412,5434300
2024-09-11,31.834945678710938,32.20231018673371,31.17755811186736,32.20231018673371,14656100
2024-09-12,32.18297576904297,32.627678051476984,31.76727468698927,32.115303842926636,11432800
2024-09-13,32.2893180847168,32.79202276267757,32.03796205789307,32.221646159305024,7288600
2024-09-16,32.85002517700195,32.93703245535025,32.53100094828684,32.65667525980098,5487500
2024-09-17,33.57508850097656,33.61375922647765,32.76302170467058,32.8306936303758,5497100
2024-09-18,33.517086029052734,34.04879934245349,33.275399500359214,33.546090920229716,4930000
2024-09-19,35.15088653564453,35.817939974315074,34.22281122414374,34.406491643760525,13646400
2024-09-20,34.841529846191406,35.23789559418417,34.58050796026783,35.199224865637646,12710300
2024-09-23,35.23789596557617,35.42157639634261,34.70618634991023,34.93820334794744,6891000
2024-09-24,35.13154983520508,35.9049458986863,34.88019749751493,35.78893741112495,6221700
2024-09-25,34.8511962890625,35.44091200217561,34.522502466401605,35.29589861153203,7287900
2024-09-26,33.6137580871582,34.464495580130006,33.05304364992765,34.04879451469169,14136700
2024-09-27,34.976871490478516,35.04454341722223,33.7491035958029,33.7491035958029,9948100
2024-09-30,34.94786834716797,35.27656212501338,34.648175768359636,34.77385377725903,5942900
2024-10-01,35.527915954589844,35.7986036579435,34.570835779692665,34.67717843110828,7050000
2024-10-02,35.9822883605957,36.43665648625358,35.60525799953863,36.06929565067375,4484100
2024-10-03,36.30131530761719,36.7170164255323,35.75993985198352,36.04996294433637,5916300
2024-10-04,36.668678283691406,36.76535141437699,36.2336418199192,36.63000755627976,4582800
2024-10-07,36.69767761230469,37.02637140284033,36.52366303567739,36.73634833774261,4553400
2024-10-08,36.21430587768555,36.4173216615882,35.71159749289555,36.349649733620645,5199300
2024-10-09,36.339988708496094,36.59134109025697,35.87595098904558,36.04029606791923,3345800
2024-10-10,36.35932159423828,36.77502271436014,36.16597163569541,36.49466545886517,3149500
2024-10-11,36.446327209472656,36.581671067854465,36.252977259851406,36.35931991653527,4836000
2024-10-14,36.38832092285156,36.446327013779545,36.04996127871381,36.15630393482668,2987800
2024-10-15,35.112220764160156,35.68260115465081,35.073550032096115,35.33457194176241,5208700
2024-10-16,35.518245697021484,35.682590728507485,35.14121170132913,35.14121170132913,3188400
2024-10-17,35.653594970703125,35.769603462851336,35.27656460533884,35.67293033403507,4010100
2024-10-18,35.18955993652344,35.71160003401352,34.79319417829081,35.50858423566495,6345600
2024-10-21,35.23789596557617,35.682598285017235,35.0735472114431,35.37323982907183,5129200
2024-10-22,34.78351974487305,35.43124146593028,34.72551365873796,35.33456465570513,6439200
2024-10-23,35.76960372924805,36.25297675261626,34.889864974231635,35.10255028462357,8646600
2024-10-24,35.556915283203125,35.95328097989707,35.13154838777453,35.866273695849955,8790700
2024-10-25,36.272308349609375,36.48499363791627,35.78893537643416,36.388316830575356,5667200
2024-10-28,36.15629959106445,36.41731774927324,35.28622677089154,35.41190477554831,8516100
2024-10-29,35.85660934448242,36.223973857662216,35.34423514377823,36.136966570010244,6206000
2024-10-30,36.24331283569336,36.36898717318251,35.93395069152551,35.93395069152551,6525500
2024-10-31,36.813690185546875,36.96836940112298,36.27231108710881,36.38831957683004,8904500
2024-11-01,36.59134292602539,37.0167136227453,36.291653958257264,36.862034375168285,7921200
2024-11-04,37.106571197509766,37.2912801170265,36.69827429663455,36.77604725399291,5398200
2024-11-05,37.50515365600586,37.894007334282314,37.19406552159826,37.25239524212822,5592900
2024-11-06,41.549251556396484,42.02559792289919,39.02168616325456,39.604972196326656,13754000
2024-11-07,41.89921951293945,41.986712234122315,40.66460535951933,41.56869186718404,11973200
2024-11-08,41.821449279785156,42.453337843729926,41.32565596862783,41.84089251830295,7007600
2024-11-11,42.88108444213867,43.085232897124875,41.75340249424785,41.93810770946125,5351000
2024-11-12,42.453338623046875,43.26021634846366,42.26863341636504,42.7741465018517,7212800
2024-11-13,41.87005615234375,42.62832392386278,41.71451395027783,42.54083120342454,7168200
2024-11-14,41.97699737548828,42.09365311456164,41.40343473811723,42.0353270992345,7369200
2024-11-15,41.743675231933594,42.50194668058484,41.46175755185888,41.996433617623495,4724400
2024-11-18,41.87005615234375,42.5699979158497,41.75340042789897,42.32696299334553,4437300
2024-11-19,41.675628662109375,41.94783030480753,41.422873967195436,41.422873967195436,3552300
2024-11-20,43.07550811767578,43.13383412178653,41.58813196973944,41.8117236384735,8106100
2024-11-21,43.62963104248047,43.9115487388148,42.919969502129526,43.299103394112485,6019100
2024-11-22,43.017181396484375,43.6685132104693,42.88108243287073,43.357428805518495,7641700
2024-11-25,42.3366813659668,43.39631374156735,42.01587720719115,43.05606634462068,12214300
2024-11-26,42.31724166870117,42.706099047822384,41.850615038807,42.53111359805972,4985700
2024-11-27,42.39501190185547,42.69637282829876,42.13253374408905,42.288075944052274,3149200
2024-11-29,42.72554016113281,42.83247612048979,42.47278176475839,42.57971772411536,2275700
2024-12-02,42.4727783203125,42.98801483648264,41.87977627196528,42.676930457264376,3992200
2024-12-03,42.453338623046875,42.997738186282966,42.05476149716182,42.997738186282966,3583600
2024-12-04,41.374267578125,42.53111250318078,41.04373992690639,42.45333954599113,5837900
2024-12-05,41.325660705566406,41.69507486291132,41.00485650429715,41.42287690929874,5541900
2024-12-06,40.15909194946289,41.2770503684833,40.12992523702332,41.179837882801046,7458100
2024-12-09,40.2757453918457,40.92707716753176,40.1688094386033,40.30490839421421,7336800
2024-12-10,40.06187057495117,40.49933412079003,39.22582995588538,39.75078621089202,7366500
2024-12-11,41.27704620361328,41.617297286006945,39.906329526655064,40.45072903343398,7589000
2024-12-12,41.150672912597656,41.568689547793376,40.907638001585624,41.121506201551675,5817700
2024-12-13,40.97568893432617,41.529808254427216,40.84930973775724,41.30621657337053,4937600
2024-12-16,40.635440826416016,40.95624872409996,40.46045537466457,40.742376792310665,4290000
2024-12-17,40.25630187988281,40.58682950200836,39.77995183007132,40.29518835505485,7536300
2024-12-18,38.92447280883789,40.66460368723703,38.89530609736395,40.314632816897706,6670700
2024-12-19,38.691165924072266,39.877177747254436,38.496737209193654,39.82857149563961,5970700
2024-12-20,39.19667434692383,39.332773318311524,38.224534598818735,38.282864318735825,17974900
2024-12-23,39.031410217285156,39.138342468607796,38.57450337417921,38.8953075449844,4094300
2024-12-24,39.6535758972168,39.760511848514,38.77864875789269,39.07028990152794,2122000
2024-12-26,39.74107360839844,39.76051684820813,39.14806777366872,39.65358088346424,2289600
2024-12-27,39.663299560546875,39.97438397212617,39.39110162751967,39.57580683801403,3282500
2024-12-30,39.79939651489258,39.86744599470895,39.16750795825219,39.604971548799234,4607600
2024-12-31,39.87717056274414,40.23686120999301,39.85772732391736,39.95493980963264,4630600
2025-01-02,40.402130126953125,40.72293432228401,39.75079455346971,40.4312931333235,5525400
2025-01-03,41.47148132324219,41.66591001369097,40.38268584851534,40.8201494749204,7476100
2025-01-06,41.636741638183594,42.41445259125861,41.422869735431085,41.49091921204901,4686500
2025-01-07,42.19086456298828,42.51166873636806,41.4811993169042,41.71451447715932,5899800
2025-01-08,42.2297477722168,42.25891448531392,41.72423467675147,41.95754983943497,4992700
2025-01-10,42.05475997924805,43.01717987250657,41.558970385302956,42.686652240403674,6879700
2025-01-13,43.58102035522461,43.785168782643176,42.093644235016306,42.11308747216355,7483600
2025-01-14,43.81433868408203,44.03793038385929,43.28938232369079,43.65879647082746,7528800
2025-01-15,44.446231842041016,44.62121729877495,43.95043847848854,44.3490156391783,6172100
2025-01-16,45.03923034667969,45.4475272067854,44.08653025626299,44.34900839851024,7401900
2025-01-17,45.24338150024414,46.14747169737977,45.10728253868283,45.56418566557886,8479400
2025-01-21,45.72945022583008,45.76833670202042,44.543438660954024,45.38919912179231,9639300
2025-01-22,44.533721923828125,45.76833981367078,44.455948966159895,45.72945333483666,6904800
2025-01-23,44.38789749145508,44.961460049066396,44.086532856636055,44.601769407031064,6010200
2025-01-24,44.28096389770508,44.58232854861313,44.10597844987702,44.3976196267842,4567700
2025-01-27,42.3366813659668,43.73656484693252,42.15197616596982,43.522692935469756,10311000
2025-01-28,42.07420349121094,42.6963722831195,41.73395609201673,42.26863216578699,7010300
2025-01-29,41.87005615234375,42.88108231998154,41.772843666709534,42.0158785892137,6898600
2025-01-30,43.35742950439453,43.4449222264734,42.17142158205938,42.5991617186568,11039100
2025-01-31,44.893409729003906,46.273846264119136,44.523995620393684,44.815636776278176,21163800
2025-02-03,46.07942199707031,46.26412719996376,44.76703121308461,45.61279169048525,14432700
2025-02-04,46.623817443847656,46.701590397089326,44.59204539564052,45.33087361776231,9354000
2025-02-05,47.4890251159668,47.57651784145688,46.37106663294779,46.86685627177903,8247900
2025-02-06,45.67112350463867,48.02370355047385,45.26282660313746,48.02370355047385,9236000
2025-02-07,44.9128532409668,45.884992905453444,44.873966764366884,45.70028399581313,7669300
2025-02-10,46.089141845703125,46.19607780330541,45.62251524669017,45.77805744636115,6340100
2025-02-11,46.0207633972168,46.645965267388334,45.5616291434671,46.08914461886074,5240400
2025-02-12,45.336944580078125,45.90353606806186,44.85827233241956,45.6788506666222,6680900
2025-02-13,45.08296203613281,45.346716055781556,44.653132941748055,45.229491632993536,5188800
2025-02-14,45.32717514038086,45.659314061874475,44.965727322595946,45.4639375680847,4850900
2025-02-18,45.893768310546875,46.020763605530654,45.17088004232528,45.64954859599958,5026800
2025-02-19,45.80584716796875,46.089142919474966,45.21972136791867,45.952380481229746,5059900
2025-02-20,45.82538604736328,45.884000119061774,45.307641456766135,45.678852731365545,4672100
2025-02-21,44.565216064453125,45.70816635857134,44.36007238203361,45.64955228080973,7898800
2025-02-24,43.58832931518555,45.10249065092244,43.49064292958836,45.10249065092244,10371700
2025-02-25,43.02174377441406,43.92047049272665,42.757986047997036,43.3929550398926,7407800
2025-02-26,42.503997802734375,43.402728296867785,42.28908698631974,42.728683221140585,4633500
2025-02-27,42.572383880615234,43.52972474711291,42.51376980558578,42.98267122632971,4553500
2025-02-28,43.559024810791016,43.646944049771406,41.97648223564084,42.43561272676348,8584200
2025-03-03,42.591915130615234,44.25260987261334,42.08394142270708,44.02792819082786,9119200
2025-03-04,41.86902618408203,42.59191441303946,40.64792767767039,42.00578862056063,9330300
2025-03-05,41.341514587402344,41.72249676066547,40.599088265978985,41.60527233654541,10630600
2025-03-06,40.93122482299805,41.25359290191867,40.40370935585843,40.82376755452549,8611700
2025-03-07,41.89833450317383,42.44538801667997,40.8823795751612,41.16567534428924,9118600
2025-03-10,40.208335876464844,41.91787397278817,39.563595943482795,41.71273029558873,10966800
2025-03-11,40.88237762451172,41.39035506428055,40.31578983978684,40.774924083259954,8457200
2025-03-12,41.49781036376953,42.142550213184855,40.88237568544228,40.911684583027174,7129900
2025-03-13,40.77492141723633,41.92763493513486,40.55023602127224,41.341509164915486,5773600
2025-03-14,41.8494873046875,41.97648259017551,40.94098973638256,41.243823501316484,4683600
2025-03-17,42.86544418334961,43.0608206950115,42.064403839383154,42.10347616051793,5451400
2025-03-18,42.689605712890625,43.23665547397032,42.367233909542655,42.98266861725432,5013400
2025-03-19,43.56879425048828,44.027928492256805,42.64076234482416,42.66029664207231,6839800
2025-03-20,43.65671157836914,43.95954534338465,43.06081864952726,43.58833036151029,6101700
2025-03-21,43.090126037597656,43.646946675809204,42.67983498883824,43.178045281867746,20139200
2025-03-24,43.56879425048828,44.13538575960663,43.402726638400004,43.764170761442784,9528900
2025-03-25,44.1353874206543,44.17446346961523,43.66648601261446,43.81301560647227,7541300
2025-03-26,43.00220489501953,44.31122262608998,42.83613356250848,44.20376536267051,5951700
2025-03-27,42.6212272644043,43.256196310734694,42.35746951537576,43.217123987043145,4462000
2025-03-28,42.08394241333008,42.748216599268844,41.76157060589929,42.562610960337125,4460100
2025-03-31,42.9338264465332,43.0217456925922,41.55642740927364,41.751803925682204,9272000
2025-04-01,43.7641716003418,43.783709624461466,42.523535017470984,42.75798758040991,6977600
2025-04-02,43.88139343261719,43.95954552449032,43.00220475802549,43.16827236351063,7060900
2025-04-03,39.91526794433594,41.62480582635182,39.44636657244835,41.33174293473418,11060500
2025-04-04,34.59128189086914,38.762555264072454,34.464286589748944,38.381573087209155,20974600
2025-04-07,34.88433837890625,36.41803767919108,32.82312367270908,33.81954041948908,16798500
2025-04-08,34.19075393676758,36.21289251433669,33.458094923836846,35.79283438213668,13604600
2025-04-09,37.85405349731445,38.46948818468992,33.28226041551905,33.82931388501912,17307300
2025-04-10,35.8123779296875,36.6231891511764,35.02110473207151,36.48642298406608,12787900
2025-04-11,37.053016662597656,37.219084285478274,35.17740725263882,36.01752369579246,9066400
2025-04-14,36.935791015625,37.658679284745986,36.4864239081611,37.63914126037824,6014600
2025-04-15,37.27769088745117,37.61959694042645,36.85763275008355,36.906475939580524,5100300
2025-04-16,37.248390197753906,37.92243523745002,36.886942353724,37.111627760119646,6154300
2025-04-17,38.010353088378906,38.56717369350614,37.74659537124019,37.87359065575071,5548900
2025-04-21,36.9260139465332,37.62936779980889,36.525493830417105,37.43399131539937,6139100
2025-04-22,37.47307205200195,37.86382134327544,36.369197944322856,37.00417066657559,10034600
2025-04-23,35.0601806640625,37.277696058605905,34.89411305143664,35.949140251611,13337700
2025-04-24,35.53885269165039,35.6072339112705,34.67919828235868,35.41185740100006,9679200
2025-04-25,35.60723114013672,35.64630718444911,34.80619086421621,35.109020891395495,7103000
2025-04-28,35.37277603149414,35.83191020257424,35.099251194168,35.65607174243703,6833300
2025-04-29,35.089481353759766,35.323933883011634,34.66942693828174,35.196938607729514,7428000
2025-04-30,34.58150863647461,34.7085001886785,33.76093035174989,34.61081380598372,10530900
2025-05-01,35.35324478149414,35.78307386703629,34.288446669623916,34.29821754511195,8903600
2025-05-02,36.24220657348633,36.291053500862226,35.34347975252963,35.890533291262415,7294600
2025-05-05,35.90029525756836,36.06636286187809,35.29463145582577,35.58769434528207,6809900
2025-05-06,35.78233337402344,36.27384892174373,35.60538747684685,36.17554356222005,9078300
2025-05-07,35.6938591003418,36.1657135586403,35.536574280908965,35.98876766803262,7172200
2025-05-08,35.6348762512207,36.716208927133444,35.57589303709302,36.136220446425284,15274000
2025-05-09,35.87080764770508,36.254189189094724,35.7528412119189,36.254189189094724,8993600
2025-05-12,36.98162841796875,37.70907307184241,36.52943501824604,37.541955837182975,7868600
2025-05-13,37.53213119506836,37.679587373794064,36.83417994902833,37.29620205910051,6701300
2025-05-14,37.197898864746094,37.699243101244065,37.12908698424571,37.31586155275158,5939000
2025-05-15,37.08976364135742,37.10942471371824,36.36232271383775,36.72604317759758,6493600
2025-05-16,37.148746490478516,37.84669767752676,36.5982477197267,37.20772595701065,6160900
2025-05-19,37.2667121887207,37.384674881295304,36.65723390212448,36.91282036103051,5295900
2025-05-20,36.706382751464844,37.247049126024535,36.54909791977536,37.09959670567163,7102800
2025-05-21,36.0280876159668,36.64739444540674,35.978933066040675,36.64739444540674,7133500
2025-05-22,35.9691047668457,36.18537278879992,35.22200285004177,35.93961503656675,9174800
2025-05-23,36.11656188964844,36.19520242249619,35.41860700455845,35.457929145965224,4632000
2025-05-27,36.59824752807617,36.61790860013929,35.74301151814395,36.32300001912467,6790200
2025-05-28,36.057579040527344,37.01112035442901,35.94944502555303,36.96196580219281,4856400
2025-05-29,36.72603988647461,36.77519068798905,35.998595274177156,36.401637846540865,5824400
2025-05-30,36.421302795410156,36.53926548159907,35.91012615530329,36.4802860134877,11354600
2025-06-02,36.68672180175781,37.11925415286248,36.19520623233451,36.96196932064568,6046100
2025-06-03,36.90298843383789,37.1684072811204,36.264016718161535,36.64739824758093,5952300
2025-06-04,36.657230377197266,37.43382584106662,36.36232179913572,36.91281681152633,9111000
2025-06-05,36.51960754394531,37.08976364256309,36.45079566566327,36.873495596553184,4731900
2025-06-06,37.25687789916992,37.355179503139226,36.765362379391775,36.93247585613275,4268200
2025-06-09,37.679588317871094,37.96466452060168,37.18807270975881,37.60094402058921,6845600
2025-06-10,38.41685485839844,38.642951547692086,37.85652371540797,38.07279174428268,6991500
2025-06-11,38.36770248413086,38.642953741039705,37.94499881277381,38.50532623760226,8112000
2025-06-12,37.974491119384766,38.367701295699746,37.76805174560604,38.062964065299674,4991100
2025-06-13,38.37753677368164,38.741257247084164,37.80737691000062,38.47583838812571,8570300
2025-06-16,38.32838439941406,38.97718477813107,38.092455284441485,38.50532654818591,7320400
2025-06-17,38.92802810668945,39.34090309795463,38.38736177881213,38.67244168349929,7535700
2025-06-18,38.31855392456055,39.12463917066731,38.190758824577884,38.937864601435926,5618300
2025-06-20,38.33821105957031,38.839555246518174,38.22024838322362,38.40702293326971,15735100
2025-06-23,37.18806838989258,38.90837281845035,36.77519337705636,38.721594509085804,8625900
2025-06-24,37.32569122314453,37.49280470638279,36.74570273725804,36.9128162204963,6892100
2025-06-25,36.94231414794922,37.48298055578938,36.824347704446105,37.36501411228627,5933800
2025-06-26,37.66975021362305,37.86635717715287,36.893154770161495,36.99146012690937,10366300
2025-06-27,37.41416549682617,37.944999447674135,37.03078021292751,37.748396225120274,9914900
2025-06-30,37.68941116333008,38.171098034925215,37.050439471411906,37.394502593970124,6773700
2025-07-01,38.03347396850586,38.37753712211634,37.12908710751746,37.659924830253914,7639100
2025-07-02,39.15412902832031,39.25243063460645,37.944997521198566,38.35787251752534,8278800
2025-07-03,38.96735382080078,39.22294401738647,38.878880868131304,38.947692747989095,3607100
2025-07-07,38.42668533325195,38.99684141361721,37.99415300504499,38.90837221577202,5336400
2025-07-08,39.429378509521484,39.83242111551651,38.27923015828889,38.42668632510228,6472000
2025-07-09,38.66261672973633,39.41954741135542,38.47583841222291,39.41954741135542,7624900
2025-07-10,39.036163330078125,39.085314134139416,38.141605196285184,38.554480200325145,6619200
2025-07-11,40.00936508178711,40.088005616977895,38.73142544771808,38.82972705419804,5834300
2025-07-14,39.193450927734375,39.891405894693534,39.12463904718388,39.852083748674325,6835500
2025-07-15,38.32838439941406,39.262260948350104,38.27922984423548,39.134469604790766,5069400
2025-07-16,38.023643493652344,38.495497974704875,37.71890250069576,38.239911537038694,6032500
2025-07-17,38.51515579223633,38.70193033667248,37.81720466569698,37.89584519757745,7022300
2025-07-18,39.04599380493164,39.232768351090456,38.30872053066913,38.90837006039716,12128600
2025-07-21,39.17378616333008,39.52767794422284,38.80023706124629,38.849387864155645,9310800
2025-07-22,39.34090805053711,39.55717610890013,38.94769408078005,39.2327740213556,13087000
2025-07-23,43.92183303833008,44.12826868433301,40.45173420326302,40.795793613267904,21794200
2025-07-24,44.944183349609375,45.05231737122377,43.538448568554415,43.705562056528606,12110400
2025-07-25,45.26858139038086,45.288242462370434,44.688592891569606,45.02282361546026,5869800
2025-07-28,45.76009750366211,45.92721474264816,45.39637704229166,45.53400079794718,5775000
2025-07-29,44.97367477416992,45.45536168403141,44.13809980294232,44.23640141721632,15815800
2025-07-30,44.75740051269531,45.34722136639998,44.275717419633814,44.92451773373296,12435400
2025-07-31,44.28554916381836,45.160446220278686,44.13809675259767,44.47232746798357,7725200
2025-08-01,42.77168273925781,43.91199869800479,42.33915039282488,43.71539547233191,7323700
2025-08-04,43.00761032104492,43.12557300222073,42.57507799008961,42.72253040406787,6387600
2025-08-05,43.3040771484375,43.43254762589636,42.730907841700855,43.096550525469965,4937400
2025-08-06,42.91866683959961,43.80807198288543,42.770431392457304,43.640071558138544,4626800
2025-08-07,42.43444061279297,43.9167802251561,42.34550008525979,43.44243200157405,4555400
2025-08-08,42.78031539916992,43.086663124952864,42.29608287647174,42.65184493073425,3948000
2025-08-11,42.197261810302734,42.88902094223241,41.73279426447578,42.74078549618177,5633700
2025-08-12,42.00950241088867,42.562910549450116,41.96009184507424,42.41467508222228,5113800
2025-08-13,42.34550094604492,42.3751503023484,41.46598002799639,41.92056328028007,5269600
2025-08-14,42.74079132080078,42.82973184659498,41.71303497157544,42.45420476326563,5490400
2025-08-15,42.296085357666016,43.106430631119046,42.167614881693936,42.849493448959095,6567700
2025-08-18,42.36526107788086,42.72102315452502,41.80197237978901,42.26643995427269,3719400
2025-08-19,42.44432067871094,42.70125786006261,42.05891302179133,42.14785354029464,3790500
2025-08-20,42.34550094604492,42.82973355463208,42.177504262725385,42.671617476890596,4327700
2025-08-21,42.94831466674805,43.20525561925815,42.24667488912713,42.404790948447115,4270200
2025-08-22,44.233009338378906,44.45042033960172,43.096551308769456,43.116316287951925,4486100
2025-08-25,43.906898498535156,44.23301124463917,43.75866303317048,44.06501456902472,4152800
2025-08-26,43.926658630371094,44.10453966126214,43.53136661288344,43.63019150214738,6069800
2025-08-27,44.25277328491211,44.51959484297259,43.78830947920763,43.83772004111863,3576900
2025-08-28,45.03347396850586,45.132295094496214,43.97607208731496,44.252774255915405,4218300
2025-08-29,44.865478515625,45.3002967594584,44.83582916119734,44.96429964429209,4786700
2025-09-02,44.82594680786133,45.22123507689637,44.19348256157784,44.67771135085802,8580200
2025-09-03,44.47018814086914,44.964301342434354,43.95630995886717,44.80618526872487,6486600
2025-09-04,45.7746467590332,46.15017384831714,44.30219152727323,44.737009788170454,7537900
2025-09-05,45.043357849121094,45.695587074945614,44.41088983245053,45.4682917020481,4978800
2025-09-08,45.1026496887207,45.46829238006974,44.58877153801659,45.32994129522331,3870200
2025-09-09,44.914886474609375,45.61652624888566,44.90500210044537,45.250883570285716,3338200
2025-09-10,46.36758041381836,46.4565209397184,44.83583026312611,44.83583026312611,5679100
2025-09-11,46.4169921875,46.76286989703165,45.86358408246505,46.00193516627771,4858700
2025-09-12,45.94264602661133,46.74310698108207,45.92288104665367,46.60475589116291,4015000
2025-09-15,45.73511505126953,46.45651984669247,45.695588861631876,45.942645453343204,5420000
2025-09-16,46.67393112182617,46.822166585618206,45.8339402130965,45.972291302084024,5092700
2025-09-17,45.93275833129883,46.822163516176914,45.54735067444639,46.59487191777122,4612900
2025-09-18,46.72333908081055,46.7925146214465,45.92287817637041,46.22922592210558,5242500
2025-09-19,46.78263473510742,47.08898625532943,45.85370333960499,46.664048630737476,15869100
2025-09-22,47.10874557495117,47.286626609263095,46.13040365601974,46.584986846023924,5157300
2025-09-23,48.35391616821289,49.48049361712093,47.24710369890834,47.26686867851183,9071400
2025-09-24,49.2828483581543,49.54966993227893,48.571327930273064,48.887560069283495,9055800
2025-09-25,49.51013946533203,49.64849432329334,48.91720515320692,49.09508620080134,6455300
2025-09-26,49.925193786621094,50.33036642417179,49.23343461354365,49.78684270596245,7751000
2025-09-29,49.95484161376953,49.984490967945604,49.203791240833276,49.76707996298156,6319200
2025-09-30,48.14638900756836,49.66825472245642,47.55345093533768,49.34214198704625,11666700
2025-10-01,47.79062271118164,48.18591095475387,47.65227163744216,47.93885438885222,6263700
2025-10-02,47.83015823364258,48.06733045343466,47.28663070956809,47.523806699144636,6680100
2025-10-03,47.92897415161133,48.43296789120164,47.88944419601647,48.166150115396455,5414400
2025-10-06,48.50215148925781,48.99626466855448,48.225445545398294,48.34403165288986,5371900
2025-10-07,48.00804138183594,48.85791293798778,47.66215987232583,48.52191580377533,4877700
2025-10-08,47.28662872314453,48.37367995584404,46.86169109660139,48.17603393446374,6007100
2025-10-09,47.32615661621094,47.721448641722226,46.535576334972504,47.43486211171575,5456600
2025-10-10,44.50971221923828,47.12850957955698,44.46030165956888,46.92098296707507,7467000
2025-10-13,44.95442199707031,45.39912087511518,44.50971934924079,45.39912087511518,11107900
2025-10-14,44.302188873291016,44.825947630016266,43.402899279993946,44.391125625383076,9227800
2025-10-15,43.94642639160156,45.132294979604225,43.69936980747029,44.75677168596939,7972200
2025-10-16,44.11442184448242,44.588770020577655,43.72901418701656,44.34171344324987,8097300
2025-10-17,44.64806365966797,44.96429576788133,43.89700957532317,44.40100708951478,8216300
2025-10-20,45.73511505126953,45.84382055478802,44.667832535364504,44.88523977261706,6771900
2025-10-21,46.199581146240234,46.851810376336964,45.09276870693943,45.99205452070589,11386600
2025-10-22,46.743106842041016,47.76098257301829,46.16993750411162,46.44663968312689,8747500
2025-10-23,48.31438446044922,48.5021498749947,47.43486363373912,47.612744673948384,9548800
2025-10-24,46.743106842041016,49.82637208036001,46.29840421877759,47.35580613976815,13058600
2025-10-27,46.05134582519531,47.632510227258486,45.57699763551165,47.21745320517009,8753600
2025-10-28,47.296512603759766,47.41509870743604,45.84381869703445,45.84381869703445,9193800
2025-10-29,47.7510986328125,48.274857410654256,47.01981321882036,47.13839932950851,7071700
2025-10-30,48.00804138183594,48.5812107462074,47.13840107508878,47.504043795624945,6193500
2025-10-31,47.84003829956055,48.40332702744899,47.38545507526188,48.373681442755206,6960400
2025-11-03,48.06732940673828,48.413210893597935,47.721451689663006,48.06732940673828,5343300
2025-11-04,45.64460372924805,47.88860470979818,45.58502707416095,47.362357513461454,10408800
2025-11-05,46.707027435302734,47.3226376937592,45.49566201486384,45.80346903793951,7306700
2025-11-06,46.955257415771484,48.156691490297085,46.84603544759737,46.8857532156052,7690200
2025-11-07,47.531150817871094,47.59072747103193,46.37936203729253,46.97511720581621,5076300
2025-11-10,48.454566955566406,48.80209174251909,47.44178660212156,47.99782398862897,5492300
2025-11-11,48.60350799560547,49.14961406096611,48.39499539045421,48.58364911115846,5780700
2025-11-12,47.19355773925781,48.305632547725295,47.11412598876438,48.285773663178205,5723800
2025-11-13,47.17369842529297,48.14676482076802,46.895681619554324,47.17369842529297,5536000
2025-11-14,48.38506317138672,48.722656625435235,46.55808750024678,47.332565041071966,7976200
2025-11-17,47.541080474853516,49.179398608117886,47.22334591127395,48.52407059727318,5704200
2025-11-18,47.71980667114258,48.64322393079658,47.42192720336146,47.46164497075824,8977400
2025-11-19,48.13683319091797,48.2559827086937,46.846036016545355,46.92546776583089,6303500
2025-11-20,47.729736328125,49.82480130469305,47.640373241381035,48.75244426376545,7986800
2025-11-21,48.53400421142578,49.099969166102426,47.431860735151815,47.630445793635445,8125900
2025-11-24,49.01060485839844,49.19925857602663,48.027610926621385,48.563789434863416,11197700
2025-11-25,49.080108642578125,49.209189494436394,48.36520397098746,48.81201939073162,5767200
2025-11-26,49.17940139770508,49.993596736522896,49.12975607952252,49.36805890957176,5567500
2025-11-28,49.844661712646484,50.172323848925245,48.80209486056672,48.94110326915134,3018500
2025-12-01,49.8049430847168,50.55956177019501,49.606358024003065,49.85458840297149,6417000
2025-12-02,49.12975311279297,49.76522223762443,48.26591250795613,49.7453633540116,6999800
2025-12-03,50.132606506347656,50.40069196911079,49.348197638825724,49.49713358617248,5273100
2025-12-04,50.25175857543945,50.75814688246358,49.57657164094395,50.08295994796808,6357400
2025-12-05,48.85173797607422,50.400693073512805,48.702798237769024,50.15246270146741,8762500
2025-12-08,47.05455017089844,48.84180814723733,46.79639224259076,48.73258996183081,9766100
2025-12-09,47.352420806884766,47.699945573937654,46.88575031856,46.91553674887797,6162400
2025-12-10,47.699951171875,47.819100694824535,46.56802123461678,47.47157967468212,7506900
2025-12-11,47.124053955078125,47.5609418435985,46.69709740276683,47.451719871468406,6617400
2025-12-12,46.52830123901367,47.46164606825196,46.15099001540889,47.272992350297,5512900
2025-12-15,46.55809020996094,47.32264024708861,46.170851417010766,47.32264024708861,6400500
2025-12-16,44.701324462890625,46.448864561181125,44.254509049559466,46.329715046857736,10028700
2025-12-17,44.96941375732422,45.24743055359746,44.56231611091208,44.850260455183026,9173300
2025-12-18,44.15522003173828,45.048847103346844,43.94670363943754,44.969415353461486,9225400
2025-12-19,44.393516540527344,44.83040439694478,43.99635023833249,44.04599555264501,21162300
2025-12-22,45.23750305175781,45.58502404745395,44.899909604069514,44.99920023492705,4438200
2025-12-23,44.8701171875,45.386436775605034,44.69139103055231,45.23750083661169,7895600
2025-12-24,44.97934341430664,45.098492934339724,44.67154017191326,44.91977054813757,1848200
2025-12-26,44.92969512939453,45.06870352486869,44.65167833844622,44.9396226772021,3240200
2025-12-29,45.05877685546875,45.41622918662484,44.8899782378918,45.18785391795696,7508600
2025-12-30,45.76375198364258,45.813397300992,45.08856506214463,45.20771458132223,4272700
2025-12-31,45.217647552490234,45.892834498403104,45.10842557775506,45.79354007241883,4002400
2026-01-02,46.80631637573242,47.07440562077501,45.028986077687875,45.39636973998405,4909900
2026-01-05,48.72265625,49.77515437220467,47.92831983121101,49.09003613349713,14722600
2026-01-06,49.030460357666016,49.59642525917361,48.18647488532174,49.010601474913784,7683300
2026-01-07,48.49428176879883,49.42762652972209,47.96803463407231,49.129750864550374,6844500
2026-01-08,49.844661712646484,50.02338789159674,48.50421537051959,48.61343734517753,6638900
2026-01-09,49.61628723144531,50.36097833639903,49.28862132717216,49.90423158004601,5725400
2026-01-12,47.6105842590332,49.80493975328787,47.34249501315627,49.616286041461024,8511100
2026-01-13,48.62336349487305,48.841803633192455,47.77937800926077,47.90845885533223,9416600
2026-01-14,49.62621307373047,49.983665397852285,48.802090248844905,48.9013808776811,8354800
2026-01-15,51.63191604614258,51.790783328622915,49.546782490126276,49.64607312129094,11621500
2026-01-16,51.383689880371094,51.959586193742325,50.77800713275482,51.65177915166166,8595500
2026-01-20,50.897151947021484,51.61205660430029,50.26168282397132,51.29432204277521,11324400
2026-01-21,53.210662841796875,53.419175445811504,51.681562836966464,51.89007544098109,10701900
2026-01-22,54.07450485229492,54.20358570992948,52.52554971146024,53.12130110598204,9858800
2026-01-23,53.538326263427734,54.918490350753885,53.41917674219853,54.918490350753885,15013700
2026-01-26,55.89155197143555,56.48730335451771,54.43195615888088,55.256082819429274,18022100
2026-01-27,56.10006332397461,57.172420334809594,55.46459418615899,56.00077269157648,13015300
2026-01-28,56.22914505004883,57.15256233894169,55.70289408461528,56.75539222778749,10929200
2026-01-29,56.328433990478516,58.085905429801,56.04048585793361,57.57951715161408,13650900
2026-01-30,55.6433219909668,55.95112523306964,54.65040048700677,55.941197684615815,8618400
2026-02-02,56.050418853759766,56.318508110514856,54.87877119284266,55.37523193771619,7591600
2026-02-03,57.589447021484375,57.698668992556314,55.762471309295,55.94119748237728,9207100
2026-02-04,58.75115966796875,59.11854332716644,57.619229834687566,57.79795599654193,10731700
2026-02-05,56.9539794921875,58.5327248743262,56.517091595435254,57.877396816892876,13430100
2026-02-06,58.502933502197266,59.118547565022986,57.15256343138997,57.38093492397565,9351400
2026-02-09,59.12847137451172,59.416419503009244,58.33413497494503,58.72137373300287,8813300
2026-02-10,58.73130798339844,59.44620888464148,58.01640329446048,59.31713181734595,9008500
2026-02-11,60.81644058227539,61.64056722785118,59.57528873365752,59.6646518182658,13529500
2026-02-12,60.955448150634766,61.82922010068053,60.19089816780657,60.75686310002962,9845600
2026-02-13,60.76679611206055,61.18382132090979,59.823519936436675,60.71715079496348,8143600
2026-02-17,59.66049575805664,61.04586247780708,58.77346260955361,60.46779371020805,8552000
2026-02-18,61.334896087646484,61.53423027402681,60.398026552253945,60.92626271645933,5267500
2026-02-19,62.351497650146484,62.540863038041664,61.65382989171587,62.162128460267894,7374000
2026-02-20,62.002662658691406,62.33156464404349,61.39469508721038,61.82326226704181,4399000
2026-02-23,63.457794189453125,64.04583174880088,62.10233008958074,62.27176167632102,8040900
2026-02-24,64.5042953491211,64.98269129460188,62.889691924198914,63.72689243275675,7618400
2026-02-25,64.593994140625,65.26176689548464,63.91626018934014,65.23186049430878,7129800
2026-02-26,64.68370056152344,65.45113093321034,63.557465599956885,64.33486857439303,7249500
2026-02-27,65.0425033569336,65.56076695324236,64.56409975698396,65.05246455403974,8773800
2026-03-02,64.61392974853516,66.77669552491245,64.06575980338584,66.27836197621907,10386100
2026-03-03,62.331565856933594,64.7634361901787,61.803329670360576,64.7634361901787,11863400
2026-03-04,60.67709732055664,62.26179824541919,60.328261535923716,61.99269765795383,11953700
2026-03-05,59.98939514160156,60.83656451090876,59.4611627621162,60.3083283294399,8540600
2026-03-06,59.61066436767578,60.79669692253244,59.45119777372881,59.75019716213145,9378700
2026-03-09,59.89969253540039,59.949528933107025,58.663827432736014,59.55086056335399,11952600
2026-03-10,59.14222717285156,60.59736025852735,59.01265938243339,59.75019472560218,13704600
2026-03-11,58.77346420288086,59.21199638875299,57.60736163751794,58.843230600588164,11141300
2026-03-12,55.71369552612305,57.93626282716384,55.00605895604702,57.88643022977401,14347000
2026-03-13,54.079158782958984,55.833295125159765,53.89976219080871,55.693762330163146,17460000
2026-03-16,55.00605773925781,55.025991538169485,53.65059363111481,54.28845998835467,10462800
2026-03-17,56.810028076171875,57.707030040273246,55.444595132580666,55.942928712196206,12072900
2026-03-18,57.28842544555664,58.075793380691266,56.67049289739254,56.889760879830874,7495300
2026-03-19,60.507659912109375,60.56746130799312,56.33162605013629,57.17879158091432,14652200
2026-03-20,60.148860931396484,61.085730484882276,59.70036375585838,60.557494310475356,18831300
2026-03-23,62.32159423828125,62.91959679570587,61.03589653388421,61.43456110351726,11627100
2026-03-24,63.27840042114258,63.85646540385277,61.663796865125725,61.873099860746564,9963600
2026-03-25,62.41129684448242,64.03586538894409,62.331565448266915,63.33819761263671,9619600
2026-03-26,62.152164459228516,62.79003083077939,61.63389708184756,62.25182965403954,7673400
2026-03-27,63.00929641723633,63.517594974548835,61.43456054582829,61.91296030623516,7771800
2026-03-30,60.47776412963867,64.12556201475275,60.08906454197817,63.63719723096825,9694200
2026-03-31,60.846527099609375,61.85316302296422,60.09902675734886,60.88639469700594,10379100
2026-04-01,60.13889694213867,60.83656471866135,58.982763181780676,60.2285971391485,8845800
2026-04-02,60.17876434326172,60.91629591448621,59.68043076195411,60.62726532683526,7006000
2026-04-06,60.49769592285156,60.77676150433034,59.959494756871,60.08906254912189,4945600
2026-04-07,61.04586410522461,61.1255993037019,59.610664750485235,59.99936433810318,4921900
2026-04-08,62.94949722290039,63.378064402791196,59.5209635857574,59.74022777403904,10998700
2026-04-09,63.2086296081543,64.70363035160526,62.87973142162651,63.06909681374957,6071400
2026-04-10,62.62059783935547,63.258464196647196,62.14219426940328,62.61062903890713,6210300
2026-04-13,62.351497650146484,63.34816479019496,61.77342888396633,62.48106164092473,8546400
2026-04-14,61.285064697265625,62.00266245957606,60.79669612112485,61.74353067357185,7766700
2026-04-15,59.86979675292969,61.72359830225229,59.72029515624875,60.87643272634976,7567400
2026-04-16,60.39802932739258,60.83656531797561,59.082428959610574,59.381432153911206,6974900
2026-04-17,59.58076095581055,60.17876352645306,58.22529302473432,59.491060760313346,12531200
2026-04-20,58.97279357910156,60.12893112572197,58.5342614007853,59.47112715527238,7100900
2026-04-21,60.0491943359375,60.15882832810468,59.44122678081648,59.680428563907,5466300
2026-04-22,62.331565856933594,62.530900051754536,60.756829900030056,60.766798700862054,8205700
2026-04-23,64.27506256103516,65.34149611047326,62.780065633677346,62.780065633677346,12147900
2026-04-24,68.71023559570312,69.62716754663501,65.54083376185865,66.23849772366185,15504400
2026-04-27,68.152099609375,70.17534038927853,68.05243441132258,69.76670319210622,14274800
2026-04-28,67.44446563720703,69.49760518018256,67.32487044322491,68.64047080479772,8516400
2026-04-29,68.5806655883789,68.97933397748592,67.1355012323289,68.39130399662754,7800300
2026-04-30,69.43779754638672,69.7567307257766,67.89296804782845,68.3115664200339,8012300
2026-05-01,68.88963317871094,69.76669749551228,68.58066120481926,69.15872995187691,5440800
2026-05-04,68.77999877929688,69.35805991894784,68.31156402512292,68.93946156141787,5481000
2026-05-05,67.77999877929688,69.2699966430664,67.66000366210938,68.9000015258789,5829200
2026-05-06,66.66999816894531,67.72000122070312,65.95999908447266,66.76000213623047,9529300
2026-05-07,63.529998779296875,65.29000091552734,62.459999084472656,65.29000091552734,12148300
2026-05-08,63.88999938964844,64.56999969482422,63.349998474121094,63.61000061035156,7859300
2026-05-11,64.5999984741211,65.11000061035156,63.849998474121094,63.97999954223633,6702200
2026-05-12,65.23999786376953,65.70999908447266,63.61000061035156,64.4800033569336,6467300
2026-05-13,65.41000366210938,65.6500015258789,64.52999877929688,65.22000122070312,6175500
2026-05-14,64.61000061035156,65.55999755859375,64.1500015258789,64.62999725341797,5912500
2026-05-15,64.12000274658203,65.05000305175781,64.02999877929688,64.61000061035156,7867500
2026-05-18,66.20999908447266,66.26000213623047,63.720001220703125,64.12000274658203,7541800
2026-05-19,65.47000122070312,66.48999786376953,65.16999816894531,66.41999816894531,9083800
2026-05-20,66.79000091552734,67.43000030517578,65.76000213623047,65.76000213623047,8734500
2026-05-21,65.80000305175781,67.62999725341797,65.66999816894531,67.4000015258789,6403800
2026-05-22,66.05999755859375,66.5,64.62000274658203,65.4000015258789,8382600
2026-05-26,66.7300033569336,67.91999816894531,65.81999969482422,66.05999755859375,8303600
2026-05-27,63.20000076293945,65.30999755859375,62.560001373291016,65.26000213623047,8617200
2026-05-28,64.70999908447266,64.75,62.38999938964844,63.86000061035156,9185700
