,Close,High,Low,Open,Volume
2001-01-02,5.49656343460083,5.580409317501521,5.422033760911328,5.422033760911328,568000
2001-01-03,5.319554805755615,5.505878967078053,5.319554805755615,5.459297926747444,546400
2001-01-04,5.105283737182617,5.3009241723666225,5.077335103584902,5.3009241723666225,701600
2001-01-05,5.151864528656006,5.217078003702285,5.0680186321679335,5.0680186321679335,570000
2001-01-08,5.3661370277404785,5.3661370277404785,5.114599354565144,5.123915564682749,332400
2001-01-09,5.3661370277404785,5.3661370277404785,5.310239767034848,5.356820817622873,877200
2001-01-10,5.468616008758545,5.515197065051208,5.347505262397624,5.366137684914689,657600
2001-01-11,5.3568196296691895,5.468614126288373,5.217076508895211,5.468614126288373,519600
2001-01-12,5.310238838195801,5.403400923076429,5.254341587267424,5.319555046683863,352000
2001-01-16,5.5431437492370605,5.5431437492370605,5.319554757671196,5.319554757671196,667200
2001-01-17,5.552462100982666,5.571094524140326,5.496564831509686,5.5151972546673464,334400
2001-01-18,5.375452041625977,5.552459994469813,5.291606169226265,5.552459994469813,1615600
2001-01-19,5.291608810424805,5.3661385119800835,5.1984466834807055,5.3661385119800835,579600
2001-01-22,5.226396083831787,5.282293368150844,5.133233943300026,5.254344725991316,579200
2001-01-23,5.319554805755615,5.319554805755615,5.123914436367055,5.226392725094396,454000
2001-01-24,5.282292366027832,5.300924790599359,5.272976153742069,5.300924790599359,383200
2001-01-25,5.375452041625977,5.403400665759214,5.300922377270678,5.300922377270678,262400
2001-01-26,5.49656343460083,5.505879643812018,5.375452714855388,5.375452714855388,309600
2001-01-29,5.463025093078613,5.492836506483732,5.418306835738409,5.480912054844937,897600
2001-01-30,5.439177513122559,5.463026993312101,5.381043872082616,5.463026993312101,442000
2001-01-31,5.433212757110596,5.439175266849697,5.376570051821586,5.439175266849697,264000
2001-02-01,5.454081058502197,5.455571401652338,5.391475842487834,5.433212842702821,261200
2001-02-02,5.498798847198486,5.50774261211423,5.4540811598522545,5.4540811598522545,496000
2001-02-05,5.510725021362305,5.515196620448675,5.476441434928614,5.504762510169567,166400
2001-02-06,5.580782413482666,5.610594400166323,5.500290788638046,5.510724898684874,350800
2001-02-07,5.567368030548096,5.612086302774547,5.545009463051321,5.580783398492741,230400
2001-02-08,5.561403274536133,5.641894872881296,5.515194681958446,5.574818635696354,618400
2001-02-09,5.653820991516113,5.6895949158288435,5.54202648296035,5.561404356989239,1285200
2001-02-12,5.944489479064941,5.993678789090246,5.679163340416306,5.686616765871029,1432400
2001-02-13,5.852067947387695,5.9444851240480165,5.7835008049231575,5.9444851240480165,616000
2001-02-14,5.798408031463623,5.85355982308621,5.762633542892952,5.85355982308621,364000
2001-02-15,5.758161544799805,5.813313332588761,5.746236526566427,5.790954207709261,517200
2001-02-16,5.850578308105469,5.858031160379819,5.761142943580902,5.761142943580902,378400
2001-02-20,5.87591552734375,5.977275865684114,5.813310913518428,5.8431228780801705,1359200
2001-02-21,5.9116950035095215,5.940016081081651,5.910204659896846,5.913185347122198,870800
2001-02-22,5.831201076507568,5.887843783510854,5.798408409182502,5.887843783510854,658400
2001-02-23,5.84461784362793,5.8848639423292735,5.813315511954567,5.831202477394149,315600
2001-02-26,5.868467330932617,5.916166284601205,5.808843923155073,5.852070708993469,416800
2001-02-27,5.84461784362793,5.872939488241679,5.826730878188348,5.861014465537704,299600
2001-02-28,5.858029842376709,5.865482692974236,5.738782526968114,5.829708782659684,962800
2001-03-01,5.874429225921631,5.895297444884996,5.805862058294483,5.8505797515897395,379600
2001-03-02,5.962374687194824,5.992186674354071,5.874429637814046,5.874429637814046,605200
2001-03-05,5.932560920715332,5.962372898933236,5.913183049581265,5.94001377311576,823600
2001-03-06,5.865484714508057,5.925108677069723,5.746237358000972,5.925108677069723,695600
2001-03-07,5.937035083770752,5.9474691943637525,5.858033229631259,5.872939508061532,252400
2001-03-08,6.126338958740234,6.163603795639181,5.92510906693244,5.92510906693244,1185600
2001-03-09,6.165093421936035,6.197886653525961,6.077148402449007,6.127828592807907,323600
2001-03-12,6.014545917510986,6.187454780222358,6.014545917510986,6.180001924744952,512400
2001-03-13,6.0205078125,6.023489068108798,5.962374749669342,6.014545301282403,641600
2001-03-14,5.972806930541992,6.050317845482604,5.962372823590004,6.020505867641417,536400
2001-03-15,5.957901477813721,5.977278780905958,5.9340520082557155,5.977278780905958,383600
2001-03-16,5.962374687194824,5.963865030675425,5.932562700035579,5.942996810248861,558000
2001-03-19,6.051809310913086,6.132301495428143,5.962373929418327,5.962373929418327,1738400
2001-03-20,6.014545917510986,6.036905052559629,5.95045033689573,6.036905052559629,879200
2001-03-21,5.965353965759277,6.036902370059374,5.945976095235448,6.021996665727919,1077600
2001-03-22,5.9400153160095215,5.962374447634686,5.774559902725382,5.962374447634686,996800
2001-03-23,5.914671897888184,5.940011700933048,5.890822437357022,5.940011700933048,992800
2001-03-26,6.038393497467041,6.038393497467041,5.892315415300965,5.892315415300965,1220800
2001-03-27,6.160623550415039,6.193416222576296,6.051809718492391,6.051809718492391,1459200
2001-03-28,6.1203765869140625,6.163603362530975,6.074167987704524,6.160622676170839,508000
2001-03-29,6.205756664276123,6.216241845773899,6.088921458215453,6.1353556701628795,523600
2001-03-30,6.289637088775635,6.321092625272683,6.277653700739012,6.291134726580516,1899600
2001-04-02,6.294131755828857,6.3285831458061335,6.246199337477907,6.2551863087940225,750800
2001-04-03,6.238712787628174,6.267172495158908,6.208754869943334,6.238712787628175,542400
2001-04-04,6.307615280151367,6.321096313859541,6.244703599046652,6.253691145318675,792000
2001-04-05,6.361538887023926,6.366032374087149,6.310610605175241,6.345062005925869,772400
2001-04-06,6.313604354858398,6.381008923998224,6.276157118047611,6.3465575347002385,541200
2001-04-09,6.292633533477783,6.431937302587768,6.291135895394659,6.381009036769069,779200
2001-04-10,6.351052284240723,6.36603095203864,6.291136470249951,6.3285837111442955,475200
2001-04-11,6.306115627288818,6.313605533168409,6.1338586486505235,6.313605533168409,631600
2001-04-12,6.246199131011963,6.283646367323306,6.193772657336394,6.276157034340934,392400
2001-04-16,6.285145282745361,6.286643492486018,6.171305912638072,6.231221160073637,439600
2001-04-17,6.201262950897217,6.306114762029686,6.148836473931467,6.286642609333379,966400
2001-04-18,6.1083903312683105,6.2911329473485695,6.0964075180200075,6.208749177794089,717600
2001-04-19,6.244704723358154,6.271666795628816,6.000549005373581,6.1083967230564,685200
2001-04-20,6.171304702758789,6.244700966473007,6.06794996410073,6.244700966473007,407200
2001-04-23,6.085923671722412,6.1713033060913505,6.066450953115654,6.1713033060913505,506000
2001-04-24,6.048476696014404,6.124868793121994,5.991556746926774,6.021514644941283,906000
2001-04-25,6.075439929962158,6.12636819508263,6.029005150428951,6.066452387388137,476400
2001-04-26,6.1248698234558105,6.235713893336021,6.0814308925973855,6.090418434933448,537200
2001-04-27,6.147340297698975,6.201264425619086,6.111390688619016,6.133859265718947,364000
2001-04-30,5.8867034912109375,6.112885043873704,5.8867034912109375,6.11138683493196,956400
2001-05-01,5.6844892501831055,5.886704050173284,5.6695100163398005,5.886704050173284,2162000
2001-05-02,5.6290669441223145,5.729425229424897,5.467294663372777,5.6844886752386765,1828800
2001-05-03,5.69497537612915,5.744405427541557,5.498751665614589,5.591621216703616,1333600
2001-05-04,5.702464580535889,5.721937301636533,5.5871270346311865,5.7069580656362575,878800
2001-05-07,5.724933624267578,5.763878498303644,5.67700120788497,5.700967416076274,670800
2001-05-08,5.841765880584717,5.841765880584717,5.669508452982159,5.721934899878201,658000
2001-05-09,5.820799350738525,5.835778018883061,5.790841443049891,5.826791046556164,644800
2001-05-10,5.765377044677734,5.820798797221776,5.748900168445842,5.820798797221776,728800
2001-05-11,5.711451053619385,5.7788561745116915,5.69347597378189,5.766872787953361,348000
2001-05-14,5.672511577606201,5.739916769306814,5.654537050286012,5.711457053433187,540800
2001-05-15,5.68149471282959,5.6994692261848,5.657528504556152,5.691979893236753,388800
2001-05-16,5.859742164611816,5.870227342895836,5.681493562384137,5.681493562384137,668400
2001-05-17,5.916664123535156,5.916664123535157,5.789343731715109,5.871727548269231,758400
2001-05-18,5.885207176208496,5.939131282243403,5.83427891733102,5.894194146281367,544400
2001-05-21,6.008035659790039,6.0215166899048835,5.864238386164743,5.871727720361974,612400
2001-05-22,6.0305023193359375,6.118877814540239,5.9571060605896635,5.991557447343958,884000
2001-05-23,6.118881702423096,6.126371611110853,6.029008512168091,6.029008512168091,479600
2001-05-24,6.085923671722412,6.148834740668217,6.030501362718511,6.096408849880046,1750800
2001-05-25,6.106895923614502,6.118878743200106,6.078436227124102,6.103900075868219,272400
2001-05-29,6.0694499015808105,6.109892997170324,6.0364961411598035,6.108394787296835,386400
2001-05-30,6.039487361907959,6.156322500933811,6.014023527566103,6.088917964664564,975200
2001-05-31,6.0514726638793945,6.141345788319435,6.031999944070942,6.066451327486271,413200
2001-06-01,6.066451072692871,6.066451072692871,6.006535277983072,6.046978353702281,664800
2001-06-04,6.172802925109863,6.1787946206657915,6.073942234035192,6.073942234035192,454400
2001-06-05,6.171304702758789,6.186283368831226,6.1158829526113925,6.171304702758789,436800
2001-06-06,6.133856296539307,6.17130352597923,6.11737942416184,6.17130352597923,466800
2001-06-07,6.163815021514893,6.178793686741152,6.126367787049795,6.126367787049795,404800
2001-06-08,6.142848491668701,6.205760187774818,6.1263721766741055,6.148840190612114,512000
2001-06-11,6.15183162689209,6.1772960434340405,6.141346446962889,6.156325112176189,553600
2001-06-12,6.217737197875977,6.223728891214456,6.133855776734558,6.141345107707996,640800
2001-06-13,6.16231632232666,6.2536876585825505,6.157822837395848,6.216240427094032,685200
2001-06-14,6.148837566375732,6.184787173293571,6.118879655844137,6.14733992797898,654800
2001-06-15,6.133856296539307,6.178792857587339,6.118877061923713,6.118877061923713,344400
2001-06-18,6.1413493156433105,6.208754483387632,6.02151822376436,6.208754483387632,466800
2001-06-19,5.882211208343506,6.138350135353719,5.8417681296472495,6.136852497505447,1084400
2001-06-20,6.133856296539307,6.145839112832407,5.991556710387723,5.991556710387723,1104400
2001-06-21,6.313604354858398,6.328583021022918,6.145840322538444,6.151832017564047,1514800
2001-06-22,6.273159503936768,6.315100214505998,6.2446992462796524,6.291134012552248,668000
2001-06-25,6.294131755828857,6.327085507719947,6.273161394225253,6.273161394225253,310400
2001-06-26,6.334576606750488,6.3885007352768515,6.268669084596197,6.292635300452396,452000
2001-06-27,6.366177082061768,6.441427403537945,6.328551921323679,6.336076838648418,408800
2001-06-28,6.373706340789795,6.414341610959074,6.348121489635869,6.36618141833951,243600
2001-06-29,6.324041366577148,6.448956686244917,6.324041366577148,6.366181391412331,584800
2001-07-02,6.4023003578186035,6.403805112312067,6.3210298364199735,6.328554757116591,647200
2001-07-03,6.625041484832764,6.625041484832764,6.378220406265394,6.388755410293417,490800
2001-07-05,6.588919162750244,6.644604824129876,6.485073906912913,6.60697965655069,1126000
2001-07-06,6.575375556945801,6.576880885491334,6.531730789073972,6.576880885491334,614000
2001-07-09,6.543771266937256,6.584406530418746,6.531731507821271,6.554306271456751,451600
2001-07-10,6.662664413452148,6.682229660375254,6.5497889163114476,6.566344081083732,682800
2001-07-11,6.727381229400635,6.727381229400636,6.622030627324822,6.682231135400885,794800
2001-07-12,6.784575462341309,6.787584972730993,6.691264565043454,6.765010200118867,535600
2001-07-13,6.798117160797119,6.805642655993634,6.712331797411878,6.784572647318618,453600
2001-07-16,6.745442867279053,6.789088218025769,6.712332522007096,6.787582889178094,338000
2001-07-17,6.667179107666016,6.7725296842438105,6.575373613421287,6.742429437490947,977600
2001-07-18,6.6024675369262695,6.667182903347855,6.567852434393874,6.667182903347855,920000
2001-07-19,6.6009602546691895,6.617515422175244,6.581395004515256,6.606980419964948,538800
2001-07-20,6.614506721496582,6.614506721496583,6.584406462843504,6.600961633808431,348800
2001-07-23,6.548283576965332,6.6145042359410695,6.4941038206867265,6.6145042359410695,350800
2001-07-24,6.477551460266113,6.539256735680155,6.426381189865588,6.539256735680155,393200
2001-07-25,6.470025062561035,6.477549982408915,6.426379723682917,6.477549982408915,934000
2001-07-26,6.456479549407959,6.471529388106575,6.429389380458814,6.471529388106575,413200
2001-07-27,6.436915874481201,6.460995966758465,6.381230768736532,6.44895563356249,346400
2001-07-30,6.361663818359375,6.4414289951162695,6.2834033957934725,6.436914158428757,522800
2001-07-31,6.424875736236572,6.435410741045374,6.361665707383766,6.361665707383766,462400
2001-08-01,6.433905124664307,6.433905124664307,6.4038048689072795,6.430895041677141,364000
2001-08-02,6.432403087615967,6.433907842687924,6.396282650625422,6.433907842687924,435600
2001-08-03,6.426380157470703,6.433905077826523,6.324039633110608,6.432400323401208,224800
2001-08-06,6.369192123413086,6.426382573020393,6.366182039316403,6.426382573020393,156400
2001-08-07,6.388755798339844,6.418856057725877,6.313505436932106,6.381230877022009,306400
2001-08-08,6.381230354309082,6.418855531930917,6.36015977258455,6.403805116413394,162000
2001-08-09,6.393268585205078,6.418853998414982,6.358653498956571,6.418853998414982,562800
2001-08-10,6.394776821136475,6.411331420606069,6.363171228786879,6.40380649828084,562400
2001-08-13,6.433905124664307,6.433905124664307,6.387249699535183,6.41132978931788,381600
2001-08-14,6.433905124664307,6.433905124664307,6.418855283843107,6.433905124664307,501200
2001-08-15,6.411331653594971,6.43390699550582,6.366181543888064,6.43390699550582,284800
2001-08-16,6.509155750274658,6.509155750274658,6.396280217032901,6.411330058485942,1277200
2001-08-17,6.504642009735107,6.524206692100911,6.486581508007792,6.509156848109563,612400
2001-08-20,6.524200916290283,6.531726405738464,6.494101254954519,6.494101254954519,310400
2001-08-21,6.497114181518555,6.546779682269371,6.476044177847738,6.524204350270901,565600
2001-08-22,6.528720378875732,6.546780301714582,6.479054873425651,6.50163020756016,498800
2001-08-23,6.546780586242676,6.546780586242675,6.524205251127024,6.5437705032862805,304400
2001-08-24,6.606982231140137,6.620527319711434,6.527216454391514,6.539256788283653,557600
2001-08-27,6.862832546234131,6.873367550618808,6.606981783618068,6.606981783618068,1523600
2001-08-28,6.77554178237915,6.871862141356676,6.749956364086269,6.840257131213668,584800
2001-08-29,6.757483005523682,6.768018010692755,6.712332327239402,6.757483005523682,389600
2001-08-30,6.742432594299316,6.840258298519524,6.698787244778625,6.757483011779584,236800
2001-08-31,6.802635192871094,6.802635192871094,6.712334382764348,6.74243465279993,281600
2001-09-04,6.917010307312012,6.960655637203027,6.799619974336352,6.802630056478608,645200
2001-09-05,6.9215288162231445,6.938083414245042,6.832733362675135,6.932063821380135,1230800
2001-09-06,6.915508270263672,6.921528436913388,6.834237742836581,6.900457853639382,294000
2001-09-07,6.829721450805664,6.912496715214338,6.817681120069713,6.91099138681506,722400
2001-09-10,6.817683696746826,6.877884224949648,6.772533587652103,6.817683696746827,404000
2001-09-17,6.494104862213135,6.802631155194696,6.474539612185653,6.802631155194696,1171600
2001-09-18,6.501630783081055,6.515175869937845,6.448955190142582,6.509155703753794,732000
2001-09-19,6.12838888168335,6.582901078962649,5.914677582379681,6.539255736793745,3309200
2001-09-20,6.15548038482666,6.24879068119463,6.128390206185194,6.128390206185194,1596800
2001-09-21,6.1539740562438965,6.199124155273513,6.050128771064314,6.117854206666067,1202400
2001-09-24,6.313506603240967,6.366181636311287,6.178055698038999,6.178055698038999,463600
2001-09-25,6.418857097625732,6.56183234817167,6.298456040575781,6.312001130788161,864800
2001-09-26,6.514121055603027,6.547386832616244,6.388616594738197,6.456661147205886,455200
2001-09-27,6.932969570159912,6.940530522129141,6.5776267467528475,6.5776267467528475,955600
2001-09-28,6.925407409667969,6.985891548911332,6.759076891977974,6.94052873288856,1039600
2001-10-01,6.8422417640686035,6.940528340578592,6.781757628244077,6.940528340578592,718800
2001-10-02,6.82863712310791,6.864927742610215,6.721278263010826,6.849806410809325,560000
2001-10-03,6.872483730316162,7.037302392339391,6.713713597149803,6.811999595386378,1980400
2001-10-04,6.727323532104492,6.887605533697502,6.718250737425444,6.887605533697502,741600
2001-10-05,6.8120012283325195,6.855852207827425,6.698593880768207,6.727324111315709,758000
2001-10-08,6.8150248527526855,6.815024852752685,6.716738263376457,6.804440214120727,671200
2001-10-09,6.852827072143555,6.880044878247017,6.75151679806252,6.815024627757582,1032800
2001-10-10,6.899702548980713,6.925407935177025,6.812000598104848,6.8513154646421475,541200
2001-10-11,6.881556987762451,6.910287215768908,6.843754541917785,6.907262950882989,1033600
2001-10-12,6.821076393127441,6.886096674461666,6.781761509296618,6.872487764954043,528000
2001-10-15,6.710691928863525,6.796881479549672,6.700107287678889,6.796881479549672,684800
2001-10-16,6.799904823303223,6.818049837614202,6.7106910191131295,6.7106910191131295,664400
2001-10-17,6.710691928863525,6.819562606308315,6.6532320361328665,6.819562606308315,865200
2001-10-18,6.6955671310424805,6.736393830234127,6.653228588244943,6.736393830234127,377600
2001-10-19,6.733374118804932,6.757567670592729,6.663817729517489,6.683475170601253,332000
2001-10-22,6.78931999206543,6.804440740761509,6.743956592338015,6.743956592338015,367600
2001-10-23,6.834683418273926,6.842243793289323,6.768150733771295,6.789320591361903,522400
2001-10-24,6.801413059234619,6.857360493490613,6.789316581717866,6.842239752389847,590400
2001-10-25,6.721276760101318,6.733373246017369,6.663816865745904,6.728837135901313,356400
2001-10-26,6.740929126739502,6.759074130371066,6.691029645728617,6.70615038595171,208000
2001-10-29,6.660792350769043,6.722788352920195,6.629038427505699,6.713716133027627,287600
2001-10-30,6.520166873931885,6.6532316688177415,6.473292201793427,6.622989591322822,548400
2001-10-31,6.616938591003418,6.650204921514725,6.532261497802907,6.539821870150177,1115200
2001-11-01,6.630552768707275,6.6834765708950465,6.604847366905705,6.607871633615283,429200
2001-11-02,6.6381072998046875,6.712199743616103,6.606352818494744,6.630546351937969,442000
2001-11-05,6.790833473205566,6.804442381040436,6.63055084501929,6.63055084501929,414800
2001-11-06,6.830146789550781,6.83014678955078,6.751518196542358,6.801417133521536,359600
2001-11-07,6.808975696563721,6.863411305559538,6.766637145931194,6.8044395880872335,522400
2001-11-08,6.721276760101318,6.83468412756033,6.703131742817392,6.827123751760335,481600
2001-11-09,6.523185729980469,6.683468204014783,6.520161467056897,6.683468204014783,978000
2001-11-12,6.527727127075195,6.585187015559456,6.49446136159032,6.577626640531968,407200
2001-11-13,6.526212692260742,6.57006365756132,6.4899220989866135,6.5367973284616525,592400
2001-11-14,6.5247015953063965,6.630547969429147,6.512604537224095,6.5398223410897955,504800
2001-11-15,6.440025329589844,6.570065848356789,6.426416424676568,6.539823773347331,506400
2001-11-16,6.412808418273926,6.464219779947465,6.396175245847239,6.441538076307495,700800
2001-11-19,6.39617395401001,6.4415367753083235,6.367444301778978,6.418855653068951,382800
2001-11-20,6.449099540710449,6.474804935178058,6.385591111568582,6.403736129829231,518800
2001-11-21,6.489923477172852,6.562504679134297,6.44153639374491,6.44153639374491,407600
2001-11-23,6.427927017211914,6.4793383616712905,6.420366644136607,6.4793383616712905,309200
2001-11-26,6.426416873931885,6.508070309119734,6.426416873931885,6.427928718219226,573600
2001-11-27,6.358370304107666,6.417342018322947,6.33568918615842,6.411294066294824,578000
2001-11-28,6.443047523498535,6.502019233558307,6.373491177111084,6.373491177111084,604400
2001-11-29,6.5247015953063965,6.554943086873195,6.441535763039268,6.456657085642145,469200
2001-11-30,6.5020222663879395,6.588211817727043,6.50202226638794,6.517143017674921,622800
2001-12-03,6.438514232635498,6.514119140523732,6.429441436033828,6.502022078388173,395600
2001-12-04,6.393148899078369,6.449096929358946,6.367443515019317,6.441535979393817,300400
2001-12-05,6.3810505867004395,6.41885301840267,6.365929267927948,6.3916352214315175,509600
2001-12-06,6.157262802124023,6.388613595067275,6.123996463910642,6.38105322096957,908800
2001-12-07,6.201114654541016,6.260086970677791,6.15423997806832,6.15423997806832,494000
2001-12-10,6.173892974853516,6.24647356924114,6.133066282356859,6.199598349674027,577600
2001-12-11,6.208672523498535,6.263107548802267,6.18447898664596,6.237402168254901,466400
2001-12-12,6.252524375915527,6.305448146730963,6.229843254268529,6.2464764229013925,984800
2001-12-13,6.240426540374756,6.3205675244310875,6.199599838076408,6.244962648356984,1705600
2001-12-14,6.272181034088135,6.313007740189133,6.247987494563782,6.252523602968511,420400
2001-12-17,6.260085105895996,6.270669744321974,6.231354878608743,6.263108793886676,1580000
2001-12-18,6.275204658508301,6.288813559153747,6.249499277744361,6.275204658508301,1420800
2001-12-19,6.471779823303223,6.5020219009973745,6.269158652617961,6.275207183520721,1416000
2001-12-20,6.319056987762451,6.508069217043552,6.290326759747214,6.502020687269865,1012400
2001-12-21,6.387101173400879,6.455145110946688,6.317544238261035,6.317544238261035,665200
2001-12-24,6.450608253479004,6.494459221737519,6.382563747012247,6.396172648305598,232400
2001-12-26,6.461190700531006,6.471775333858493,6.3734893705576505,6.456654593910442,294800
2001-12-27,6.56148624420166,6.575162361825742,6.49918405939605,6.49918405939605,468400
2001-12-28,6.550845146179199,6.591873472858986,6.503738420065058,6.581236563682902,673600
2001-12-31,6.37761926651001,6.518938963713723,6.37761926651001,6.518938963713723,627200
2002-01-02,6.404971599578857,6.404971599578857,6.291004137519935,6.339630208291596,1365600
2002-01-03,6.389772891998291,6.404968894990514,6.377616669272756,6.382175180336302,1313600
2002-01-04,6.385217666625977,6.404972190846983,6.3821784644636255,6.3821784644636255,859600
2002-01-07,6.398890018463135,6.398890018463135,6.374576995149873,6.382174706247479,886800
2002-01-08,6.3867316246032715,6.412564531496197,6.379133915399961,6.388251514244767,498000
2002-01-09,6.4125657081604,6.435358839952727,6.38521348627508,6.4049679975629585,877200
2002-01-10,6.471829414367676,6.4763879253221965,6.397370450657194,6.397370450657194,702800
2002-01-11,6.509819030761719,6.5417297691294465,6.461192978105675,6.4627122886463075,702000
2002-01-14,6.487026214599609,6.55388748102524,6.487026214599609,6.534132963247816,847600
2002-01-15,6.5037431716918945,6.556928336097408,6.473351731984243,6.5037431716918945,604400
2002-01-16,6.480949401855469,6.532614670477047,6.473351107909709,6.4870272254762575,671200
2002-01-17,6.53413724899292,6.53413724899292,6.473354345041772,6.480952642787214,648000
2002-01-18,6.4961442947387695,6.5341334426612185,6.4763897755119455,6.526535729010408,231200
2002-01-22,6.4961442947387695,6.5326141317984145,6.4733505741179425,6.518938015359597,730400
2002-01-23,6.523495197296143,6.549327534374654,6.4733492540238196,6.520455996521917,1191200
2002-01-24,6.479432106018066,6.4961474319232195,6.4733537002946155,6.4961474319232195,468800
2002-01-25,6.493105411529541,6.534133762856526,6.470312269460166,6.473350891334677,1222000
2002-01-28,6.531093597412109,6.535652109219526,6.488545941427331,6.503741367230941,852400
2002-01-29,6.567564964294434,6.585799595449919,6.511340600423273,6.511340600423273,576000
2002-01-30,6.698248863220215,6.698248863220215,6.564526859833574,6.567566062145607,1211200
2002-01-31,6.716479778289795,6.7620666283902375,6.655696925043707,6.670892928189354,516400
2002-02-01,6.731675148010254,6.7620665743906025,6.6891274988787135,6.716479724654203,520800
2002-02-04,6.7620673179626465,6.774224121718873,6.670893608464181,6.731675888240389,653200
2002-02-05,6.888189315795898,6.895787025846783,6.748389016253523,6.7499083263964526,641200
2002-02-06,6.866918563842773,6.903388402995258,6.766627230758976,6.903388402995258,633600
2002-02-07,6.876035213470459,6.906426645264772,6.800056923818852,6.853241494707638,914400
2002-02-08,6.9246625900268555,6.9246625900268555,6.871478009018659,6.8745172107431936,670400
2002-02-11,6.923142433166504,6.924661744008921,6.886672596596245,6.917064030460063,547600
2002-02-12,6.936817169189453,6.956571104552325,6.822849749627753,6.885151915801418,1212800
2002-02-13,6.997601509094238,7.020395231596885,6.9140254926986024,6.9140254926986024,522800
2002-02-14,6.991520404815674,7.088773080876655,6.959609669374589,6.997598805757276,498000
2002-02-15,7.069015026092529,7.1191603595675215,6.970243089114738,6.989997592443881,387600
2002-02-19,7.078138828277588,7.081177450221762,6.974808292122555,7.065982021827144,580000
2002-02-20,7.245291709899902,7.255928626958613,7.0887765763201624,7.096374291409455,1138400
2002-02-21,7.260486602783203,7.347101823662091,7.2255366522240445,7.246810484767145,889200
2002-02-22,7.433716773986816,7.453471294772917,7.225536389246721,7.260486338533858,1042400
2002-02-25,7.453466415405273,7.532483867152928,7.406360270088754,7.433711907551345,1172400
2002-02-26,7.193626880645752,7.43067943190429,7.149559318866596,7.43067943190429,2092800
2002-02-27,7.3729329109191895,7.438274282968342,7.1419588529240015,7.189065598719627,1736800
2002-02-28,7.445870399475098,7.470183422490738,7.3850875521019015,7.3850875521019015,1215200
2002-03-01,7.454988956451416,7.470184380409162,7.4230776386709225,7.445871354275808,756000
2002-03-04,7.325826168060303,7.491458854072735,7.293915427186757,7.48538045209635,1206800
2002-03-05,7.184509754180908,7.32431016441781,7.175392726768196,7.32431016441781,660400
2002-03-06,7.158672332763672,7.248326710049526,7.10396788836306,7.248326710049526,786000
2002-03-07,7.056863307952881,7.217937490096696,6.95201347730366,7.196663661820188,1532400
2002-03-08,7.062939167022705,7.138917429034138,6.997597815319421,7.119162918604087,570800
2002-03-11,7.052305698394775,7.08117724336854,6.952014366782033,7.0507863874670695,516400
2002-03-12,7.157155513763428,7.157155513763427,6.986964286790191,7.05230567011953,799600
2002-03-13,7.0842156410217285,7.161713821914379,7.073578726729537,7.14955701719853,341200
2002-03-14,7.182985305786133,7.225532949066242,7.111565550564666,7.111565550564666,450400
2002-03-15,7.356217384338379,7.415480352713839,7.19970230584234,7.210339219157509,1334800
2002-03-18,7.453466415405273,7.4792993225478055,7.354695035471752,7.394203471511549,1330400
2002-03-19,7.423079490661621,7.613025235864512,7.339503478706031,7.491460074868344,1904400
2002-03-20,7.4884185791015625,7.5598383429103295,7.4078817933040915,7.4078817933040915,1264000
2002-03-21,7.497573375701904,7.5387772877626755,7.447212844689128,7.526568462493337,656800
2002-03-22,7.706648349761963,7.737169845794804,7.45484673517742,7.497577062483044,1501200
2002-03-25,7.705122470855713,7.7325911766856965,7.662392143916503,7.706648283677168,802800
2002-03-26,7.7814249992370605,7.830259153837705,7.7234342223429024,7.729538637205244,738800
2002-03-27,7.804317474365234,7.857730243455839,7.7219096012420225,7.782952599588663,910400
2002-03-28,7.802788257598877,7.8302575366571485,7.798209656323216,7.821100916254751,325600
2002-04-01,7.7814249992370605,7.804315681747276,7.714277600049391,7.804315681747276,634000
2002-04-02,7.918769359588623,7.918769359588623,7.709698137925776,7.709698137925776,788400
2002-04-03,7.843992233276367,7.914191243758907,7.801261919903098,7.88061755085468,658400
2002-04-04,7.821104049682617,7.8790948378332475,7.784478135548231,7.813473820698124,746400
2002-04-05,7.767693042755127,7.821105235896676,7.752432000322368,7.821105235896676,977600
2002-04-08,7.984393119812012,8.011862408928842,7.7371700999096795,7.7753218256664836,1188800
2002-04-09,7.8989338874816895,7.966081304554781,7.8714651775826585,7.908090512214165,687200
2002-04-10,7.87146520614624,7.8897778735284465,7.782952913192049,7.843995913998333,747400
2002-04-11,8.219409942626953,8.225514359988146,7.871466303128957,7.871466303128957,842800
2002-04-12,8.149210929870605,8.317078333091642,8.094272337645748,8.179731852529496,950800
2002-04-15,8.03627872467041,8.240771978534829,7.981340151669658,8.152259703778267,479400
2002-04-16,8.12479019165039,8.173624344540556,7.981339358155133,8.072903831435962,403200
2002-04-17,8.011863708496094,8.106479840718453,7.94471686984623,8.103427632304928,427200
2002-04-18,7.868412017822266,7.98134079845382,7.7524304471665255,7.966080341227651,757400
2002-04-19,7.843992233276367,7.917243450581921,7.837887819630339,7.898930209643837,308200
2002-04-22,7.825684547424316,7.908092443696409,7.792111412837025,7.874518726959778,298000
2002-04-23,7.776846885681152,7.932505981557583,7.630344412673598,7.856202537430847,536600
2002-04-24,7.660865306854248,7.807367768389624,7.608978945625172,7.776846276699162,529800
2002-04-25,7.615083694458008,7.706647591397162,7.569301163839371,7.6761260983677575,558000
2002-04-26,7.6974921226501465,7.767691741784985,7.6211886697137485,7.676127248971818,657800
2002-04-29,7.764639377593994,7.773795419186699,7.697491967785439,7.773795419186699,531800
2002-04-30,7.825684547424316,7.853153846181681,7.731068397343029,7.761589905090028,993200
2002-05-01,7.963026523590088,8.011860675420731,7.78295037040871,7.84399335127152,485800
2002-05-02,7.996598720550537,8.063745521178918,7.956920615791435,7.959972822476666,1147600
2002-05-03,8.04543685913086,8.118688109511286,7.959976775945768,8.06374952618867,447000
2002-05-06,7.996598720550537,8.15836159982548,7.966077235847128,8.048485069901664,258200
2002-05-07,7.856206893920898,8.042387587120325,7.767695152369129,8.01186607611477,576600
2002-05-08,7.847045421600342,8.234667033129044,7.706647372658694,8.210249955828365,583400
2002-05-09,7.7524261474609375,7.874511484005834,7.691383770262892,7.782947627134363,584200
2002-05-10,7.7524261474609375,7.859251035243523,7.5998193312426165,7.819573519172234,626200
2002-05-13,7.825684547424316,7.825684547424317,7.673077590838668,7.752433278121126,488800
2002-05-14,7.966080665588379,7.96608066558838,7.789056676670822,7.90198546190058,813800
2002-05-15,7.819577217102051,7.9111411172746955,7.798211763722626,7.889776246044351,646200
2002-05-16,7.782954216003418,7.84399722702787,7.74938050172504,7.816527930281796,690400
2002-05-17,7.847045421600342,7.859254251325203,7.752429319828838,7.859254251325203,404400
2002-05-20,7.825684547424316,7.889779771907946,7.813476293615122,7.847049428202413,785200
2002-05-21,7.87146520614624,7.89283008178368,7.828734872722162,7.850099748359601,485000
2002-05-22,7.993549823760986,8.011862489306212,7.828734087406528,7.828734087406528,517400
2002-05-23,8.097323417663574,8.097323417663574,7.966081372786621,8.054593084028555,657400
2002-05-24,8.079007148742676,8.12478967353808,8.042381827485135,8.097320391520432,427200
2002-05-28,8.021016120910645,8.042380986434761,7.932503869854817,8.042380986434761,379400
2002-05-29,8.082060813903809,8.100374059985336,7.96607983279958,7.96607983279958,435200
2002-05-30,8.027119636535645,8.194987511610817,7.996598733930068,8.027119636535645,670200
2002-05-31,8.014915466308594,8.149209718207487,8.011863258066665,8.027123717127113,398600
2002-06-03,8.011863708496094,8.072906712468138,7.905038742619634,8.072906712468138,447600
2002-06-04,7.941661357879639,7.996599922171421,7.923348115016386,7.996599922171421,491000
2002-06-05,8.12174129486084,8.130897338416737,7.868413805177413,7.874517640164925,403400
2002-06-06,7.966080665588379,8.10647874066303,7.932506959744811,8.08816607481615,345000
2002-06-07,7.972186088562012,7.996603173491713,7.880621583463713,7.905038668393415,346200
2002-06-10,8.094268798828125,8.164467821691387,8.027121401177155,8.027121401177155,297600
2002-06-11,7.908093452453613,8.1186912424075,7.859259266688859,8.1186912424075,636400
2002-06-12,7.843992233276367,7.96607759545229,7.78905367475997,7.874513137208653,404200
2002-06-13,7.7127509117126465,7.874513812155043,7.712750911712646,7.874513812155043,558200
2002-06-14,7.615083694458008,7.712752006432854,7.477737266900216,7.712752006432854,606800
2002-06-17,7.8134765625,7.843998071297333,7.660869600662693,7.691391109460026,353400
2002-06-18,7.8134765625,7.917249343121317,7.782955053702667,7.874518997945307,580400
2002-06-19,7.596775531768799,7.70665274732542,7.493002735331866,7.630349254777643,1869800
2002-06-20,8.127846717834473,8.167524854826384,7.660869776471292,7.673078030980776,1034200
2002-06-21,8.149210929870605,8.240774862145846,8.011864449308462,8.149210929870605,1202000
2002-06-24,7.9355621337890625,8.146159907264519,7.874519115284784,8.137003279844066,636200
2002-06-25,7.804317474365234,8.088166427023513,7.770743767059664,7.95387217995041,772000
2002-06-26,7.965214729309082,8.014250248836495,7.692454578869156,7.753748686003672,425600
2002-06-27,7.701649188995361,7.965215572777428,7.628095901915391,7.9069856679663655,2498200
2002-06-28,7.891660690307617,7.91311365496695,7.6832594601036215,7.701647632018843,1108800
2002-07-01,7.9008588790893555,7.952959211768116,7.781334242620597,7.8763411098611,673800
2002-07-02,7.695522785186768,7.937635697171643,7.661810631352892,7.937635697171643,399000
2002-07-03,7.747620105743408,7.7997204211428715,7.631160302121297,7.720037551440779,568400
2002-07-05,7.879401206970215,7.891660377460673,7.661806191709392,7.6924535333861135,199200
2002-07-08,7.692455291748047,7.848756243932537,7.6740671163585645,7.81504410192719,621400
2002-07-09,7.554542541503906,7.723102667573504,7.551477748169963,7.661807969993731,543400
2002-07-10,7.44727897644043,7.569868402273778,7.355337491615122,7.493250303402788,1495200
2002-07-11,7.364529132843018,7.431952824316527,7.324687408911339,7.385982099014157,854200
2002-07-12,7.257260322570801,7.453402303867564,7.220483408803051,7.364525687798423,678800
2002-07-15,7.269522190093994,7.31549349922092,7.058056740127841,7.260328395908192,608200
2002-07-16,7.064184665679932,7.312427592785199,6.987566608201627,7.217420780636541,742800
2002-07-17,7.128541946411133,7.226612936305654,7.079506451463874,7.110153781943213,1017200
2002-07-18,6.8312668800354,7.1653211019359775,6.742389645039781,7.128544758492538,793600
2002-07-19,6.4818902015686035,6.7883625570522215,6.343977992330752,6.7883625570522215,1510400
2002-07-22,6.573831558227539,6.6473848455574815,6.3531711116881455,6.481889510652937,1417600
2002-07-23,6.70255184173584,6.803687713319384,6.527862077591783,6.527862077591783,1207200
2002-07-24,6.947731018066406,6.9569254027364025,6.546252240274262,6.6412585436648,980000
2002-07-25,7.24807071685791,7.367595326832375,7.00289307892239,7.024346049173048,1122400
2002-07-26,7.002892017364502,7.199034097980034,6.9661150849743345,7.177581130981399,980800
2002-07-29,7.116284370422363,7.18983762927758,7.048860695942415,7.079508033269424,1050800
2002-07-30,6.898692607879639,7.0641873714560965,6.83433311098074,7.0641873714560965,1076400
2002-07-31,6.972246170043945,7.048864259824648,6.880304696126957,6.880304696126957,1239000
2002-08-01,7.0733795166015625,7.140803201258932,6.895625634732654,6.895625634732654,1285800
2002-08-02,6.963050365447998,7.146933860242211,6.87110891032565,7.073380579234429,618600
2002-08-05,6.797555923461914,6.999827601123398,6.745455607424892,6.926274316932816,280600
2002-08-06,6.819007873535156,6.910949318909108,6.773037150848181,6.797554908584531,603800
2002-08-07,6.907886028289795,6.926274202897308,6.788361431967127,6.926274202897308,441800
2002-08-08,6.975310802459717,6.987569392575309,6.843527597556781,6.843527597556781,631200
2002-08-09,6.941597938537598,7.030475192016741,6.8496564762587795,6.975310080829626,333400
2002-08-12,6.910950183868408,7.002892225299076,6.742390651403141,6.742390651403141,499800
2002-08-13,6.76690673828125,6.901754681625902,6.739324191130085,6.834330417678885,545600
2002-08-14,6.9875664710998535,6.999825640639553,6.766906680329641,6.766906680329641,644600
2002-08-15,6.975310802459717,7.002893360906826,6.815945039109673,6.956922625011519,705600
2002-08-16,6.972246170043945,7.024346494476808,6.926275433085451,6.941598817221737,409400
2002-08-19,7.036604404449463,7.110158277930095,6.959986322077585,6.975310289281707,680200
2002-08-20,6.849656105041504,7.0274100178168535,6.8190087577596445,7.002892256901272,722800
2002-08-21,6.932403087615967,6.9753090188739275,6.80368470929261,6.880302777710097,889400
2002-08-22,7.079509735107422,7.125480459874133,6.972244320952108,7.009021251495166,604000
2002-08-23,7.09176778793335,7.137739093785879,7.04886185932372,7.04886185932372,562800
2002-08-26,7.097895622253418,7.140801540278061,7.076442663241097,7.110154790002912,427000
2002-08-27,7.051931381225586,7.171455453679465,7.018219223538665,7.165325864181874,501400
2002-08-28,7.002892017364502,7.048862744440078,6.97837425728756,6.981439050365866,256600
2002-08-29,7.110157012939453,7.1469333585871935,6.8803028067179115,6.941596910980638,710000
2002-08-30,7.094836711883545,7.183713998098112,7.064189351652667,7.064189351652667,465400
2002-09-03,6.978376388549805,7.070317870780758,6.86804614223291,7.018217541636634,494200
2002-09-04,7.061121940612793,7.064186149151944,6.938532555264347,6.956921313796321,359000
2002-09-05,6.963050365447998,7.091768753348995,6.963050365447998,7.042733232677141,578400
2002-09-06,7.002892017364502,7.0519275375183845,6.9753094642092535,6.9875680519729695,526600
2002-09-09,6.889496803283691,6.996762219581999,6.763843213621228,6.773037592578051,910800
2002-09-10,6.926275730133057,6.956923084269639,6.791427722661887,6.86498102185989,614200
2002-09-11,6.910950183868408,6.981439257663446,6.892562009402086,6.956921496858506,230000
2002-09-12,6.800621032714844,6.880303907094711,6.773038476792983,6.843526971015708,459600
2002-09-13,6.8925628662109375,6.935468806815803,6.742391489544312,6.8006213979006285,378200
2002-09-16,7.005953788757324,7.018212371233882,6.8036822092254186,6.825135166971339,616400
2002-09-17,6.959986209869385,7.073381227153435,6.929339445054381,7.04886346457169,507200
2002-09-18,6.926275730133057,6.969181675194476,6.797557310399136,6.92934052400168,322400
2002-09-19,6.895628452301025,6.981440927923097,6.843528125057209,6.981440927923097,535200
2002-09-20,7.009023666381836,7.067252998358894,6.9630523412267,7.048864819026648,2207200
2002-09-23,6.978376388549805,7.042735309201534,6.94159944492761,6.94159944492761,752600
2002-09-24,6.926275730133057,6.947728702663766,6.837398461591931,6.923210936264432,385200
2002-09-25,6.999826431274414,7.048861945873054,6.791425201955474,6.926273159376454,1466800
2002-09-26,7.336967945098877,7.340046894279934,7.026001124806244,7.038316921530472,629400
2002-09-27,7.198414325714111,7.296938885167388,7.136837136711159,7.296938885167388,652000
2002-09-30,7.019837379455566,7.1491502011047015,6.881288305205864,7.142992895120663,1103800
2002-10-01,7.312330722808838,7.355434800202554,7.0475471908211285,7.050626137384824,750000
2002-10-02,6.99213171005249,7.389307256995712,6.99213171005249,7.389307256995712,700200
2002-10-03,7.2846245765686035,7.315413470956543,7.062945594024217,7.062945594024217,711800
2002-10-04,7.2846245765686035,7.327728676362128,7.213810530550868,7.284624576568604,636200
2002-10-07,7.303097724914551,7.401622305034661,7.28154567488023,7.312334569464682,483000
2002-10-08,7.404699325561523,7.472434998835592,7.3123332457777,7.343122134788712,903800
2002-10-09,7.432410717010498,7.530934711268405,7.4047007702192955,7.4047007702192955,1699600
2002-10-10,7.235361099243164,7.509380969975609,7.235361099243164,7.447803781054972,1908400
2002-10-11,7.395462989807129,7.423172930891898,7.235361238483847,7.343122055230256,689400
2002-10-14,7.432410717010498,7.4755154049353285,7.361596669543793,7.395464512788447,477400
2002-10-15,7.543248176574707,7.632535885850488,7.512459291057226,7.574037062092189,807200
2002-10-16,7.386225700378418,7.574037381429352,7.367752603188723,7.534011652394314,740600
2002-10-17,7.3893046379089355,7.450882411457845,7.3277268643600255,7.3893046379089355,738400
2002-10-18,7.355433464050293,7.401617066867227,7.312329394486652,7.3893012828496705,577000
2002-10-21,7.3831467628479,7.432408746919094,7.3092537867411105,7.327726883955514,966600
2002-10-22,7.229203224182129,7.3893049728673965,7.204572231095872,7.3893049728673965,797400
2002-10-23,6.908998966217041,7.266148589917742,6.908998966217041,7.266148589917742,2129200
2002-10-24,6.718112468719482,7.112209109104058,6.708876209505029,7.112209109104058,1544000
2002-10-25,6.881290435791016,6.970577566319369,6.718109738085069,6.718109738085069,775600
2002-10-28,6.558008193969727,6.927473692467692,6.55185088588583,6.927473692467692,903600
2002-10-29,6.681164264678955,6.7458204088939455,6.551851388999709,6.6041923288520055,759200
2002-10-30,6.644217491149902,6.77045141919324,6.610349651394624,6.684242639474923,677600
2002-10-31,6.8474225997924805,6.927473474860776,6.711951842965426,6.711951842965426,1748800
2002-11-01,6.798161506652832,6.8658966003441515,6.770451562131546,6.850502447720895,1309400
2002-11-04,6.810474395751953,6.912077286607815,6.761211836406084,6.862815314510975,750800
2002-11-05,6.853579044342041,6.896683126698261,6.78584397388954,6.807396015067651,875400
2002-11-06,6.835109233856201,6.896686440055743,6.8104782339265135,6.865897543331291,637200
2002-11-07,6.927476406097412,6.9336343038427,6.853583394902307,6.881293347506653,553400
2002-11-08,7.019837379455566,7.235358944620465,6.995206393772351,7.235358944620465,1027200
2002-11-11,7.142992973327637,7.142992973327637,7.019837456314138,7.096809360823061,969000
2002-11-12,7.109127998352051,7.235361925389545,7.050629163036129,7.142995837837468,779800
2002-11-13,7.256913185119629,7.358516105290935,7.053707344777016,7.06602313497921,639800
2002-11-14,7.303097724914551,7.373912358633587,7.28154567488023,7.296940415797116,491600
2002-11-15,7.43548583984375,7.521694584091586,7.312330910381861,7.312330910381861,543200
2002-11-18,7.290780067443848,7.447802848491311,7.2476759818716845,7.420092911409458,706400
2002-11-19,7.327727794647217,7.349280429199956,7.259992704943486,7.327727794647217,416600
2002-11-20,7.380070209503174,7.3954649515501485,7.204574260913202,7.389307054731359,555000
2002-11-21,7.223043918609619,7.435486559524338,7.204570824214581,7.38314563603083,789000
2002-11-22,7.266153812408447,7.404703000852445,7.164550839316379,7.204576003822555,781200
2002-11-25,7.358512878417969,7.420090627927317,7.210726984294261,7.210726984294261,513400
2002-11-26,7.3893046379089355,7.417014577281027,7.3277268643600255,7.355436803732118,556000
2002-11-27,7.327727794647217,7.460119613510675,7.2230459186737495,7.358516685330456,696600
2002-11-29,7.324649333953857,7.404699626486814,7.272308396682777,7.404699626486814,202000
2002-12-02,7.23228120803833,7.401619776785398,7.139915143084744,7.389303988258723,562600
2002-12-03,7.2846245765686035,7.355438622586341,7.186100584326654,7.186100584326654,570800
2002-12-04,7.2846245765686035,7.398543309629181,7.23536258044763,7.23536258044763,430600
2002-12-05,7.250757217407227,7.343123906728903,7.226126217704651,7.290782958954759,440000
2002-12-06,7.189177989959717,7.321569796346965,7.102969221620554,7.19841424521982,774000
2002-12-09,7.189177989959717,7.235361028007802,7.1152850116329445,7.158389102177931,1249400
2002-12-10,7.336967945098877,7.373914748022051,7.19226085708626,7.219970812466262,595200
2002-12-11,7.327727794647217,7.352358789743959,7.250755861563741,7.343122533613459,712800
2002-12-12,7.3431267738342285,7.373915682296238,7.293864755194845,7.32773202597843,616200
2002-12-13,7.312330722808838,7.380065785463107,7.300014936554055,7.312330722808837,466000
2002-12-16,7.293863296508789,7.358519462823919,7.2815475006871635,7.312336402991759,643400
2002-12-17,7.401618480682373,7.457037757600542,7.287699805755491,7.296936645533028,963000
2002-12-18,7.278462886810303,7.438564584385411,7.259989794705177,7.389302613939071,682200
2002-12-19,7.259993076324463,7.373911801505126,7.195336931106532,7.266150972225964,841400
2002-12-20,7.35236120223999,7.35851909984705,7.275389243900064,7.35851909984705,1056000
2002-12-23,7.3893046379089355,7.435487674446032,7.343121601371839,7.343121601371839,638800
2002-12-24,7.293863296508789,7.389308365128515,7.287705398597977,7.389308365128515,618600
2002-12-26,7.250553131103516,7.309324253390334,7.238179890629293,7.293858292786135,992000
2002-12-27,7.133011341094971,7.25364810340845,7.114452066119325,7.25364810340845,710000
2002-12-30,7.173221588134766,7.201060787039947,7.114449880447325,7.136102459598347,857400
2002-12-31,7.176314830780029,7.207246749283969,7.074237965746858,7.1917807900319985,1136200
2003-01-02,7.300048828125,7.324794732356383,7.142293467404092,7.1917852758668595,526800
2003-01-03,7.281482696533203,7.303135268614835,7.185591891616916,7.300041959747697,458200
2003-01-06,7.173221588134766,7.306230962906512,7.167034968380608,7.28148507387841,732400
2003-01-07,7.111357688903809,7.182502057299212,7.040213320508406,7.151570133641124,541800
2003-01-08,7.040214538574219,7.15775740278211,7.0216552631706,7.105172297481249,780600
2003-01-09,7.092799186706543,7.145384288618014,7.027840841997694,7.117545082312606,969200
2003-01-10,7.092799186706543,7.1082651502145735,7.068053291100479,7.068053291100479,1394200
2003-01-13,7.111357688903809,7.126824240721478,7.068052523791585,7.114450999267343,639600
2003-01-14,7.238179683685303,7.238179683685304,7.098984272261459,7.098984272261459,949000
2003-01-15,7.071145057678223,7.2536462191660345,7.071145057678222,7.238179669046735,778400
2003-01-16,7.102077484130859,7.17940847027334,7.083518212653473,7.120637345596849,1322600
2003-01-17,7.021652698516846,7.1391955197923025,7.021652698516845,7.102076392554072,1837600
2003-01-21,7.015467166900635,7.061865640652269,7.0123738566520455,7.037119748652157,760600
2003-01-22,7.049496173858643,7.114453948454219,6.990724432565833,7.0371229272753695,989600
2003-01-23,7.040214538574219,7.095892954773804,7.03402791677677,7.095892954773804,582400
2003-01-24,6.975256443023682,7.055680759345392,6.9752564430236825,7.037121483267689,776600
2003-01-27,6.91648006439209,7.0154635818092865,6.897920212385139,7.0154635818092865,578800
2003-01-28,6.885550022125244,6.962880996421365,6.870083473272913,6.9288551789347474,797400
2003-01-29,6.836062908172607,6.931953216503051,6.71542610480059,6.8979273758098,1447400
2003-01-30,6.854618549346924,6.9133902638823495,6.836059277910485,6.870084510545857,943600
2003-01-31,6.928861618041992,6.975260127740875,6.836064598644226,6.836064598644226,785200
2003-02-03,6.993813991546631,7.049492391318309,6.959788171688705,6.959788171688705,917200
2003-02-04,7.052584171295166,7.098983224912858,6.984533130638214,7.021652255534672,572800
2003-02-05,7.052584171295166,7.160847646422321,7.052584171295167,7.083516677044136,496600
2003-02-06,7.006189346313477,7.055681145219884,7.006189346313477,7.049495112848168,504600
2003-02-07,6.981442928314209,7.086613140676011,6.981442928314209,7.006188825929413,455400
2003-02-10,7.015467166900635,7.098984773646738,6.984534654403344,7.043306369149335,587200
2003-02-11,6.941229343414307,7.037119599128705,6.928856102682853,7.02165363820298,910200
2003-02-12,6.897923469543457,6.95978849213565,6.873177578504295,6.941229221353424,848800
2003-02-13,6.907207012176514,6.928859604410818,6.885554419942209,6.897927076938002,443600
2003-02-14,6.888644218444824,6.99072109405317,6.885550908276258,6.913390109804769,569800
2003-02-18,7.120641231536865,7.1546664828158715,6.94432658131018,6.94432658131018,778400
2003-02-19,6.9597930908203125,7.129921130378109,6.959793090820312,7.129921130378109,632200
2003-02-20,6.950506210327148,7.040210403739179,6.913387681320252,7.037117094657208,548200
2003-02-21,6.98762845993042,7.092798655882439,6.9257634305508855,6.959789255708494,481600
2003-02-24,6.913392066955566,7.030934936694025,6.870086302324551,6.987629762051764,675400
2003-02-25,7.030936241149902,7.095894605153831,6.897926791512735,6.897926791512735,678400
2003-02-26,6.993813991546631,7.0989841711179,6.975254131630369,7.0989841711179,532600
2003-02-27,7.08043098449707,7.117550149325797,6.990727270310405,7.068058322880234,1164400
2003-02-28,7.154664516448975,7.201063592694485,7.092800064769564,7.098986686934134,1224800
2003-03-03,7.148477554321289,7.250554446802366,7.098985763420687,7.160850207052096,918800
2003-03-04,7.269115447998047,7.330980496316965,7.114453417189577,7.114453417189577,1514200
2003-03-05,7.148477554321289,7.238181204082872,7.074239867970387,7.238181204082872,1145000
2003-03-06,7.154664516448975,7.1979702816122,7.0649608550177625,7.11754596343908,980600
2003-03-07,7.318606853485107,7.374285275952764,7.136105619836145,7.136105619836145,817800
2003-03-10,7.238179683685303,7.334069934664648,7.182501283120341,7.321697284532747,710000
2003-03-11,7.275298595428467,7.389748113160628,7.253646015856899,7.2845779352513995,645200
2003-03-12,7.377382755279541,7.408315295236619,7.222720645483279,7.222720645483279,679600
2003-03-13,7.482548236846924,7.544412687083936,7.420683196621163,7.423776507631326,756800
2003-03-14,7.327887535095215,7.482549573294842,7.300048321020173,7.482549573294842,900600
2003-03-17,7.541318416595459,7.547505037828664,7.327885293947951,7.327885293947951,793200
2003-03-18,7.596996784210205,7.640302542605962,7.423775520593193,7.547504994605345,1052800
2003-03-19,7.770219326019287,7.773312046903425,7.516573144343256,7.516573144343256,870400
2003-03-20,7.912511348724365,8.274420610229278,7.87229947077447,8.104292571995853,32450400
2003-03-21,8.00839900970459,8.026958876439728,7.903228791493889,7.94653455722044,4323600
2003-03-24,7.872300148010254,8.008402354309966,7.785689170373968,8.008402354309966,2197800
2003-03-25,7.730008125305176,7.875390219918756,7.671236389189549,7.875390219918756,4580000
2003-03-26,7.52894926071167,7.652678792894859,7.519669324552075,7.640306134671014,3368000
2003-03-27,7.661958694458008,7.7176371311862715,7.470177477948313,7.528949226715809,1259200
2003-03-28,7.411402702331543,7.658862254505937,7.392843427664792,7.658862254505937,2069000
2003-03-31,7.467082500457764,7.485642368553572,7.330980341021381,7.399031420739572,1456800
2003-04-01,7.433053970336914,7.513478259906438,7.39902815052212,7.4670792001631545,1107400
2003-04-02,7.60009241104126,7.624838313385342,7.433057717715912,7.485642833945695,1244200
2003-04-03,7.509981155395508,7.612517075978526,7.4851239804857395,7.569017168046881,1009200
2003-04-04,7.5317301750183105,7.559694567402924,7.475801390249086,7.509980223750662,780800
2003-04-07,7.50377082824707,7.693307261268659,7.472699194411087,7.550377982679984,937400
2003-04-08,7.491338729858398,7.581445770364111,7.45715989071391,7.550374152291105,707000
2003-04-09,7.444734573364258,7.500663394164032,7.360841934806699,7.422984608084812,1140000
2003-04-10,7.587663650512695,7.752342886067276,7.432306082396254,7.463377714547961,1143000
2003-04-11,7.60630464553833,7.6746623390983775,7.572126391400261,7.587661907586479,773800
2003-04-14,7.7243757247924805,7.752340124503236,7.590768168983727,7.590768168983727,698000
2003-04-15,7.727485656738281,7.727485656738282,7.649806873103624,7.724378434275845,438200
2003-04-16,7.559699535369873,7.743021520300954,7.519306826848399,7.705735441737804,606400
2003-04-17,7.652913570404053,7.652913570404053,7.5410565239804574,7.55037759880787,628000
2003-04-21,7.637375831604004,7.721269036528611,7.531732668211963,7.652911346897337,802400
2003-04-22,7.795840740203857,7.79894796185608,7.578339965683763,7.63737599179212,890200
2003-04-23,7.67466402053833,7.7647711009154445,7.6404851662700715,7.75544943357626,1072800
2003-04-24,7.587663650512695,7.696414066722623,7.556592018360989,7.646699692336729,673200
2003-04-25,7.547270774841309,7.649806743800226,7.519306365794143,7.547270774841309,579000
2003-04-28,7.746128559112549,7.755449634050594,7.5472710585395895,7.5472710585395895,873600
2003-04-29,7.736802577972412,7.86108844653644,7.671552719216961,7.746124240355378,1201000
2003-04-30,7.702629089355469,7.752343467469792,7.665343009448659,7.74923624475738,1185400
2003-05-01,7.702629089355469,7.736807353907731,7.575235328715113,7.7181646102753945,774600
2003-05-02,7.833127975463867,7.851771309567818,7.6560204499708,7.674663784074751,971600
2003-05-05,7.783413887023926,7.84555715101953,7.718163993206422,7.811378296557739,710800
2003-05-06,7.811373710632324,7.811373710632325,7.7368021932025295,7.774088248238297,783200
2003-05-07,7.690197467803955,7.820697812175395,7.671554730791441,7.805162296771955,678600
2003-05-08,7.7430195808410645,7.755447875487684,7.649805296744535,7.715055177083713,1038000
2003-05-09,8.069267272949219,8.296089643457034,7.811373880650684,7.820695542772951,2469800
2003-05-12,8.190449714660645,8.246378523994087,8.063056579019793,8.078592095993757,928600
2003-05-13,8.103452682495117,8.190453154961974,8.07859548931062,8.190453154961974,837600
2003-05-14,8.056842803955078,8.125199914013477,8.013342878703556,8.125199914013477,544000
2003-05-15,8.047521591186523,8.094128741247193,8.028878849690669,8.078593222107658,592800
2003-05-16,8.000913619995117,8.047520765272512,7.98227088041256,8.016449137540247,1044200
2003-05-19,7.985376358032227,8.013340757618199,7.954304737087604,8.000911872183599,993000
2003-05-20,7.954303741455078,8.000910870717304,7.895267728313964,7.988481986838416,994000
2003-05-21,7.870413780212402,7.9480925583797735,7.861092113481181,7.892163743276539,1155000
2003-05-22,8.028882026672363,8.031989250258194,7.873524403234651,7.873524403234651,756000
2003-05-23,8.078592300415039,8.100342261785745,7.985378010928589,8.013342416302924,631600
2003-05-27,8.168696403503418,8.178017472808028,8.056838830714176,8.100338734513663,597600
2003-05-28,8.22152042388916,8.283663674614557,8.109663402282193,8.187342169367957,1385400
2003-05-29,8.246379852294922,8.299200855571433,8.174914921834185,8.243272629871232,674400
2003-05-30,8.358233451843262,8.389305070633233,8.246376453897934,8.246376453897934,677200
2003-06-02,8.373770713806152,8.435913367324893,8.3395918691536,8.373770713806152,587000
2003-06-03,8.407952308654785,8.448345612511378,8.336487962006538,8.386202341643767,625000
2003-06-04,8.426590919494629,8.442126432177451,8.35823324134984,8.426590919494629,738600
2003-06-05,8.435911178588867,8.454553910543355,8.342696926174664,8.426590108932505,1194200
2003-06-06,8.404841423034668,8.451449152194902,8.389305908409186,8.420377530302044,951200
2003-06-09,8.342696189880371,8.4203749242505,8.305410136620354,8.376874430006865,589200
2003-06-10,8.373770713806152,8.389306229025358,8.289877509281839,8.358234605945029,385200
2003-06-11,8.423487663269043,8.426594885796504,8.311630022848783,8.389308808109051,585800
2003-06-12,8.414165496826172,8.463879869033901,8.333379493828094,8.451451572303002,576000
2003-06-13,8.407952308654785,8.457666688292013,8.358237929017557,8.417273977077572,354800
2003-06-16,8.513593673706055,8.516700895842162,8.426593824463168,8.451451008909997,427000
2003-06-17,8.460770606994629,8.535342147328752,8.414163468366043,8.498056673482651,536400
2003-06-18,8.494951248168945,8.572630026522617,8.463879618299067,8.470094062801452,410000
2003-06-19,8.352022171020508,8.494951434500189,8.327164985107789,8.494951434500189,649400
2003-06-20,8.370664596557617,8.454557219507786,8.352021264664694,8.411057297041625,904600
2003-06-23,8.212203979492188,8.389311573442086,8.19666786173377,8.373776048325963,458400
2003-06-24,8.296093940734863,8.330272200936935,8.187343530210672,8.227736235046597,554000
2003-06-25,8.22152042388916,8.373771328902183,8.22152042388916,8.31784252177772,543200
2003-06-26,8.20598316192627,8.280554691348478,8.150054366699155,8.199768719647293,626600
2003-06-27,8.513593673706055,8.53223641388067,8.103449834012373,8.2090930160719,2564000
2003-06-30,8.451449394226074,8.575735292714887,8.35823452587803,8.575735292714887,1081600
2003-07-01,8.280555725097656,8.395520551043647,8.187341449843434,8.379984443406672,2136600
2003-07-02,8.236857414245605,8.283675951917436,8.208766529771482,8.271190849785631,1661200
2003-07-03,8.21188735961914,8.239978242568682,8.155705593720057,8.239978242568682,863200
2003-07-07,8.205645561218262,8.255584777345765,8.161948300614885,8.22437261843547,742200
2003-07-08,8.14322566986084,8.2555892648871,8.099528980827401,8.168195291497481,784000
2003-07-09,8.068315505981445,8.161951423213125,7.980921546661938,8.152588188683543,1280400
2003-07-10,8.021495819091797,8.068313767620461,7.9902836549651814,8.068313767620461,967600
2003-07-11,7.984042644500732,8.118254559430808,7.952830474348193,8.052708942578214,1004600
2003-07-14,7.915372848510742,8.083917540336017,7.896645197501649,8.083917540336017,1085400
2003-07-15,7.977799415588379,8.021496688229291,7.884163508385502,7.965314905778532,878200
2003-07-16,7.959072589874268,8.021496926747417,7.896648253001117,8.002769268491914,1013600
2003-07-17,7.93410062789917,8.02149455461273,7.906009744145612,7.921615526087624,729800
2003-07-18,8.06519603729248,8.083923105872227,7.949711157851362,7.959074989802623,958000
2003-07-21,7.927860736846924,8.037103033059834,7.899769843668672,8.005890863381486,729200
2003-07-22,8.021495819091797,8.115131716149127,7.962192766783479,7.9902836549651814,562400
2003-07-23,8.071435928344727,8.083920438170397,8.030859931935488,8.037102484509616,1086400
2003-07-24,8.052709579467773,8.19004278180706,8.027739960435419,8.115133924709998,628000
2003-07-25,8.180680274963379,8.183801552262745,8.037105091129206,8.040226368428572,647000
2003-07-28,8.18380069732666,8.264952112664208,8.115134389882293,8.199407082193137,655200
2003-07-29,8.13074016571045,8.215012857879135,8.040225514928414,8.168194894004102,676400
2003-07-30,8.077680587768555,8.161953289742694,8.052710964441712,8.161953289742694,742400
2003-07-31,7.977799415588379,8.118253871715275,7.965314905778532,8.015254135663078,773800
2003-08-01,7.921620845794678,8.018378663843908,7.896651220725835,7.9621968586083085,578400
2003-08-04,7.927860736846924,7.930982013347021,7.840467376134693,7.896648567168575,745400
2003-08-05,7.896653652191162,7.999653461730247,7.865442057736837,7.937229677498592,493600
2003-08-06,7.984042644500732,7.990285197595766,7.884164176270712,7.940345963480755,717400
2003-08-07,7.974679470062256,8.01213419638713,7.887286100842016,7.937225339060062,632200
2003-08-08,8.01525592803955,8.037104271584457,7.927861958537213,7.974679922608114,419400
2003-08-11,7.990284442901611,8.083920349192548,7.962193551949816,8.033981119794372,463600
2003-08-12,8.018375396728516,8.024617353960304,7.918496937148979,8.01213284417415,565800
2003-08-13,8.005890846252441,8.105769312751367,7.9902850591079675,8.021497228719536,805800
2003-08-14,8.108891487121582,8.158830725900689,8.052709694664417,8.052709694664417,1030400
2003-08-15,8.0402250289917,8.12137643928771,7.996528344725645,8.12137643928771,293000
2003-08-18,8.136978149414062,8.149463250273776,8.033978448610936,8.090160211834892,500000
2003-08-19,8.14322566986084,8.149468224100685,8.052710419351301,8.115134771104275,845600
2003-08-20,8.146344184875488,8.202525963339584,8.143222908813867,8.143222908813867,479000
2003-08-21,8.239982604980469,8.264952225785878,8.146346675790863,8.168195019580256,598200
2003-08-22,8.227498054504395,8.286800531568558,8.218134223499293,8.26807346488107,890000
2003-08-25,8.218133926391602,8.299285339533826,8.161952133037547,8.19940686038115,863600
2003-08-26,8.286799430847168,8.302405813782702,8.130739173427653,8.171315173737403,1015000
2003-08-27,8.233741760253906,8.268075219234909,8.205651451923718,8.264953941570925,526000
2003-08-28,8.296164512634277,8.314891579660499,8.180679642773336,8.221255649206665,477200
2003-08-29,8.333617210388184,8.367950059012593,8.239980707438914,8.293041213846726,511600
2003-09-02,8.41164779663086,8.427253583656732,8.327375117916864,8.327375117916864,966200
2003-09-03,8.421008110046387,8.424129385433528,8.364826343722664,8.405402328433091,686000
2003-09-04,8.367948532104492,8.4116457969697,8.339857645877743,8.402281969786625,648800
2003-09-05,8.314888954162598,8.364828180678932,8.289919340904431,8.364828180678932,738400
2003-09-08,8.286799430847168,8.311769048221384,8.268072366647164,8.286799430847168,679600
2003-09-09,8.249348640441895,8.299287895397617,8.174439758008312,8.224379012964034,595200
2003-09-10,8.271194458007812,8.283679565586114,8.233739730595602,8.233739730595602,769200
2003-09-11,8.3585844039917,8.405402344242054,8.314887143811946,8.318008419204958,677800
2003-09-12,8.427258491516113,8.427258491516113,8.302410336632319,8.333622524184008,546200
2003-09-15,8.427258491516113,8.442864287630478,8.355470876873301,8.408531417114284,730200
2003-09-16,8.427258491516113,8.436622326378508,8.408531417114284,8.41165269540175,584200
2003-09-17,8.452225685119629,8.511528764834278,8.383559368565628,8.40228643756712,599600
2003-09-18,8.489673614501953,8.520885172716062,8.44909763630791,8.489673614501953,428600
2003-09-19,8.489673614501953,8.520885172716062,8.439734406972603,8.489673614501953,864800
2003-09-22,8.402281761169434,8.49279637373524,8.355463817061434,8.489675693407504,415000
2003-09-23,8.489673614501953,8.514643218266627,8.364825000356264,8.411643528322054,714800
2003-09-24,8.570829391479492,8.664465906836611,8.396042062931263,8.427254234716969,1112000
2003-09-25,8.552102088928223,8.63325349518731,8.520889918009706,8.605162600892909,741600
2003-09-26,8.577072143554688,8.598920485713911,8.495920733161368,8.583314697120944,755800
2003-09-29,8.645739555358887,8.645739555358887,8.580193929667674,8.583315206636085,613800
2003-09-30,8.558341026306152,8.645734948889832,8.542735245101605,8.645734948889832,884200
2003-10-01,8.762117385864258,8.762117385864258,8.589696117237212,8.605371104170368,928800
2003-10-02,8.859296798706055,8.881241174758564,8.784058681694848,8.793463072609123,1259800
2003-10-03,8.95334529876709,9.050528400660221,8.88751216323252,8.88751216323252,920000
2003-10-06,8.931403160095215,8.978426925546856,8.856165015784665,8.953347544110006,568200
2003-10-07,9.031715393066406,9.031715393066406,8.887509183797315,8.918858541706895,548200
2003-10-08,8.975288391113281,9.006637755039986,8.953344015746403,9.006637755039986,752400
2003-10-09,9.11635971069336,9.157113462919833,9.041121600317243,9.044256596325333,1026000
2003-10-10,9.153982162475586,9.157116561604978,9.059934044225898,9.091283416975793,776800
2003-10-13,9.269974708557129,9.279379700417575,9.191601570205528,9.201006562065974,689800
2003-10-14,9.326396942138672,9.34207131967248,9.2166745055845,9.266833231219692,1399200
2003-10-15,9.291915893554688,9.385963985971106,9.26056712735527,9.313860269070036,588200
2003-10-16,9.285646438598633,9.310725810158452,9.241757089914412,9.279376446223832,489600
2003-10-17,9.18218994140625,9.32639611533852,9.147705596361957,9.295046765110902,507200
2003-10-20,9.185327529907227,9.241756260336391,9.113224417887443,9.241756260336391,541600
2003-10-21,9.288776397705078,9.295046387083426,9.153975213705163,9.169649589211938,507200
2003-10-22,9.266836166381836,9.276241154644545,9.1727886755122,9.263701170294265,638200
2003-10-23,9.357752799987793,9.357752799987793,9.219815909637541,9.26370467559188,514600
2003-10-24,9.263701438903809,9.35774953043982,9.153979562354204,9.35774953043982,456200
2003-10-27,9.34207534790039,9.429853454580778,9.295051597083532,9.295051597083532,697000
2003-10-28,9.470606803894043,9.470606803894043,9.329535557530006,9.342074944835087,528800
2003-10-29,9.373424530029297,9.451797645828771,9.295051414229823,9.451797645828771,971200
2003-10-30,9.295050621032715,9.42358247214038,9.276241242268984,9.373423730144186,808000
2003-10-31,9.291915893554688,9.323265257693494,9.26683652183152,9.298185885970327,894000
2003-11-03,9.291915893554688,9.295050889762507,9.248027142523991,9.248027142523991,734200
2003-11-04,9.295050621032715,9.313859999796444,9.254296867388073,9.29191562491553,603000
2003-11-05,9.213543891906738,9.298187005894576,9.185329520577458,9.295052009309162,770400
2003-11-06,9.298186302185059,9.298186302185059,9.144575068762133,9.185328825409272,954400
2003-11-07,9.238621711730957,9.329534803588366,9.232352317554765,9.329534803588366,910000
2003-11-10,9.157113075256348,9.185327440195364,8.97528750006009,9.106954337129057,1109200
2003-11-11,9.204139709472656,9.216679098160114,9.147710965530415,9.163385350874606,570000
2003-11-12,9.194734573364258,9.210408958459325,9.141440826925782,9.204139563184977,740800
2003-11-13,9.05993366241455,9.18533055019,9.019179898114851,9.18533055019,1707200
2003-11-14,9.066201210021973,9.09128058081008,9.047391831415732,9.075606198294775,813800
2003-11-17,8.959614753723145,9.069337237627835,8.909456006442046,9.069337237627835,791400
2003-11-18,8.871833801269531,8.96274687526726,8.86869940376686,8.956476884383436,1098000
2003-11-19,8.853025436401367,8.90318417331497,8.787192318429504,8.887509792256711,949600
2003-11-20,8.824813842773438,8.88751258256992,8.765250099760728,8.793464472875195,830600
2003-11-21,8.827945709228516,8.856160072338366,8.809136333135045,8.84048569191702,904800
2003-11-24,8.928262710571289,8.928262710571289,8.846754621190069,8.865564594235988,585600
2003-11-25,8.940803527832031,8.984692273160656,8.859295430836504,8.896914184564094,668600
2003-11-26,8.981560707092285,8.990965698085263,8.918862560957717,8.965886320043529,747400
2003-11-28,8.994099617004395,9.012908998796224,8.956480255481273,8.990964620382513,226400
2003-12-01,9.094417572021484,9.103822562357541,8.962750697014181,9.000369462479412,711000
2003-12-02,9.153982162475586,9.188465934354875,9.037989662682836,9.094418414044739,735400
2003-12-03,9.185327529907227,9.276240617362953,9.138303787196033,9.153978766725984,609200
2003-12-04,9.19786548614502,9.23234983557057,9.147706758583782,9.188460500500089,482600
2003-12-05,9.185327529907227,9.2166768910278,9.153978766725984,9.197867513531188,342400
2003-12-08,9.291915893554688,9.320130261485675,9.18532841424638,9.18532841424638,529600
2003-12-09,9.30132007598877,9.35147881508761,9.291915088180486,9.30132007598877,683800
2003-12-10,9.19786548614502,9.310722922127402,9.157111146289516,9.310722922127402,599600
2003-12-11,9.304457664489746,9.342076430326182,9.191600171101431,9.22294954125813,329600
2003-12-12,9.304457664489746,9.338942031456066,9.254298911414828,9.304457664489746,395800
2003-12-15,9.30132007598877,9.395367562314261,9.29505008411658,9.373423188700935,369000
2003-12-16,9.451799392700195,9.470608776545362,9.348346884642483,9.373426262415883,883000
2003-12-17,9.329536437988281,9.414179552558391,9.323266444774319,9.404774562737446,617800
2003-12-18,9.310726165771484,9.379694290710304,9.201003686779277,9.379694290710304,470200
2003-12-19,9.298186302185059,9.354615040572952,9.210408198255067,9.354615040572952,794600
2003-12-22,9.216678619384766,9.320131111925045,9.185329252385406,9.185329252385406,831000
2003-12-23,9.269974708557129,9.298189086198873,9.197871564779158,9.254300320062645,539200
2003-12-24,9.266836166381836,9.326399896166933,9.241756795620642,9.279376150732114,198600
2003-12-26,9.254298210144043,9.29191697312981,9.254298210144043,9.276242588208984,129400
2003-12-29,9.317296028137207,9.396042614108884,9.270048196711956,9.276348067778995,1047200
2003-12-30,9.333041191101074,9.342490993738753,9.166098883355055,9.166098883355055,721600
2003-12-31,9.481088638305664,9.484238573695379,9.323595473552375,9.333044678932776,1602800
2004-01-02,9.405488014221191,9.465334958953347,9.380289142547523,9.449585889452988,1074800
2004-01-05,9.572437286376953,9.575587222729153,9.339347403414509,9.433843691613724,798400
2004-01-06,9.62282943725586,9.670077854110474,9.496835060816895,9.496835060816895,932000
2004-01-07,9.54408073425293,9.629127144552172,9.525181732227024,9.616528010131047,1008000
2004-01-08,9.49683952331543,9.585035928659867,9.440141877078926,9.544087361582898,894200
2004-01-09,9.3298921585083,9.465335729284462,9.3298921585083,9.465335729284462,702200
2004-01-12,9.270047187805176,9.33934395963437,9.270047187805176,9.292096133351341,921000
2004-01-13,9.235400199890137,9.333045805603955,9.1787025576083,9.304697585251855,813600
2004-01-14,9.279495239257812,9.370841546068622,9.203898606442987,9.203898606442987,623000
2004-01-15,9.084205627441406,9.153502402400985,9.008608981815847,9.103104638650612,1289200
2004-01-16,9.103106498718262,9.134605257695673,9.07160773974085,9.084207483647358,1438200
2004-01-20,9.213351249694824,9.260599084663701,9.11885557975707,9.11885557975707,1473800
2004-01-21,9.307844161987305,9.364541787467616,9.207048650372814,9.260596341016592,725200
2004-01-22,9.310999870300293,9.370847467726866,9.26375202003258,9.266901956822297,592400
2004-01-23,9.361392974853516,9.396041661420343,9.323594953861262,9.389741790992064,487000
2004-01-26,9.644879341125488,9.685827289710614,9.36139123250308,9.36139123250308,1056400
2004-01-27,9.638580322265625,9.65747933091168,9.57873276063302,9.641730257171409,792800
2004-01-28,9.396041870117188,9.641731415178734,9.392891934833083,9.641731415178734,1113600
2004-01-29,9.44328784942627,9.455887588096482,9.386590226987524,9.396040030990184,720600
2004-01-30,9.348795890808105,9.433842357927485,9.307847324807437,9.427542486113714,618800
2004-02-02,9.49683952331543,9.528338282423363,9.351946072523347,9.351946072523347,755800
2004-02-03,9.471638679504395,9.496837561427299,9.414941044980674,9.449589732920444,612600
2004-02-04,9.41179084777832,9.449589470005378,9.377142761591296,9.418090718280949,565200
2004-02-05,9.666927337646484,9.666927337646484,9.449586675880443,9.449586675880443,665200
2004-02-06,9.733078002929688,9.761426822225085,9.654331416173317,9.654331416173317,634400
2004-02-09,9.704728126525879,9.764575694162552,9.654330364554587,9.764575694162552,608200
2004-02-10,9.736225128173828,9.76772387394215,9.688977309915646,9.701576447749813,432400
2004-02-11,9.780326843261719,9.792926586820494,9.57873575263204,9.736228942383686,813000
2004-02-12,9.695280075073242,9.764576855830658,9.65433151310707,9.764576855830658,624200
2004-02-13,9.660629272460938,9.758274851452802,9.60708158060308,9.726776103161946,620000
2004-02-17,9.777176856994629,9.780326191885734,9.685830524643755,9.717329280654015,620000
2004-02-18,9.751974105834961,9.824421400634202,9.726775229623058,9.726775229623058,818400
2004-02-19,9.616530418395996,9.783472746210963,9.616530418395996,9.654328431913553,866600
2004-02-20,9.600784301757812,9.68268082910005,9.50943856793031,9.5598363384811,858400
2004-02-23,9.585034370422363,9.685829902550344,9.528336733403183,9.632282201008758,490200
2004-02-24,9.632282257080078,9.704728971120195,9.562985478535893,9.59448363191767,912200
2004-02-25,9.707877159118652,9.720476898834319,9.52833507369099,9.607081644547941,726600
2004-02-26,9.74882984161377,9.764578922140366,9.676382509140252,9.676382509140252,625800
2004-02-27,9.84962272644043,9.931519244693867,9.733077519482796,9.733077519482796,620000
2004-03-01,10.107911109924316,10.129960056313864,9.849622422294631,9.849622422294631,749600
2004-03-02,10.161459922790527,10.221308103014804,10.057515043922445,10.063814915608035,889400
2004-03-03,10.123656272888184,10.186653753185787,10.08900759864565,10.164604815318176,1133800
2004-03-04,10.073258399963379,10.167754018411141,10.02916052479289,10.167754018411141,627200
2004-03-05,10.063812255859375,10.117359348668522,10.022863701514096,10.079561330122221,853600
2004-03-08,10.073258399963379,10.07955826807016,9.985062649622398,10.063809198591697,532000
2004-03-09,10.070111274719238,10.0795610795152,10.038613126976678,10.041762461120008,698600
2004-03-10,10.126811981201172,10.126811981201172,10.010266763348314,10.048064790205757,1392200
2004-03-11,9.985061645507812,10.142554727608639,9.944113107720076,10.136254860135383,964000
2004-03-12,9.947263717651367,9.963012786616668,9.843318300430361,9.874817039149432,663000
2004-03-15,9.818123817443848,9.950418098556987,9.764576117926891,9.922069281119262,523000
2004-03-16,9.808670043945312,9.881117326309678,9.72992349420063,9.881117326309678,491000
2004-03-17,9.928367614746094,9.947266623182424,9.799223288985319,9.843321175599637,440000
2004-03-18,9.906322479248047,9.963019526350346,9.792927183465697,9.906322479248047,694600
2004-03-19,9.884272575378418,9.9094714623468,9.77717775635443,9.77717775635443,1042200
2004-03-22,9.764578819274902,9.84647535888607,9.748829738914214,9.808676724915951,579200
2004-03-23,9.944117546081543,10.073261882982184,9.679529001995181,9.796074199114361,957000
2004-03-24,10.013416290283203,10.152009850821228,9.906320883910961,9.944118909225411,1198400
2004-03-25,10.17091178894043,10.268556810118728,10.079565438772871,10.189810205128316,1372600
2004-03-26,10.20555591583252,10.328400372337208,10.12365881044453,10.170907232905085,1162000
2004-03-29,10.429194450378418,10.429194450378418,10.183505571176113,10.205554511536468,914800
2004-03-30,10.463845252990723,10.485894197827626,10.36304973328562,10.394547882601948,1085400
2004-03-31,10.558341979980469,10.58669079788907,10.397698277972562,10.426047095881163,887800
2004-04-01,10.624767303466797,10.675376447248324,10.536201603503415,10.602625878475951,945600
2004-04-02,10.567831993103027,10.703844294893942,10.520385392341662,10.703844294893942,811400
2004-04-05,10.539363861083984,10.57099412260764,10.441308119773241,10.57099412260764,753200
2004-04-06,10.646904945373535,10.659557528477462,10.485588733957048,10.539360402223632,686800
2004-04-07,10.659558296203613,10.697514841632374,10.57099141471407,10.646905712188417,604000
2004-04-08,10.517224311828613,10.741802345891527,10.438147437303586,10.741802345891527,872200
2004-04-12,10.444470405578613,10.57099264055192,10.416002691551652,10.57099264055192,510800
2004-04-13,10.355907440185547,10.514061180400482,10.31794967376952,10.510897429890507,546600
2004-04-14,10.412840843200684,10.412840843200684,10.305297466814173,10.305297466814173,524000
2004-04-15,10.374884605407715,10.441308883435848,10.327439209652143,10.390699737326239,454400
2004-04-16,10.542527198791504,10.56783116569713,10.365394603983773,10.434982624554147,579200
2004-04-19,10.59946346282959,10.612116052022332,10.501408913129138,10.517224046311407,462600
2004-04-20,10.488747596740723,10.646901210205822,10.469768728743038,10.580476982138396,449600
2004-04-21,10.558341979980469,10.602624825564577,10.409677106990634,10.44763365940315,488000
2004-04-22,10.72282600402832,10.754456275131707,10.485595350900415,10.5741610752839,758800
2004-04-23,10.741800308227539,10.754452895339575,10.570994002066389,10.627929437453439,621800
2004-04-26,10.700682640075684,10.738639199867183,10.63109460827687,10.697518889566313,531600
2004-04-27,10.650069236755371,10.767103839760571,10.61843898041809,10.707004663456026,719800
2004-04-28,10.716498374938965,10.735476052592443,10.577322303520925,10.662725472813626,1290200
2004-04-29,10.912603378295898,11.070757050445113,10.659557744180505,10.659557744180505,1262800
2004-04-30,10.805063247680664,10.998010999595591,10.805063247680664,10.890466410329104,1027600
2004-05-03,10.975866317749023,10.988518902526042,10.811386335498472,10.833527755549808,820200
2004-05-04,10.998007774353027,11.067595784241014,10.877810631805662,10.950561184589965,901200
2004-05-05,10.988521575927734,11.042293264386853,10.92842238692379,10.953727562634333,731800
2004-05-06,10.887297630310059,10.994842169894461,10.839852255168429,10.988517085168935,840600
2004-05-07,11.020146369934082,11.096060652774218,10.871481552956135,10.890460425320317,937000
2004-05-10,10.991679191589355,11.070756020305824,10.94107006947548,10.99800548268067,838400
2004-05-11,11.010660171508789,11.070758138449724,10.953724747410268,10.969539874856105,796800
2004-05-12,10.960051536560059,11.013823213636895,10.849343226186733,11.013823213636895,1381400
2004-05-13,10.92525863647461,10.966377732536479,10.877812040566843,10.94423630954407,728200
2004-05-14,11.004338264465332,11.070762550178236,10.839858218925745,10.944239066957826,945800
2004-05-17,11.105548858642578,11.190951969534757,10.877807229596767,10.966372882396128,1021200
2004-05-18,11.190953254699707,11.20993092155523,11.105550133999865,11.105550133999865,1307000
2004-05-19,11.232073783874512,11.266867786412966,11.17513956935873,11.213096114574856,1034200
2004-05-20,11.22891902923584,11.25422421467538,11.165657272254641,11.165657272254641,976200
2004-05-21,11.247886657714844,11.282679442935617,11.225745245930511,11.241560367688399,1015000
2004-05-24,11.086570739746094,11.171973856434201,11.013820204778433,11.10238586358835,1931600
2004-05-25,11.061271667480469,11.09606567926812,11.007498774731244,11.054945373826612,1367800
2004-05-26,11.073918342590332,11.140343794421462,11.02014667930715,11.089734673312797,1043800
2004-05-27,11.152998924255371,11.16565151044603,11.039129268390534,11.102389786109766,1013800
2004-05-28,11.213098526000977,11.251055079379826,11.105553952580006,11.121369082603104,2749600
2004-06-01,11.10871696472168,11.216261542680991,11.06759786624983,11.216261542680991,893600
2004-06-02,11.209928512573242,11.282679035324412,11.127689158433434,11.134015448231327,977800
2004-06-03,11.168813705444336,11.260541926014163,11.165649956028595,11.238400506571425,718600
2004-06-04,11.118204116821289,11.219422374856263,11.092898949004137,11.190954664370375,747200
2004-06-07,11.165651321411133,11.178303907387583,11.108715891134118,11.11820593392496,634600
2004-06-08,11.165651321411133,11.19728278635226,11.134021063087019,11.19728278635226,1131600
2004-06-09,11.061271667480469,11.13402223457413,11.048619080172754,11.105554516440339,1057200
2004-06-10,11.08341121673584,11.105552637469623,11.061269796002057,11.061269796002057,1887400
2004-06-14,11.00749683380127,11.070758552567899,10.985355413225488,11.054943424530473,499800
2004-06-15,11.070759773254395,11.070759773254395,10.97586778794991,10.991682917731149,2062400
2004-06-16,11.023313522338867,11.086575250061058,10.994845805194737,11.061271282942439,677600
2004-06-17,10.937908172607422,11.016985005989662,10.880972756042873,10.960049589425113,746600
2004-06-18,10.865158081054688,10.950561218925845,10.855669245719081,10.91260467096652,775400
2004-06-21,10.893625259399414,10.934745554865128,10.81454841783596,10.817712167203931,1262600
2004-06-22,10.928420066833496,10.95056148757103,10.846180676467934,10.896789810527572,1325800
2004-06-23,10.909444808959961,10.947401366246774,10.839856781753136,10.941075072262771,726200
2004-06-24,10.83036994934082,10.887304192503878,10.782923338984611,10.871489057924283,794200
2004-06-25,10.801898002624512,10.91576765106311,10.770266539210775,10.801898002624512,882400
2004-06-28,10.880980491638184,10.953731085276281,10.808228691382507,10.808228691382507,918400
2004-06-29,10.776596069335938,10.953728697815166,10.729149463270174,10.884140664016662,1267800
2004-06-30,10.798830032348633,10.8274152191334,10.7416596587791,10.824239625755581,1287000
2004-07-01,10.897283554077148,10.897283554077148,10.789295273025548,10.81470363889898,1448200
2004-07-02,10.868703842163086,10.894112220793513,10.805181078193092,10.871879435143407,508000
2004-07-06,10.916342735290527,10.948104716465394,10.843291995981877,10.865524777006435,907800
2004-07-07,10.989395141601562,11.011627925998656,10.852821630821778,10.894111606814613,749000
2004-07-08,11.087857246398926,11.125970424063613,10.983045704922016,10.989396891536071,740600
2004-07-09,11.154549598693848,11.17042997986272,11.068794086467433,11.087851270827331,883200
2004-07-12,11.173609733581543,11.186314526509664,11.113263784566577,11.1513769517552,499200
2004-07-13,11.154549598693848,11.154549598693848,11.10690845518723,11.148197203907214,520800
2004-07-14,11.259363174438477,11.354646680487097,11.116437309567788,11.116437309567788,781000
2004-07-15,11.316537857055664,11.326065847833144,11.233957898330923,11.24348710070438,618800
2004-07-16,11.345121383666992,11.386410145401843,11.29430342095073,11.364177362438216,761600
2004-07-19,11.373706817626953,11.40546759068606,11.326064446442464,11.354649626833991,653600
2004-07-20,11.456284523010254,11.456284523010254,11.389586178634177,11.453108930628607,1121800
2004-07-21,11.402291297912598,11.46898964419891,11.380058515817161,11.446756862103472,1197600
2004-07-22,11.389582633972168,11.418167802893608,11.31335511298321,11.399110619747534,1865400
2004-07-23,11.354653358459473,11.395943346282634,11.326068168673629,11.370533750208004,838600
2004-07-26,11.243481636047363,11.370525893851815,11.22442445215877,11.33876513229955,1080200
2004-07-27,11.237133979797363,11.322889526063621,11.195844003092299,11.307007926995281,1120200
2004-07-28,11.078327178955078,11.224428675622356,10.98939483227408,11.224428675622356,1039400
2004-07-29,11.249833106994629,11.253009910188393,11.075146490795694,11.078323293989458,1342800
2004-07-30,11.361004829406738,11.361004829406738,11.189493704702276,11.253016478103499,773600
2004-08-02,11.31335735321045,11.383232493653786,11.265716203304558,11.360999714711921,1032000
2004-08-03,11.00844955444336,11.062444311203993,10.79882534618708,11.005273962443592,2236000
2004-08-04,10.849641799926758,10.95763008692842,10.808351840062633,10.95763008692842,1683200
2004-08-05,10.655900955200195,10.840116818273192,10.614610983891463,10.840116818273192,1008400
2004-08-06,10.490744590759277,10.611437727215321,10.487568997619176,10.544739366909091,1180400
2004-08-09,10.404985427856445,10.481212964335489,10.312878719588568,10.433570602586638,1428000
2004-08-10,10.41134262084961,10.430399816649409,10.284298283639385,10.417695019449543,1390200
2004-08-11,10.3827543258667,10.417691901913047,10.303351184523464,10.411339505214094,1052600
2004-08-12,10.350991249084473,10.389104409195644,10.30970128553332,10.382752013911196,768200
2004-08-13,10.243002891540527,10.354166779368656,10.236650496293848,10.328758409977445,1209800
2004-08-16,10.338288307189941,10.344640703610313,10.217595198394335,10.290647151430747,1417600
2004-08-17,10.335114479064941,10.392284845012,10.309704889045832,10.392284845012,839000
2004-08-18,10.376399993896484,10.376399993896484,10.325582041378551,10.33511124044761,947000
2004-08-19,10.341465950012207,10.385931516965758,10.309703965334077,10.376402315764404,908400
2004-08-20,10.385931968688965,10.41769274315266,10.344641992609455,10.36687477705322,554800
2004-08-23,10.674956321716309,10.811529793680554,10.538382849752063,10.79882500289422,1738800
2004-08-24,10.700368881225586,10.741658861649732,10.646375316636787,10.741658861649732,943800
2004-08-25,10.713074684143066,10.728955074538835,10.671784699837168,10.716251489179895,808200
2004-08-26,10.662251472473145,10.716246227221262,10.655899077114805,10.71306942374433,477400
2004-08-27,10.63366413116455,10.719419633624984,10.624136145867373,10.703539254264596,580400
2004-08-30,10.592375755310059,10.697188455592011,10.573319781873677,10.67495567885259,777000
2004-08-31,10.655900955200195,10.697190926508926,10.605082994972427,10.605082994972427,726800
2004-09-01,10.763891220092773,10.795653208230487,10.671783271887348,10.671783271887348,667600
2004-09-02,10.824233055114746,10.859169407447714,10.757533518708216,10.773413899149633,577400
2004-09-03,10.824233055114746,10.88140218238477,10.770238307699495,10.827408646564884,696400
2004-09-07,11.021156311035156,11.024331903601226,10.894110799668125,10.894110799668125,793600
2004-09-08,10.875054359436035,11.04338862499517,10.833764388255133,11.04338862499517,844800
2004-09-09,10.88775634765625,10.932221904762203,10.821058011997323,10.875052768194237,835000
2004-09-10,10.92587661743164,10.948109407983464,10.814711453076308,10.903643826879819,724000
2004-09-13,10.957633972167969,10.976691163076675,10.913168404976824,10.919520801946392,762000
2004-09-14,10.995745658874512,11.021155243324596,10.967160482166001,10.98939326276199,720000
2004-09-15,10.979864120483398,11.017977281557425,10.944926551334065,10.98939210785302,642000
2004-09-16,10.998923301696777,11.017979279892206,10.979866111905581,10.979866111905581,481200
2004-09-17,11.141846656799316,11.141846656799318,10.99574399155666,11.03385836245239,733200
2004-09-20,10.973512649536133,11.138671310231944,10.95763226538369,11.138671310231944,510600
2004-09-21,10.92587661743164,10.976694597492413,10.884586630008448,10.976694597492413,369600
2004-09-22,10.776597023010254,10.919522954004304,10.76389222656721,10.919522954004304,390200
2004-09-23,10.735300064086914,10.795647202177044,10.68130653168552,10.786118005239224,436600
2004-09-24,10.709897994995117,10.748011170364906,10.697193199339853,10.719425985938564,353800
2004-09-27,10.525680541992188,10.668606443066071,10.525680541992188,10.592378891961392,753800
2004-09-28,10.786126136779785,10.821063724835174,10.551093436110039,10.576501820043648,556600
2004-09-29,10.525680541992188,10.871878297217451,10.500272166021176,10.76071438060211,1182800
2004-09-30,10.906815528869629,10.932223904035874,10.525680208609675,10.525680208609675,1267600
2004-10-01,11.046561241149902,11.113260780193027,10.897284205185317,10.932220558899301,581400
2004-10-04,11.024334907531738,11.113267274359426,11.017982509072894,11.068800485147522,734600
2004-10-05,11.07514476776123,11.106906736780338,11.024326828925894,11.024326828925894,532400
2004-10-06,11.014556884765625,11.129358479906436,10.947589693093288,11.129358479906436,519000
2004-10-07,10.941218376159668,11.046452425012745,10.925272754275126,10.969918792479627,413400
2004-10-08,10.950778007507324,11.011367197186305,10.93164400296056,10.941211613473644,713200
2004-10-11,11.12617301940918,11.138929027287588,10.969916180578217,10.969916180578217,525600
2004-10-12,11.145309448242188,11.158065458886915,11.046452190465756,11.081530611498687,668000
2004-10-13,11.052824974060059,11.161248580356995,10.989046167447823,11.145304182823825,571200
2004-10-14,11.212273597717285,11.256918406223086,11.040071150783655,11.056015551467185,743400
2004-10-15,11.22183609008789,11.301559282244899,11.17400290468131,11.231403700352704,994600
2004-10-18,11.27605152130127,11.285617917655593,11.138927496650718,11.234595109633041,465200
2004-10-19,11.253727912902832,11.394040315809432,11.25053830347338,11.27605031299071,538200
2004-10-20,11.291998863220215,11.362155698712783,11.228220032452427,11.25692044547393,497000
2004-10-21,11.285616874694824,11.349395682948817,11.202705275500344,11.272860869748108,822600
2004-10-22,11.164437294006348,11.320695313871365,11.138926500516305,11.314317311378957,539600
2004-10-25,11.027312278747559,11.151680261120308,10.957155481930378,11.145302259911533,799400
2004-10-26,11.001801490783691,11.027313498440586,10.938022688120933,11.027313498440586,900000
2004-10-27,10.985859870910645,11.017748672062169,10.87743624392376,10.985859870910645,814000
2004-10-28,11.215461730957031,11.282430158641226,10.922080872453957,10.922080872453957,747400
2004-10-29,11.298375129699707,11.378098351774089,11.164439484045236,11.167629094156915,842400
2004-11-01,11.33026123046875,11.400418038440296,11.291994433611332,11.298372435834159,466400
2004-11-02,11.499276161193848,11.604510165026994,11.320695734214416,11.330262130068437,1010800
2004-11-03,11.642782211303711,11.709750661897578,11.566248577025268,11.575814977190028,750400
2004-11-04,11.85643482208252,11.85643482208252,11.636399220206457,11.703366418627928,997800
2004-11-05,11.929780960083008,12.015882171881477,11.878758154922393,11.888324550740123,938400
2004-11-08,11.89470386505127,11.952104679246393,11.881947858234627,11.952104679246393,683600
2004-11-09,11.81497859954834,11.91383581052502,11.786278197424759,11.862813008580826,561000
2004-11-10,11.693799018859863,11.850057034486033,11.68742223302003,11.830923027527863,959600
2004-11-11,11.703371047973633,11.738449465730723,11.620458203005963,11.639592217186198,1178400
2004-11-12,11.904271125793457,11.904271125793457,11.71931268187,11.71931268187,590800
2004-11-15,11.86281681060791,11.904273230624192,11.757581563600416,11.904273230624192,322000
2004-11-16,11.89470386505127,11.968049079527313,11.859625454545386,11.897893474995312,764200
2004-11-17,11.770339965820312,11.913842051612036,11.716128742565767,11.897897645741887,657800
2004-11-18,11.827731132507324,11.85324191775178,11.709741165733421,11.709741165733421,785400
2004-11-19,11.575811386108398,11.818170657925169,11.575811386108398,11.795848253478862,618000
2004-11-22,11.671476364135742,11.671476364135742,11.582186766573024,11.607698775293533,601200
2004-11-23,11.850053787231445,11.86599818042092,11.527972665478817,11.671473420663327,723000
2004-11-24,11.92340087890625,12.022258078882123,11.878756084233089,11.917022877313025,698200
2004-11-26,11.885136604309082,11.926593015210031,11.859624592530135,11.926593015210031,275000
2004-11-29,11.735259056091309,11.875572717565921,11.728881051798831,11.856438704688493,759000
2004-11-30,11.62364673614502,11.72250275904598,11.585379927811742,11.703369963119293,630800
2004-12-01,11.799033164978027,11.799033164978027,11.62364237474046,11.661909168715333,656000
2004-12-02,11.843672752380371,11.850050751318001,11.744816810044396,11.760761199149014,525000
2004-12-03,11.792654991149902,11.872378187047195,11.751198588669071,11.811788996097848,518600
2004-12-06,11.75439167022705,11.811792485548859,11.696990854905243,11.811792485548859,523000
2004-12-07,11.719314575195312,11.79584940971306,11.719314575195312,11.792659799348195,601000
2004-12-08,11.776717185974121,11.783095191192814,11.709749955897998,11.719316355485985,309400
2004-12-09,11.799033164978027,11.799033164978027,11.607697978624216,11.703365571801122,628800
2004-12-10,11.779902458190918,12.012694112813513,11.722501642916328,12.012694112813513,452000
2004-12-13,11.799033164978027,11.799033164978027,11.693797960947817,11.783088768861784,379200
2004-12-14,12.165761947631836,12.184894738879445,11.760767907669464,11.792656704068552,1225200
2004-12-15,12.149826049804688,12.251871739668577,12.050969972019368,12.197660499138639,968600
2004-12-16,12.149826049804688,12.16577167723639,12.060536375293928,12.098803204872741,549200
2004-12-17,12.312454223632812,12.341154631333954,12.117929373267282,12.117929373267282,1357000
2004-12-20,12.226351737976074,12.392176163516618,12.159384532415375,12.344341750127738,615200
2004-12-21,12.3475341796875,12.376234590979376,12.216788131908949,12.277377348422931,669400
2004-12-22,12.322016716003418,12.414495913343714,12.28693831587576,12.357095116131076,528200
2004-12-23,12.280562400817871,12.328396812115255,12.22635120339514,12.293318406027788,494800
2004-12-27,12.264622688293457,12.322023517188692,12.22954426880414,12.251866678210055,486600
2004-12-28,12.41768741607666,12.417687416076658,12.229540581750662,12.261430597344727,384600
2004-12-29,12.347246170043945,12.449712841870111,12.315224571661343,12.449712841870111,541400
2004-12-30,12.340838432312012,12.40167762013964,12.247977654970835,12.372858800326819,498600
2004-12-31,12.360051155090332,12.382465658796805,12.296010413928316,12.328030784509323,423600
2005-01-03,12.158320426940918,12.392072548634031,12.158320426940918,12.312020401965205,561800
2005-01-04,12.164724349975586,12.26398822686022,12.103883938724973,12.139107077554533,717600
2005-01-05,12.011030197143555,12.167933028923665,12.011030197143555,12.167933028923665,730200
2005-01-06,12.075066566467285,12.132704214829811,11.988610093923498,12.039843423412528,746400
2005-01-07,12.1871337890625,12.212749829341774,12.071858554060077,12.110283225228127,806000
2005-01-10,12.344042778015137,12.366457285004996,12.129503576398193,12.18393845865956,1002200
2005-01-11,12.225564956665039,12.334435934075058,12.180735946231312,12.312021428858195,590000
2005-01-12,12.13270092010498,12.222358916988759,11.959788021973182,12.187137004997698,861000
2005-01-13,12.177533149719238,12.247979435390683,12.094279447879376,12.10388531538042,577200
2005-01-14,12.177533149719238,12.209554743887585,12.148714325717187,12.177533149719238,491600
2005-01-18,12.443302154541016,12.449706470940233,12.03983877187945,12.107083483322015,797200
2005-01-19,12.38247013092041,12.484938041084979,12.366459939847575,12.456119208554162,435400
2005-01-20,12.507346153259277,12.520153566664815,12.34724188145283,12.39527243009557,763000
2005-01-21,12.433703422546387,12.532967329924972,12.424096331687794,12.475329670770046,790800
2005-01-24,12.436898231506348,12.478525678668666,12.33763315642651,12.376059056037185,562800
2005-01-25,12.279998779296875,12.436901523829867,12.238372542613662,12.414487020539271,813000
2005-01-26,11.527511596679688,12.280001448418869,11.2105044903114,12.280001448418869,5738000
2005-01-27,11.834907531738281,11.857322032171604,11.447455485392373,11.495487255748728,2320800
2005-01-28,11.879735946655273,11.97259671329806,11.7452489506887,11.863725764492385,2062400
2005-01-31,11.902153015136719,11.98220516472951,11.873335413922224,11.879738510970647,1478400
2005-02-01,11.911761283874512,11.950185977466326,11.783677343236478,11.857325181578702,1180600
2005-02-02,12.110291481018066,12.110291481018066,11.89895381327393,11.89895381327393,1065200
2005-02-03,12.030233383178711,12.16472158987716,11.98220161903673,12.148710187497498,679000
2005-02-04,12.119894981384277,12.126299299942998,12.020631097471295,12.06866165441339,627600
2005-02-07,12.12950611114502,12.180739455185261,12.091080186990384,12.119899019356724,688400
2005-02-08,12.116691589355469,12.196743726911597,11.97580026699621,12.167924908531443,778200
2005-02-09,11.934173583984375,12.084672003186494,11.892546127747856,12.081469233438199,680800
2005-02-10,11.953383445739746,12.027031251414599,11.911756000271891,11.91816031661298,538800
2005-02-11,12.014228820800781,12.142311549246974,11.937378206533804,11.97580412441683,784000
2005-02-14,12.16152286529541,12.203150326629054,11.97580250661261,12.023833065229358,608000
2005-02-15,12.241573333740234,12.283200789347159,12.097479234715294,12.119893736619314,626800
2005-02-16,12.196743965148926,12.25758315114042,12.129500461448004,12.241572967616206,670400
2005-02-17,12.05905532836914,12.199946666802184,12.055853779961062,12.18393648176415,882000
2005-02-18,12.110291481018066,12.145514629225273,12.017430676017087,12.036643635448046,764800
2005-02-22,11.927763938903809,12.075059522573653,11.927763938903809,12.030230538108762,618800
2005-02-23,12.046244621276855,12.091073620277841,11.927767806560164,11.975799574917568,762000
2005-02-24,12.13590145111084,12.161517493425116,11.978998764004311,12.059050881171274,724800
2005-02-25,12.167927742004395,12.167927742004395,12.055855211927625,12.094279904882665,815000
2005-02-28,12.164724349975586,12.167925898278828,12.081469436105941,12.081469436105941,551600
2005-03-01,12.16152286529541,12.167927184077426,12.139108360307812,12.151916997871842,614000
2005-03-02,12.180732727050781,12.23837035994681,12.071861778413682,12.13590372846467,587000
2005-03-03,12.113487243652344,12.199942457326932,12.084668431928016,12.193539362720102,498000
2005-03-04,12.24797534942627,12.24797534942627,12.091072644091922,12.132700091874261,699000
2005-03-07,12.16152286529541,12.225564831616653,12.126299722743783,12.225564831616653,486200
2005-03-08,12.235167503356934,12.260784771794063,12.180732640175922,12.199944370005177,403400
2005-03-09,12.177533149719238,12.231969249055968,12.107088085546714,12.215959062721256,424200
2005-03-10,12.164724349975586,12.19034040089786,12.087873754211204,12.167925898278828,696200
2005-03-11,12.055851936340332,12.289604022346175,11.97900134981167,12.187137387973713,714400
2005-03-14,12.107085227966309,12.107085227966309,11.975799776610094,12.03343741101025,800000
2005-03-15,12.043047904968262,12.16792908700025,11.959792969280869,12.158323218074436,641600
2005-03-16,11.927763938903809,12.087868152848825,11.91175376180895,12.007816045876316,503200
2005-03-17,11.860528945922852,11.927772470718802,11.758062273424525,11.927772470718802,741800
2005-03-18,11.767666816711426,11.902153851154345,11.742049540722897,11.902153851154345,1632600
2005-03-21,11.770862579345703,11.799681389917074,11.71002341102763,11.780469663868393,791000
2005-03-22,10.95433521270752,11.51149867855661,10.598903493984677,11.207300283699299,4509200
2005-03-23,11.210502624511719,11.287353226492021,10.9735489429453,11.082419916543051,2612400
2005-03-24,11.200898170471191,11.325779345633118,11.172079343780053,11.20730248990245,1403400
2005-03-28,11.162468910217285,11.23931826896487,11.156064593405231,11.207297906403133,1722400
2005-03-29,11.191292762756348,11.232920230023568,11.14326097579424,11.1624739348789,1561400
2005-03-30,11.098426818847656,11.242520891493246,11.098426818847656,11.207297760235601,1918000
2005-03-31,11.075908660888672,11.204586567527693,11.021220121059876,11.162766063795491,1769400
2005-04-01,11.014787673950195,11.140247961898991,10.931146663875328,11.085559420363348,911600
2005-04-04,11.066259384155273,11.098428250537772,11.011570838708716,11.034089290609183,857400
2005-04-05,11.09199333190918,11.117729404658023,11.021220359013348,11.09842735009639,686800
2005-04-06,11.043740272521973,11.124163660837466,11.014787803641855,11.111295624187743,755000
2005-04-07,11.146679878234863,11.20458480439426,11.040520437888212,11.043738059987774,983000
2005-04-08,11.175633430480957,11.201368273969187,11.127378911590863,11.14668096457958,915400
2005-04-11,11.178851127624512,11.227105652134348,11.162766695175746,11.19171916444894,793200
2005-04-12,11.223891258239746,11.291446630257044,11.162769906485604,11.188504760374336,1040400
2005-04-13,11.069477081298828,11.256059964310786,11.059826665682257,11.227107490297335,907000
2005-04-14,11.095211029052734,11.156332361496233,11.046956505906524,11.09842742458618,1012000
2005-04-15,11.03087329864502,11.16598401499384,11.001920826975466,11.072692581040434,1656200
2005-04-18,11.120946884155273,11.172417807506466,11.00192060399882,11.00192060399882,1080600
2005-04-19,11.108075141906738,11.18206449285039,11.075906285727134,11.12094317524386,840000
2005-04-20,11.008354187011719,11.130596858154169,10.969750075653884,11.130596858154169,840000
2005-04-21,11.194937705993652,11.20780574528471,11.014790064573903,11.082345430106308,1008200
2005-04-22,11.153111457824707,11.27535531391403,11.088773748774353,11.19493195043795,1222800
2005-04-25,11.236756324768066,11.268925190405918,11.140248500690944,11.149898914949588,786600
2005-04-26,11.146679878234863,11.259272108454095,11.137028239099449,11.194933165258846,845800
2005-04-27,11.063042640686035,11.098429132818021,10.789603573206717,11.034090167774744,1261400
2005-04-28,11.066259384155273,11.117730306665425,10.985835991035433,10.998702801290278,1175400
2005-04-29,11.1273832321167,11.162769729420804,11.034091780526577,11.162769729420804,975200
2005-05-02,11.191720008850098,11.259275366530007,11.1273810470372,11.1273810470372,753800
2005-05-03,11.156336784362793,11.246410620970579,11.088781406906952,11.111299866058898,781200
2005-05-04,11.211023330688477,11.246409828910481,11.066262168382314,11.13059991733443,992400
2005-05-05,11.034089088439941,11.191719476018664,10.953665696793639,11.137030931574122,1056200
2005-05-06,10.96975040435791,11.059825439728353,10.937581537759351,11.034089364718627,1120000
2005-05-09,11.085561752319336,11.098429791524465,10.873244014089767,10.873244014089767,889400
2005-05-10,11.024441719055176,11.079129051440638,11.00192326134776,11.063044614101615,1242800
2005-05-11,10.908628463745117,11.001919889751278,10.873241976145296,10.985835457341413,1233800
2005-05-12,10.892545700073242,10.937582608585931,10.850725187669866,10.898979719455586,1069400
2005-05-13,10.796034812927246,10.90541065719228,10.77673276023458,10.90541065719228,1258000
2005-05-16,11.159552574157715,11.19172267631348,10.879679434804116,10.902197892731191,1442400
2005-05-17,11.227109909057617,11.25606238930857,10.947235524243748,11.127384426601227,1776400
2005-05-18,11.252840995788574,11.355782840605064,11.156333169668562,11.275359447644457,961200
2005-05-19,11.265711784362793,11.346135196963473,11.214240849384915,11.256061367543156,926200
2005-05-20,11.175633430480957,11.294659689336227,11.098426445689487,11.294659689336227,1228800
2005-05-23,11.09199333190918,11.178850736691292,11.014787567989629,11.178850736691292,754800
2005-05-24,11.03087329864502,11.088778241984125,10.982618770141219,11.034089694535576,809000
2005-05-25,10.963316917419434,11.059824738257689,10.902194356729838,11.030872269289858,1465200
2005-05-26,11.034089088439941,11.088777632884483,10.976184148281519,10.995486204055515,835000
2005-05-27,10.985838890075684,11.034092202382942,10.915065892761673,11.034092202382942,902400
2005-05-31,10.886114120483398,11.005140437823604,10.886114120483398,10.960103519217256,841000
2005-06-01,10.927931785583496,11.030873637534782,10.866809217312396,10.905413332166884,1146800
2005-06-02,10.886114120483398,10.918282997441079,10.805690700925208,10.918282997441079,724200
2005-06-03,10.754215240478516,10.905411598378233,10.744564826880994,10.85715707606367,1084000
2005-06-06,10.808904647827148,10.841074744657202,10.722048454295297,10.734915265863602,574200
2005-06-07,10.776735305786133,10.876460760842477,10.722047984317717,10.808904174042418,915400
2005-06-08,10.570852279663086,10.789604033851264,10.567634656333523,10.776735994860491,1640000
2005-06-09,10.529029846191406,10.622321271113973,10.455040476234599,10.509727791225645,1132400
2005-06-10,10.615886688232422,10.857156840237705,10.577283807517343,10.857156840237705,3220200
2005-06-13,10.615886688232422,10.66414120949886,10.574066184945739,10.615886688232422,2318800
2005-06-14,10.567632675170898,10.638405649188275,10.561199884045239,10.599802766616758,769000
2005-06-15,10.725265502929688,10.725265502929688,10.516164155885464,10.603021581865505,1205000
2005-06-16,10.744565963745117,10.76065039716401,10.68022700290593,10.715613492725662,996800
2005-06-17,10.792818069458008,10.812120123722506,10.744564774541976,10.808902501096686,1193800
2005-06-20,10.776735305786133,10.812121797166244,10.712396342109901,10.728480776238044,689400
2005-06-21,10.754215240478516,10.834638626227134,10.725262772522473,10.802469762793079,1451200
2005-06-22,10.796034812927246,10.876458191734967,10.767082347469932,10.779949155435004,806200
2005-06-23,10.673791885375977,10.824988243709802,10.667357867237996,10.789601757532653,1026800
2005-06-24,10.6995267868042,10.796035832215894,10.68665997762433,10.696310391300104,1025000
2005-06-27,10.741349220275879,10.763867674338886,10.693095916068165,10.728481181621671,615200
2005-06-28,10.905414581298828,10.905414581298828,10.738133745926328,10.789604677797573,1169200
2005-06-29,10.712396621704102,10.918280329110692,10.712396621704102,10.908629913814663,1103800
2005-06-30,10.512946128845215,10.545114995478771,10.097961122588893,10.213771005931457,4127600
2005-07-01,10.535468101501465,10.631975960815241,10.455044680879316,10.567636978884721,1420000
2005-07-05,10.493642807006836,10.535463310317681,10.364966128827746,10.535463310317681,1208000
2005-07-06,10.30290699005127,10.490408876176858,10.241483777660077,10.480709662896594,1213400
2005-07-07,10.235018730163574,10.277045368619463,10.1154057795561,10.241484461711572,2085600
2005-07-08,10.483946800231934,10.529205700612051,10.228555881558357,10.247953081669499,1519000
2005-07-11,10.477484703063965,10.525977103564793,10.45808749622104,10.483950438678274,1722600
2005-07-12,10.467784881591797,10.500112320784435,10.428990474705325,10.435456209186404,1495200
2005-07-13,10.603562355041504,10.610028089979291,10.467785620986495,10.474251355924283,1293600
2005-07-14,10.736104011535645,10.7684326777128,10.65851767913551,10.65851767913551,1298000
2005-07-15,10.83632755279541,10.83632755279541,10.71671449893702,10.76843916275794,1441000
2005-07-18,10.994729042053223,10.997962525826319,10.846020852021727,10.846020852021727,2483800
2005-07-19,10.949469566345215,11.049686593490728,10.862184007195124,11.007659939111944,1739200
2005-07-20,11.07231330871582,11.085244773514484,10.949466859553235,10.98502777114338,1304400
2005-07-21,11.043218612670898,11.088477508233959,10.965631053696786,11.088477508233959,1262600
2005-07-22,11.136972427368164,11.136972427368164,11.007660210649407,11.052919116537163,1321600
2005-07-25,11.091712951660156,11.13373837170397,11.043220564578673,11.08847946814132,723200
2005-07-26,11.117576599121094,11.217793641126422,11.07554993851075,11.130508069033946,1090200
2005-07-27,11.159599304199219,11.198392466974648,11.085245228374479,11.117572658485267,984400
2005-07-28,11.253353118896484,11.269516837601461,11.162834074365772,11.185463527195278,510800
2005-07-29,11.24365234375,11.30830844282711,11.211324910817705,11.259817293428666,1005000
2005-08-01,10.997960090637207,11.237186041941884,10.985028624833587,11.21779007644891,881800
2005-08-02,11.07231330871582,11.120805685104628,10.988261253949226,10.997959235942044,1081200
2005-08-03,11.091712951660156,11.117574653747685,10.991495927190986,11.007659645147271,1240000
2005-08-04,10.972102165222168,11.056155498083877,10.89774805274482,11.056155498083877,1137800
2005-08-05,10.816924095153809,10.91067537957151,10.719940560644572,10.894511662688728,959000
2005-08-08,10.745800971984863,10.875111909907947,10.697308599506046,10.836318751852248,701600
2005-08-09,10.72640609741211,10.816923896866424,10.703776647548532,10.768432747106981,524600
2005-08-10,10.833086013793945,10.926837282649364,10.749033960028209,10.781361388427566,979800
2005-08-11,10.930073738098145,10.930073738098145,10.816925241502405,10.82662445923001,380000
2005-08-12,10.923609733581543,10.975334381205311,10.83955641043487,10.88481532295406,548800
2005-08-15,10.981797218322754,11.00442666861066,10.87834795037445,10.891278183958574,462600
2005-08-16,10.816924095153809,11.02059038087199,10.810458361758187,11.007658914080746,465600
2005-08-17,10.86541748046875,10.86541748046875,10.742571001054394,10.742571001054394,680600
2005-08-18,11.023820877075195,11.039985824598684,10.829853838916849,10.878346215062612,988200
2005-08-19,11.088478088378906,11.127271253289399,10.991494559496433,11.072314372433906,1054000
2005-08-22,11.18222713470459,11.20485657915187,11.088475874444581,11.088475874444581,878600
2005-08-23,11.001190185546875,11.208088665027274,10.975328492217931,11.178994722486793,765600
2005-08-24,10.910677909851074,11.072317582589609,10.881582719429625,11.007661466851628,679400
2005-08-25,10.972102165222168,10.972102165222168,10.89774805274482,10.917145260300527,489600
2005-08-26,10.917139053344727,10.985027391372155,10.862180946456583,10.955932213187213,464000
2005-08-29,11.043218612670898,11.06261581071753,10.865415280153554,10.913906425451515,436600
2005-08-30,10.86218547821045,11.020592899575073,10.79106486102943,11.010894913871486,664200
2005-08-31,10.962398529052734,10.962398529052734,10.781361718128023,10.891276704544387,998800
2005-09-01,10.813685417175293,10.955927767689428,10.703770481210611,10.94299630858492,1310200
2005-09-02,10.839553833007812,10.86218328388658,10.768433230194221,10.829855849263364,562200
2005-09-06,10.736104011535645,10.910675109254726,10.726406028288757,10.846019010112935,871600
2005-09-07,9.465618133544922,9.746870779470205,9.358935989123896,9.688680406766677,14109400
2005-09-08,9.452686309814453,9.58523076860363,9.37833222153883,9.417125390810327,2810800
2005-09-09,9.50117301940918,9.50117301940918,9.404189531277263,9.442982679887638,1606400
2005-09-12,9.704842567443848,9.711308299985935,9.507642041153531,9.507642041153531,2985400
2005-09-13,9.698376655578613,9.727471834873842,9.656350628044493,9.678980074917186,1291400
2005-09-14,9.795364379882812,9.908512279418092,9.75010546671128,9.76303693710683,2059200
2005-09-15,9.85678482055664,9.921440920885928,9.795361586904447,9.860017687233732,1167600
2005-09-16,10.041056632995605,10.053988103217366,9.895581292639427,9.92467648403195,2278600
2005-09-19,9.973167419433594,10.063685236893397,9.953770832350262,10.063685236893397,2220000
2005-09-20,10.011959075927734,10.041054260445502,9.92790638916599,9.97316590764157,2974000
2005-09-21,10.021656036376953,10.021656036376953,9.87618013759352,9.973164275651206,1798400
2005-09-22,10.024888038635254,10.044284617932602,9.956999086185327,10.02165517265134,1372200
2005-09-23,10.057220458984375,10.099246501853614,9.982865742205867,9.982865742205867,1066400
2005-09-26,10.034586906433105,10.102475244102521,9.995793130189044,10.09924237803167,2163200
2005-09-27,10.021656036376953,10.070147797102699,9.976397141913747,10.011957437589327,2551800
2005-09-28,10.34493350982666,10.409589590905512,10.183293923735619,10.199457635702288,2017800
2005-09-29,10.467784881591797,10.467784881591797,10.270584296163541,10.344938392876813,2282800
2005-09-30,10.548600196838379,10.616488530006984,10.506573557309716,10.542134465125336,1597800
2005-10-03,10.567998886108398,10.658517920239525,10.555068652557564,10.57446461949009,1708200
2005-10-04,10.571233749389648,10.652053577392302,10.55507003043166,10.59709545307989,1774000
2005-10-05,10.623211860656738,10.655698250612263,10.525751451513829,10.54199464649159,1554400
2005-10-06,10.301591873168945,10.645953331633624,10.23336970588936,10.613465700112565,1931200
2005-10-07,10.363317489624023,10.376312542678654,10.246365110323522,10.298344083265574,1157400
2005-10-10,10.246363639831543,10.363316002347798,10.233368588641879,10.363316002347798,1081200
2005-10-11,10.0546875,10.25610576677755,10.035194929947,10.246360101388982,2154000
2005-10-12,10.083927154541016,10.14890053828085,9.98321738734154,10.028699437561245,1301000
2005-10-13,10.009207725524902,10.119663168983257,9.93448804896133,10.038445967595528,1097200
2005-10-14,10.009207725524902,10.113165644159102,9.963726291031957,10.057937922429923,1044800
2005-10-17,9.999459266662598,10.08067644537924,9.953977225227506,10.048189449965003,1081600
2005-10-18,9.921494483947754,10.054690656265171,9.882509951242062,10.025452411645434,872800
2005-10-19,9.911745071411133,9.989713492606633,9.791543368127698,9.921491356424795,1014000
2005-10-20,9.77855110168457,9.97996941270085,9.775302339295525,9.911747261445099,754400
2005-10-21,9.885756492614746,9.96047615890323,9.752560350226409,9.88900525458007,1184200
2005-10-24,9.840274810791016,9.957227140338857,9.788295240323345,9.885756237857512,877400
2005-10-25,9.781801223754883,9.8695153418992,9.710329680537392,9.794795655479238,824200
2005-10-26,9.697334289550781,9.807789736653215,9.697334289550781,9.781800256137236,1163200
2005-10-27,9.593379020690918,9.716828932374364,9.593379020690918,9.716828932374364,692400
2005-10-28,9.781801223754883,9.781801223754883,9.59662607930621,9.59662607930621,919800
2005-10-31,9.840274810791016,9.892253761620717,9.775300812434905,9.78179833619811,1170400
2005-11-01,9.752562522888184,9.840277256578924,9.73956747213187,9.840277256578924,752000
2005-11-02,9.710329055786133,9.775303069142018,9.622614943285239,9.736318537200864,1234800
2005-11-03,9.681089401245117,9.762306596287905,9.6258616838305,9.762306596287905,1216000
2005-11-04,9.752562522888184,9.817535917755375,9.703832321828259,9.736318709442791,1889800
2005-11-07,9.75905704498291,9.830527943233577,9.746061998225734,9.794792184289276,700600
2005-11-08,9.820785522460938,9.82728304839618,9.746065833120179,9.746065833120179,764400
2005-11-09,9.889007568359375,9.898753236897601,9.752562632081029,9.772054588795612,599600
2005-11-10,9.97996997833252,9.992965028625218,9.856520098742399,9.921494110929686,589600
2005-11-11,10.005959510803223,10.028700848932546,9.944234880509375,10.005959510803223,708800
2005-11-14,10.057937622070312,10.057937622070312,9.973472280430963,10.038445667818005,896800
2005-11-15,9.892256736755371,10.03844734756706,9.843525913513318,10.012457864335772,801400
2005-11-16,9.914998054504395,9.940987539301544,9.892257332761663,9.924743724029453,578400
2005-11-17,9.90524959564209,9.931239074746365,9.86626568680471,9.902000833299299,633600
2005-11-18,9.950729370117188,9.99621141569516,9.908496705978308,9.989713892092885,587600
2005-11-21,10.038443565368652,10.07093056207713,9.957226383416417,9.999459665028818,689000
2005-11-22,10.11641788482666,10.122915411884813,10.048195709630901,10.070936434696154,851200
2005-11-23,10.14565658569336,10.152154113038899,10.070936880134589,10.080683171152899,673400
2005-11-25,10.135908126831055,10.233368531658257,10.12291307571375,10.191135854803306,245600
2005-11-28,10.191136360168457,10.236617802058097,10.152151824521498,10.1846388342876,705400
2005-11-29,10.178140640258789,10.337326296060903,10.155399920806792,10.233368367344267,857000
2005-11-30,10.142404556274414,10.278849488405376,10.132658888032418,10.233368050907758,1131200
2005-12-01,10.288594245910645,10.304837436989956,10.181387573728331,10.194382002664177,808200
2005-12-02,10.330827713012695,10.33732523780185,10.239864844516813,10.321082045467033,788800
2005-12-05,10.191136360168457,10.301591201952132,10.168395019585462,10.265856048883773,972400
2005-12-06,10.272353172302246,10.347072858090106,10.246363689435245,10.26585564667596,2097800
2005-12-07,10.158653259277344,10.298347021276623,10.122917472820298,10.298347021276623,648400
2005-12-08,9.713582038879395,10.158652798578666,9.694090074258796,10.158652798578666,2650400
2005-12-09,9.791546821594238,9.876012795923225,9.752562907065874,9.752562907065874,742600
2005-12-12,9.68758487701416,9.778548339296535,9.612865222088221,9.746061344221552,1105400
2005-12-13,9.75905704498291,9.791543422599982,9.616114628843645,9.642104102720062,1365800
2005-12-14,9.850022315979004,9.90849880149055,9.746064394908737,9.746064394908737,1057000
2005-12-15,9.902002334594727,9.902002334594727,9.775303682206689,9.820785122625338,1042000
2005-12-16,9.837024688720703,9.960474524962049,9.827278404423538,9.901998058454822,1092000
2005-12-19,9.814289093017578,9.953982818041554,9.798045896002893,9.90850137068984,966000
2005-12-20,9.80454158782959,9.908499516400544,9.762308292073808,9.84677426394724,778800
2005-12-21,9.937738418579102,9.973474191253343,9.856521204056316,9.872764399105604,885800
2005-12-22,9.950729370117188,9.966973179122878,9.843522709231467,9.931237418948317,585200
2005-12-23,9.931241989135742,10.025454265809744,9.902003739108515,10.002713542374845,419400
2005-12-27,9.97672176361084,10.041695779366043,9.921494655748495,9.927991561613505,609400
2005-12-28,9.9734525680542,10.029005899379657,9.940774027870168,9.976720484401733,562200
2005-12-29,10.071490287780762,10.071490287780762,9.94404463223313,9.94404463223313,805000
2005-12-30,10.104168891906738,10.104168891906738,10.015936996065706,10.04861554526144,1115000
2006-01-03,10.198935508728027,10.208739260002963,10.015936514636099,10.192400297836192,1445600
2006-01-04,10.493041038513184,10.493041038513184,10.228345383276896,10.247952884377558,2112400
2006-01-05,10.437487602233887,10.47343344067026,10.404809057326037,10.457094479862036,1550800
2006-01-06,10.32637882232666,10.506110471102616,10.28062861944829,10.457092352069271,2440200
2006-01-09,10.212005615234375,10.342719162451104,10.20220186545886,10.29370166015625,2128600
2006-01-10,10.048616409301758,10.176062076503026,9.996330975409364,10.156455194616262,1705200
2006-01-11,9.89175796508789,10.087828611361592,9.885222131444108,10.04861423279029,1817800
2006-01-12,10.029006004333496,10.051880795714307,9.855810175849555,9.865613924994754,1064600
2006-01-13,10.081293106079102,10.205470832898621,10.0486145600872,10.051882477015534,726200
2006-01-17,10.025739669799805,10.117238849759676,10.019203836005124,10.091096137872368,527600
2006-01-18,10.019203186035156,10.19566694729542,9.953846098911049,9.963649848967078,892600
2006-01-19,10.09762954711914,10.123772252729308,9.97345185129366,10.032273094739354,500200
2006-01-20,9.96364688873291,10.087825192716632,9.96364688873291,10.03227187215364,731800
2006-01-23,10.212005615234375,10.417879374189303,10.064952485058457,10.375397705078125,1238800
2006-01-24,10.274097442626953,10.303508076273019,10.140115944146663,10.244686808980887,1815800
2006-01-25,10.130311012268066,10.359060219926183,10.068221834768044,10.293703125369165,1889400
2006-01-26,10.09762954711914,10.375396183784215,10.055147884236844,10.19566516062572,1126000
2006-01-27,10.182597160339355,10.205471958068243,10.08783005213518,10.156454445321842,602200
2006-01-30,10.029006004333496,10.17605850176357,10.009398506043096,10.162987459527958,856600
2006-01-31,9.872153282165527,9.999599581433287,9.862350152192947,9.993063745923846,1848800
2006-02-01,9.940775871276855,10.015936091333836,9.83293710497597,9.83293710497597,983600
2006-02-02,9.960379600524902,9.99632605235712,9.904826276462035,9.911362108302663,569200
2006-02-03,10.002863883972168,10.038809719699453,9.891757213633968,9.891757213633968,829400
2006-02-06,10.042078018188477,10.107435105564113,9.973453637406298,9.973453637406298,994200
2006-02-07,10.051883697509766,10.068222660843873,9.953848047630625,9.96691971693111,1298800
2006-02-08,10.238150596618652,10.241418513935672,10.012669288076296,10.048615755272012,1286800
2006-02-09,10.32637882232666,10.398271107862277,10.215272166222622,10.234879039861195,1593800
2006-02-10,10.427681922912598,10.427681922912598,10.283896725889583,10.310039432321833,1043000
2006-02-13,10.352524757385254,10.427684982519464,10.310042457410981,10.395006434068055,858000
2006-02-14,10.398273468017578,10.450558891782142,10.29370262048845,10.342720127356301,1413800
2006-02-15,10.499579429626465,10.522454229857512,10.332919369425396,10.35906208730253,661800
2006-02-16,10.636822700500488,10.636822700500488,10.46035897911175,10.493038138581408,580600
2006-02-17,10.751199722290039,10.816555559210256,10.57473597080701,10.669503679557083,1306800
2006-02-21,10.751199722290039,10.859037850474545,10.71525326403431,10.7348595164773,1941800
2006-02-22,10.734858512878418,10.894983290161372,10.718519555175888,10.741394345275943,1545800
2006-02-23,10.881917953491211,10.970149872293161,10.73486475548796,10.73486475548796,1851000
2006-02-24,10.904793739318848,10.934204381569137,10.849240996503529,10.849240996503529,945600
2006-02-27,10.86557674407959,10.921129470426306,10.8198271467157,10.885184248628274,721400
2006-02-28,10.728320121765137,10.849229861776669,10.6989095096994,10.813283419631642,1562000
2006-03-01,10.718525886535645,10.783883002534331,10.653168770536958,10.73486485388949,669800
2006-03-02,10.708718299865723,10.764271015071653,10.64009391758212,10.685843505771189,840600
2006-03-03,10.734858512878418,10.80348412976115,10.643359352478196,10.685841639770828,651200
2006-03-06,10.692380905151367,10.76100529748464,10.649898604219022,10.734861959500746,629800
2006-03-07,10.715253829956055,10.761003416849526,10.421147561951239,10.672771536448082,774200
2006-03-08,10.84269905090332,10.88518134279316,10.692378629241057,10.7152534218165,770200
2006-03-09,10.921128273010254,10.947271609542087,10.82636179453961,10.82636179453961,747400
2006-03-10,11.028965950012207,11.0453049095105,10.88844865447803,10.937466779555608,1020000
2006-03-13,11.074718475341797,11.12700390756662,10.99629095029608,11.015897208265992,1039400
2006-03-14,11.127002716064453,11.13027125643146,11.025700403179474,11.045306659049908,669600
2006-03-15,11.09432315826416,11.12373378432203,11.077984198583726,11.117197951133312,775800
2006-03-16,11.198898315429688,11.202165609992852,11.061648258695987,11.0877916015341,1225000
2006-03-17,11.231572151184082,11.247911111207404,11.100859224414762,11.247911111207404,1072800
2006-03-20,11.130271911621094,11.19236046983718,11.06818210682203,11.17602150678905,1204400
2006-03-21,11.408039093017578,11.447252857327097,10.783881172015748,10.842702441771571,2436800
2006-03-22,11.37862491607666,11.417838668179293,11.274054079414505,11.388428042456644,1774200
2006-03-23,11.437444686889648,11.443980519157776,11.313266366960306,11.319802199228434,1234800
2006-03-24,11.450518608093262,11.453785901579973,11.378625685557747,11.437446940980843,933000
2006-03-27,11.18908977508545,11.414570388416955,11.113928324059017,11.404767262884201,1230200
2006-03-28,11.077986717224121,11.1727532035494,11.071450882549447,11.156414240154215,979400
2006-03-29,11.166214942932129,11.195625569286989,11.002822851312407,11.032233477667267,771800
2006-03-30,11.070943832397461,11.179353014035026,11.057802945779597,11.143216202427864,739600
2006-03-31,11.123509407043457,11.169501270589338,11.047951166477468,11.093943030023349,773000
2006-04-03,11.123509407043457,11.205638092856613,11.028239830735965,11.103798071301954,1148400
2006-04-04,11.23520565032959,11.245060692643639,11.126795172137365,11.14322066038892,829400
2006-04-05,11.162930488586426,11.24177457598963,11.093942695348781,11.199067309763551,804000
2006-04-06,11.064377784729004,11.166217816700426,11.028240958765455,11.166217816700426,456200
2006-04-07,11.116936683654785,11.146503054615996,11.021667126870435,11.080799868792857,811800
2006-04-10,11.199069023132324,11.231920000218784,11.11036988117755,11.153077153937504,838800
2006-04-11,11.10708236694336,11.245057938282027,11.05780466107434,11.245057938282027,1066600
2006-04-12,11.070943832397461,11.149786645736796,11.044662059161734,11.136647012302856,545000
2006-04-13,11.024956703186035,11.074233169326789,10.998674918696732,11.054523084144272,666600
2006-04-17,10.972394943237305,11.015100965419157,10.909976328505406,11.005245922328657,707600
2006-04-18,10.916543960571289,10.995388044522105,10.916543960571287,10.972392114449825,1079800
2006-04-19,11.0216703414917,11.061091763209767,10.913261118470913,10.939541648554824,942000
2006-04-20,11.166214942932129,11.189210871138924,10.978960415387498,11.021667676279016,793600
2006-04-21,11.271342277526855,11.300908657131767,11.20235322299246,11.238490048418953,1200600
2006-04-24,11.26148509979248,11.29762192238742,11.2187790850751,11.271341394344748,743200
2006-04-25,11.360042572021484,11.383038508144237,11.218781105447695,11.277913870673212,923800
2006-04-26,11.415884971618652,11.438880898644888,11.353467634430874,11.360038078321804,671600
2006-04-27,11.501299858093262,11.524297041547289,11.343612942021288,11.429027471467073,865600
2006-04-28,11.442170143127441,11.51115794468118,11.373181088389298,11.507872095168484,682400
2006-05-01,11.399463653564453,11.517729180444402,11.386322760981239,11.392893207272845,815400
2006-05-02,11.550582885742188,11.576864677113592,11.33376311966725,11.38304085189624,625200
2006-05-03,11.314041137695312,11.632700665925919,11.297615660125238,11.59656386336159,1287400
2006-05-04,11.37646770477295,11.445455510977053,11.304194048834654,11.304194048834654,624000
2006-05-05,11.504582405090332,11.534148771691807,11.36332101501482,11.422453748217771,904800
2006-05-08,11.534153938293457,11.619567228300001,11.4487393951025,11.478305774947922,693800
2006-05-09,11.580147743225098,11.599859084147264,11.491448588852283,11.55058135843416,522000
2006-05-10,11.550582885742188,11.65899339537205,11.445458226626144,11.599860617971178,598800
2006-05-11,11.402749061584473,11.53744008718636,11.346902143908252,11.53744008718636,558200
2006-05-12,11.373180389404297,11.399462171152985,11.235204794776672,11.363325347840703,916000
2006-05-15,11.511162757873535,11.544013747630125,11.274631621434306,11.317338910665818,794400
2006-05-16,11.612991333007812,11.635987256187327,11.481586236722562,11.504582159902077,862200
2006-05-17,11.445456504821777,11.619568960317862,11.4224605674236,11.560436191812663,754600
2006-05-18,11.399463653564453,11.4750219061412,11.330475847279313,11.432314631837997,526600
2006-05-19,11.504582405090332,11.530862923633949,11.310758724743735,11.429024191149638,1286200
2006-05-22,11.442170143127441,11.570290704065643,11.41917295609179,11.471735269635268,897600
2006-05-23,11.366613388061523,11.514445322230284,11.356758343511842,11.46516884629717,1201400
2006-05-24,11.40602970123291,11.465162441868925,11.327185629323553,11.360037848112455,1229400
2006-05-25,11.471734046936035,11.484874937217402,11.356754389934757,11.448738115535779,1946000
2006-05-26,11.48159122467041,11.504587157840048,11.425743063269596,11.465165737147007,1301400
2006-05-30,11.399463653564453,11.563721051301162,11.392893207272845,11.514443330706351,1225800
2006-05-31,11.31733226776123,11.442168211294526,11.271340407823752,11.41917102814159,1528200
2006-06-01,11.268056869506836,11.333760077112494,11.208924107980188,11.284482358112136,1930000
2006-06-02,11.215490341186523,11.268052636890195,11.15307300665841,11.261482193279239,1501600
2006-06-05,11.093945503234863,11.284483445142834,11.087375056522923,11.199070144256758,1012400
2006-06-06,11.070943832397461,11.202348939024326,10.998670209183135,11.09393975738676,1209600
2006-06-07,11.057806968688965,11.159646997251654,11.038095631591045,11.087373347743656,763000
2006-06-08,10.906685829162598,11.09393906564764,10.640588531070453,11.09393906564764,2396800
2006-06-09,10.916543960571289,10.97567671023835,10.880407140976505,10.880407140976505,1233800
2006-06-12,10.92311954498291,11.090661579083596,10.903408201424385,10.97568187462085,1005200
2006-06-13,10.785140991210938,10.949398383682494,10.781855141578214,10.909975707196516,1215200
2006-06-14,10.788424491882324,10.83770220589245,10.709580400102988,10.768713155641409,1416800
2006-06-15,10.837703704833984,10.840988301402927,10.749004559258548,10.811421919544449,1125400
2006-06-16,10.831131935119629,10.863982909533185,10.817991044080468,10.83770238063921,1819800
2006-06-19,10.742430686950684,10.87383581193703,10.716148910042955,10.854125732440332,931800
2006-06-20,10.758858680725098,10.80813639733042,10.726007705111144,10.755574084437459,1815800
2006-06-21,10.71615219116211,10.788425846603333,10.68987165939179,10.755574868594312,1186600
2006-06-22,10.689871788024902,10.732577809313623,10.627453174598394,10.719438169862592,1113000
2006-06-23,10.693156242370605,10.722722623815056,10.584747012530606,10.660305264403206,1956400
2006-06-26,10.788424491882324,10.791709087996981,10.663588535391844,10.683299871632759,2347800
2006-06-27,10.732577323913574,10.788425488496486,10.6701599664945,10.772000000037197,1436200
2006-06-28,11.0216703414917,11.074232654843923,10.837702871351118,10.92311616060433,3691600
2006-06-29,11.034810066223145,11.070946887803498,10.969106868184708,11.005243689765061,1762400
2006-06-30,11.0216703414917,11.067662209026846,10.952682540188981,11.067662209026846,2200000
2006-07-03,11.10708236694336,11.156358819628261,11.041379176846037,11.054520065502325,547400
2006-07-05,11.083965301513672,11.20616599146572,11.031121657759392,11.14011112179991,1670800
2006-07-06,11.305243492126465,11.348179330541122,11.199556243637604,11.262307653711808,3726000
2006-07-07,11.262310028076172,11.34487828710867,11.242494452239027,11.31185148745233,1502400
2006-07-10,11.361394882202148,11.381210461414806,11.272220996069594,11.338275866526137,1233600
2006-07-11,11.493504524230957,11.500110137933058,11.354790416162793,11.397725015388469,865400
2006-07-12,11.460477828979492,11.533137060637376,11.407634178731941,11.480293410389823,1344200
2006-07-13,11.374602317810059,11.473685231397289,11.344877695712206,11.457170572538361,1762400
2006-07-14,11.31185531616211,11.437359465140405,11.285432859580544,11.37460676070522,1471000
2006-07-17,11.374602317810059,11.414235987201582,11.308548721940682,11.318456509342772,1387400
2006-07-18,11.424147605895996,11.443964447237692,11.334973709696378,11.391120796885177,1044400
2006-07-19,11.516623497009277,11.539742514929836,11.427449602219133,11.43405521589529,1035200
2006-07-20,11.48359489440918,11.543044148314701,11.460475880100564,11.486897070785357,888200
2006-07-21,11.500107765197754,11.533134567002088,11.44396195015204,11.533134567002088,976800
2006-07-24,11.529834747314453,11.529834747314455,11.424147448069514,11.48359671138129,987800
2006-07-25,11.685062408447266,11.72799700350822,11.443963201221496,11.490201232759059,1531600
2006-07-26,11.516623497009277,11.691669109697482,11.473688897952233,11.642127637072296,1438400
2006-07-27,11.430749893188477,11.546344950978774,11.42084210534692,11.493501316004405,1027800
2006-07-28,11.503412246704102,11.536439051509799,11.420843974798016,11.437357377200865,801600
2006-07-31,11.579373359680176,11.619005772133962,11.394420001743054,11.490199486740403,1365400
2006-08-01,11.698274612426758,11.71809145540154,11.556258314063205,11.566166105604543,1285600
2006-08-02,11.546348571777344,11.708182963324752,11.500110534161522,11.704879526413889,1590200
2006-08-03,11.579373359680176,11.592583323903654,11.47698826262525,11.543043123309342,1361800
2006-08-04,11.668548583984375,11.701575388205502,11.556255685783993,11.602493715650299,1019200
2006-08-07,11.64543342590332,11.698277091810546,11.493508043906596,11.599195375721045,942200
2006-08-08,11.7412109375,11.751119989323273,11.62231239475798,11.685065103367467,1006800
2006-08-09,11.737905502319336,11.856804012061291,11.724694276816495,11.777537918936051,1269000
2006-08-10,11.90304946899414,11.906351647484524,11.688371330234025,11.724701593091206,1080600
2006-08-11,11.774236679077148,11.88652958499992,11.734602999416,11.85350151861563,843200
2006-08-14,11.774236679077148,11.856804955200014,11.7511176625541,11.807263485569532,1118800
2006-08-15,11.807263374328613,11.840290180509838,11.764327518379506,11.794052147899365,694000
2006-08-16,11.800662994384766,11.823782020942657,11.751122763143195,11.8072686105288,574200
2006-08-17,11.724691390991211,11.787442806846844,11.688361159746345,11.78414063122981,971000
2006-08-18,11.73129940032959,11.757720590341602,11.694969161657784,11.724693787853647,854800
2006-08-21,11.856804847717285,11.873318250813782,11.767630959125931,11.787446538884968,534600
2006-08-22,11.929460525512695,11.939369572337172,11.827076700828112,11.833682312080589,684000
2006-08-23,11.751119613647461,11.972402025649174,11.751119613647461,11.932769599299576,459200
2006-08-24,11.840289115905762,11.886528404250583,11.754418671620371,11.780839862211343,655800
2006-08-25,11.790751457214355,11.853502900823939,11.751119032823674,11.823778267557913,421400
2006-08-28,11.810566902160645,11.866713990962428,11.704879598419453,11.790751320141696,434600
2006-08-29,11.982304573059082,12.002121407506856,11.830379288634182,11.830379288634182,691200
2006-08-30,11.906347274780273,12.005428971706912,11.893136045885486,11.949283138742265,708200
2006-08-31,12.028546333312988,12.028546333312988,11.889832228725991,11.889832228725991,583800
2006-09-01,12.121026992797852,12.137540401229225,11.992220643183902,12.054972099180047,427400
2006-09-05,12.028546333312988,12.150748293897104,12.005427315881821,12.12102366292961,896800
2006-09-06,12.094600677490234,12.097904114059263,11.922858512765925,11.979005595412287,752600
2006-09-07,12.028546333312988,12.134234890002265,12.008730752595964,12.104510259034772,703200
2006-09-08,12.10120964050293,12.121026485726945,12.035154749648466,12.061577209947153,1017200
2006-09-11,12.08469009399414,12.101203493346235,11.972397214551647,12.091295705713302,1257000
2006-09-12,12.14084243774414,12.14744805301832,12.021945142485796,12.107815621265539,1267000
2006-09-13,12.196988105773926,12.276252959974261,12.087997356383287,12.097906408077435,1684800
2006-09-14,12.137534141540527,12.22010240100679,12.127626353569905,12.196983389147569,1045800
2006-09-15,12.193682670593262,12.256435368102727,12.11111439272665,12.137536846392095,1389000
2006-09-18,12.048359870910645,12.203588596729084,12.035148647459797,12.19367954919514,921400
2006-09-19,12.10781192779541,12.130930944256468,12.015335861951176,12.038454878412235,942600
2006-09-20,12.134231567382812,12.20358860068483,12.134231567382812,12.187075201311723,688200
2006-09-21,12.14084243774414,12.21680638345105,12.104513443574595,12.167264898840855,1008800
2006-09-22,12.10450553894043,12.180468175148988,12.087990881593445,12.173862564188488,662200
2006-09-25,12.210193634033203,12.233312644038762,12.081387361176077,12.154046566954309,714800
2006-09-26,12.23661994934082,12.272950197405203,12.1045114453428,12.213500929643866,1373000
2006-09-27,12.646159172058105,12.996247903514195,12.550379656515858,12.550379656515858,4414800
2006-09-28,12.348910331726074,12.457901053510573,12.097903343812773,12.246526482658988,2778800
2006-09-29,12.543770790100098,12.566889803734512,12.272946979046903,12.32579061876724,1720800
2006-10-02,12.474417686462402,12.566893770188022,12.365426936449653,12.560288155651598,1319400
2006-10-03,12.411669731140137,12.471117758913715,12.35882479997695,12.43478875857778,1010400
2006-10-04,12.614104270935059,12.614104270935059,12.3552516961461,12.421624508284733,996400
2006-10-05,12.514540672302246,12.580913457851526,12.414982126956119,12.567638647550552,1288600
2006-10-06,12.385113716125488,12.541089563197461,12.365201501832624,12.487991591038675,787200
2006-10-09,12.481352806091309,12.507901156257239,12.328696311259932,12.388431681577492,756200
2006-10-10,12.381793975830078,12.514538255335792,12.249048430369022,12.507900851467204,1272600
2006-10-11,12.20923137664795,12.395073714051737,12.20923137664795,12.38843757282101,2107400
2006-10-12,12.348612785339355,12.37516241334579,12.142858232113264,12.20591169969463,1338000
2006-10-13,12.192633628845215,12.375157822837126,12.182676889058238,12.36188301375814,1537000
2006-10-16,12.275599479675293,12.275599479675293,12.129579109421385,12.17935901127258,984000
2006-10-17,12.27227783203125,12.315420321109672,12.195949591941892,12.275597166705497,849800
2006-10-18,12.35192584991455,12.388430936909337,12.27559760708695,12.292190483187682,780000
2006-10-19,12.391753196716309,12.401708672552692,12.259007611104472,12.355248097375267,856400
2006-10-20,12.282236099243164,12.391751381221384,12.245732271205965,12.391751381221384,707400
2006-10-23,12.27891731262207,12.322059808998814,12.2092264641365,12.249049625277474,1089000
2006-10-24,12.239094734191895,12.25900568273262,12.179359356658663,12.255687613294342,658000
2006-10-25,12.242408752441406,12.268958362984096,12.149487647452208,12.205903670922762,453600
2006-10-26,12.302145957946777,12.318738834050597,12.182675224470803,12.282233747049016,688000
2006-10-27,12.179364204406738,12.252373154708337,12.0897611024422,12.252373154708337,821200
2006-10-30,12.25236988067627,12.322062007552065,12.149493257210128,12.179360949883842,1195800
2006-10-31,12.411662101745605,12.424935643999577,12.288872024742096,12.288872024742096,1013200
2006-11-01,12.361886024475098,12.461444584903875,12.332018329750886,12.39507178929943,633600
2006-11-02,12.315427780151367,12.39175606647021,12.275604601627627,12.328702594977953,775000
2006-11-03,12.245731353759766,12.338652483539272,12.192633384463555,12.315422201094396,721200
2006-11-06,12.298831939697266,12.33201770283455,12.252370098967063,12.255689434854222,945000
2006-11-07,12.262321472167969,12.375154789773756,12.255684069255254,12.325374900905993,690000
2006-11-08,12.375162124633789,12.388436938327304,12.252371996902635,12.26564681059615,949000
2006-11-09,12.315427780151367,12.444854059820537,12.278922672356263,12.414986359438727,817600
2006-11-10,12.468079566955566,12.501265325327765,12.302148243183515,12.35524621615235,1437400
2006-11-13,12.560997009277344,12.580909218018284,12.411659874563357,12.444845623176429,1103400
2006-11-14,12.617411613464355,12.63068641646402,12.474710646105208,12.554358198148295,880800
2006-11-15,12.673826217651367,12.710331288862767,12.521169797998922,12.594179940421723,1329400
2006-11-16,12.750158309936523,12.793300795046527,12.663874605671653,12.700379687998954,1267800
2006-11-17,12.83312702178955,12.83644635695409,12.683789854226731,12.733568488095857,1111400
2006-11-20,12.916095733642578,12.94928276336325,12.843086800168578,12.843086800168578,1250800
2006-11-21,12.869629859924316,12.962552238932927,12.843081513032727,12.909454279194529,775800
2006-11-22,12.866312980651855,12.906136137648081,12.783347331769102,12.849720104066371,666600
2006-11-24,12.81321907043457,12.853042240031865,12.780032040807045,12.82317454634496,313800
2006-11-27,12.624053955078125,12.730249888722819,12.594186269618342,12.730249888722819,818600
2006-11-28,12.71366024017334,12.740208597348946,12.584232726341742,12.584232726341742,830600
2006-11-29,12.786665916442871,12.789985251467051,12.693744791052005,12.753480161933387,640000
2006-11-30,12.849719047546387,12.86962999142973,12.736885723704926,12.763434070867795,866400
2006-12-01,12.892862319946289,12.892862319946289,12.756798695969456,12.8430836863677,712600
2006-12-04,12.985783576965332,13.01896932977691,12.876268313967541,12.926048209140232,894400
2006-12-05,12.999058723449707,13.00901546328675,12.936005278940664,12.939324614204837,591800
2006-12-06,13.042201042175293,13.075388064586651,12.975828263308035,13.025608163947343,859000
2006-12-07,12.892862319946289,13.01897047039849,12.876269442086759,13.002377592538961,1047600
2006-12-08,12.985783576965332,13.0090138571245,12.896180525227681,12.896180525227681,638400
2006-12-11,13.009018898010254,13.018974374520328,12.936008694387553,12.965876389873584,1060400
2006-12-12,13.115216255187988,13.141764617342867,12.955922284390882,12.959240354926761,1012800
2006-12-13,13.088661193847656,13.208131938841014,13.05215736928228,13.168308779161702,749000
2006-12-14,13.072063446044922,13.168303873207273,13.04551510480131,13.088656317566546,648800
2006-12-15,13.078700065612793,13.138435412281854,12.995734447011861,13.009009249817181,1355800
2006-12-18,13.082019805908203,13.111887483061397,13.042196658355623,13.072064335508816,1132200
2006-12-19,13.088661193847656,13.101936002392566,13.009014874489031,13.058793507599315,1327600
2006-12-20,13.135124206542969,13.16167256006799,13.022290855661678,13.065432088384279,796600
2006-12-21,12.969194412231445,13.214772091612122,12.942644789619651,13.141761895385372,1254000
2006-12-22,12.95259952545166,12.992423957095141,12.879590599349832,12.98910462148038,813000
2006-12-26,13.045520782470703,13.068751065902248,12.899500411237566,12.95591771811096,622400
2006-12-27,12.985479354858398,13.14558785979521,12.958793967820952,13.14558785979521,805400
2006-12-28,12.995489120483398,13.032180900993218,12.965468688468965,12.965468688468965,484800
2006-12-29,12.862064361572266,13.012165230469307,12.855393013910037,12.985481112249852,491000
2007-01-03,12.808696746826172,12.848723566289165,12.708627789524215,12.808696746826172,1537400
2007-01-04,12.748649597167969,12.838710850887644,12.675266070634379,12.815360505912302,1170400
2007-01-05,12.67193603515625,12.805359177729462,12.645250643183894,12.738646970228094,929600
2007-01-08,12.6419095993042,12.691942776837609,12.488471213219881,12.655251016522422,1367200
2007-01-09,12.685275077819824,12.72863819542134,12.651919616544372,12.678603731078878,1190200
2007-01-10,12.668596267700195,12.69194534308931,12.595212732232017,12.675267613872682,719000
2007-01-11,12.721969604492188,12.808695858481716,12.665265053554817,12.701956832363498,919400
2007-01-12,12.668596267700195,12.7286371108234,12.62856946309445,12.7286371108234,1062800
2007-01-16,12.688610076904297,12.725301843975279,12.66192469269662,12.691945113715681,1505400
2007-01-17,12.685275077819824,12.745315926059066,12.61856415526892,12.651919616544372,876600
2007-01-18,12.67526912689209,12.705289552037165,12.391743879078078,12.391743879078078,838200
2007-01-19,12.718631744384766,12.751987205484138,12.63857685634528,12.688611320423618,890000
2007-01-22,12.81869888305664,12.878739728557125,12.711959884928941,12.721966268369279,859800
2007-01-23,12.922101974487305,13.102223226436873,12.795348945580532,12.82203305710193,1766200
2007-01-24,12.838708877563477,12.955454222351186,12.488470298342692,12.908756084436103,1055800
2007-01-25,13.0722074508667,13.128913275697224,12.842051658439452,12.875407127801223,1520200
2007-01-26,12.842050552368164,12.995487734104293,12.822036509017131,12.892085024531003,1065200
2007-01-29,12.855389595031738,12.94878589260537,12.751985642411558,12.798683791198375,940000
2007-01-30,12.95212173461914,12.995483572683465,12.852052822337585,12.93877904332439,871000
2007-01-31,13.022171974182129,13.042184743334706,12.865398496196955,12.92543934851343,835600
2007-02-01,13.075545310974121,13.088888009272043,12.982147695318409,13.045524876018668,649800
2007-02-02,13.068868637084961,13.162264942257822,13.038848214360938,13.098889059808984,671000
2007-02-05,13.08887767791748,13.112226745294013,12.982137448216383,13.022165511515071,644000
2007-02-06,13.045519828796387,13.118903368613628,13.025505789092799,13.088882945272871,615600
2007-02-07,13.062200546264648,13.102227362396517,13.002159685852074,13.03885146415193,534200
2007-02-08,13.05552864074707,13.102226802978665,12.975475011901334,13.085549069671593,650000
2007-02-09,13.01883602142334,13.112233612271243,12.982144247064815,13.045521410931142,513000
2007-02-12,12.985479354858398,13.058862896782086,12.955458930655915,12.995485738782795,402400
2007-02-13,13.098888397216797,13.108894780142235,12.985478058488242,13.012162170432465,337800
2007-02-14,13.098888397216797,13.142251510608963,13.042182591637939,13.092217051123452,538200
2007-02-15,13.05552864074707,13.172275318755544,13.03885090744,13.048857292938344,671800
2007-02-16,13.102225303649902,13.105561613387223,13.008828989874347,13.012164027182328,862200
2007-02-20,13.165602684020996,13.185615453061455,13.012164244277743,13.102225522247902,515200
2007-02-21,13.142255783081055,13.175611251962293,13.018837748875404,13.142255783081055,501000
2007-02-22,13.125572204589844,13.195620700729958,13.092216747326269,13.138914896466925,435400
2007-02-23,13.128910064697266,13.168936872627764,13.092218293915442,13.135581411423896,408400
2007-02-26,13.182284355163574,13.205633440974788,13.102229437789596,13.12557852360081,375000
2007-02-27,12.711966514587402,13.18228586800687,12.675274726264695,13.18228586800687,1419200
2007-02-28,12.772003173828125,12.852056801524263,12.655256497496174,12.695284583773713,1154200
2007-03-01,12.63857650756836,12.715295083923198,12.411755815550034,12.655254237657804,1317000
2007-03-02,12.501819610595703,12.671935800191347,12.501819610595703,12.625236365105632,874400
2007-03-05,12.435107231140137,12.51516213202832,12.351717292578458,12.468463970022498,1033400
2007-03-06,12.305017471313477,12.498482713455074,12.28166839345905,12.435105554339366,1809000
2007-03-07,12.241649627685547,12.358395093662258,12.234978276425428,12.305025556011456,1593400
2007-03-08,12.481802940368652,12.55185144204176,12.318359405466277,12.318359405466277,1521000
2007-03-09,12.518499374389648,12.591882940425261,12.488478940323233,12.488478940323233,807000
2007-03-12,12.688610076904297,12.745314609701884,12.458453091615105,12.528501588945685,1365800
2007-03-13,12.521833419799805,12.701955991612955,12.521833419799805,12.678605638292456,904600
2007-03-14,12.521833419799805,12.601887047874888,12.351717233388671,12.521833419799805,1181800
2007-03-15,12.611896514892578,12.655258372807925,12.508492518663616,12.535177913469667,754000
2007-03-16,12.555185317993164,12.675266998408853,12.521829861179523,12.641911541595213,1443800
2007-03-19,12.645245552062988,12.675265969730564,12.585204716727839,12.598547407342098,756600
2007-03-20,12.678610801696777,12.721973943481085,12.595220829573877,12.595220829573877,1014000
2007-03-21,12.962136268615723,13.005499406379709,12.638582799598838,12.675274587519914,913800
2007-03-22,12.968807220458984,13.252332581717292,12.918772734387595,13.248997543113123,1297800
2007-03-23,13.068868637084961,13.105560406239793,12.948786946188866,13.005492754636123,709200
2007-03-26,13.045519828796387,13.105560675477902,12.94211586563839,13.025505789092799,616200
2007-03-27,12.90208911895752,13.175607967371912,12.75532331106639,13.175607967371912,1750800
2007-03-28,12.768667221069336,12.91543433000177,12.561860525899416,12.62190138456641,2449000
2007-03-29,12.828707695007324,12.878742166539137,12.765331800505901,12.81870130967275,2045800
2007-03-30,12.84872055053711,12.92877417067353,12.718632463493412,12.815363815122476,1564200
2007-04-02,12.735305786132812,12.908756932953565,12.698614026093763,12.908756932953565,2357600
2007-04-03,12.808696746826172,12.832045830882056,12.765333616823968,12.765333616823968,1635400
2007-04-04,12.79193115234375,12.882462694449366,12.768459822302805,12.818754981351308,1281400
2007-04-05,12.825456619262695,12.869046764610925,12.714805007015137,12.869046764610925,1203600
2007-04-09,12.718160629272461,12.869048631917117,12.704748078128208,12.812045929099678,1493600
2007-04-10,12.59744930267334,12.718159695930545,12.503564009736042,12.69468837269622,2669200
2007-04-11,12.580684661865234,12.610862261156647,12.513623187985292,12.597449710562413,1394200
2007-04-12,12.560563087463379,12.637683317867886,12.496855404718165,12.580681908952316,1513400
2007-04-13,12.895875930786133,12.93611359506367,12.597453622398316,12.708105280524112,2516400
2007-04-16,12.956223487854004,13.023284942908763,12.879103262222833,12.879103262222833,1687000
2007-04-17,12.905928611755371,12.966282515501284,12.862338473241923,12.936106203173773,950000
2007-04-18,12.795280456542969,12.885813255135615,12.758396581661755,12.875754481655733,766000
2007-04-19,12.698040008544922,13.036699842088574,12.66786241227956,13.036699842088574,836200
2007-04-20,12.775164604187012,12.82881354038639,12.70475061525499,12.805342210742383,1157800
2007-04-23,12.825456619262695,12.882458034717917,12.785220250759535,12.825456619262697,879200
2007-04-24,12.781867027282715,12.882458592441097,12.765101979604843,12.795279577061471,1188000
2007-04-25,12.748332977294922,12.875749602485191,12.731567934817697,12.85563078405807,951200
2007-04-26,12.577327728271484,12.778512099422185,12.54379763929182,12.718156915986066,976200
2007-04-27,12.50692081451416,12.587394864094094,12.40632921185796,12.570629810166665,636800
2007-04-30,12.446564674377441,12.584040152937229,12.446564674377441,12.510273665306887,734800
2007-05-01,12.473386764526367,12.490151813155311,12.339263817312371,12.429796614818136,1265600
2007-05-02,12.453269004821777,12.506917932481931,12.4331514563813,12.473387832353584,1107200
2007-05-03,12.530393600463867,12.547158656337524,12.449920820633604,12.459979598339443,1332600
2007-05-04,12.496858596801758,12.547153744734615,12.416384569381405,12.537094970966297,1357800
2007-05-07,12.500213623046875,12.580687666742145,12.459977240745006,12.49686112414319,698800
2007-05-08,12.379502296447754,12.490153938592464,12.356030968554895,12.416386177162657,736000
2007-05-09,12.386209487915039,12.449918478980662,12.352679382474262,12.382856989007575,681000
2007-05-10,12.302380561828613,12.35267698933717,12.265497964625796,12.3493244910792,1275800
2007-05-11,12.396262168884277,12.402968441801502,12.29231685730345,12.332553215716025,1068400
2007-05-14,12.496858596801758,12.496858596801758,12.40967829383877,12.40967829383877,1450400
2007-05-15,12.48009204864502,12.530387190537484,12.453266949696143,12.486798323382239,1677600
2007-05-16,12.5840425491333,12.5840425491333,12.490157212949358,12.513628546995342,964800
2007-05-17,12.533743858337402,12.584039011830354,12.513625029485373,12.543802633217709,1106400
2007-05-18,12.543798446655273,12.587388588407178,12.510268355517493,12.553857218178411,1035200
2007-05-21,12.493502616882324,12.610860499551361,12.490150119247687,12.510268942328649,880200
2007-05-22,12.473386764526367,12.543800736222664,12.429796614818136,12.433150391998657,1051800
2007-05-23,12.520328521728516,12.527034796521308,12.44656077809894,12.473385877270106,905200
2007-05-24,12.476741790771484,12.553862053364444,12.459976738745446,12.486801845260292,1154400
2007-05-25,12.513623237609863,12.5538596104609,12.480093140082536,12.506916962286152,782400
2007-05-29,12.486802101135254,12.597452470047696,12.470035769674165,12.52368470471173,1503000
2007-05-30,12.573981285095215,12.577333783970971,12.449918361227901,12.466683413789724,1179200
2007-05-31,12.503567695617676,12.604159293287987,12.476742587390094,12.580687963134633,1256200
2007-06-01,12.513623237609863,12.533742063580997,12.44656176346398,12.50356446416991,1298200
2007-06-04,12.419733047485352,12.463321901277217,12.39961422944168,12.456616907686719,1184200
2007-06-05,12.278905868530273,12.416381283039412,12.275553371191924,12.40632251193343,1546800
2007-06-06,12.288965225219727,12.345966630391425,12.245375087735518,12.275552678441375,1333800
2007-06-07,12.436500549316406,12.741628981660963,12.429794275308824,12.657802475202669,2569800
2007-06-08,12.527037620544434,12.543802671760263,12.342619498987466,12.436504809069248,1676800
2007-06-11,12.604156494140625,12.651099144022247,12.345970640700422,12.345970640700422,1016800
2007-06-12,12.473386764526367,12.60750843264914,12.433150391998657,12.60750843264914,2400200
2007-06-13,12.627625465393066,12.627625465393066,12.496856313928218,12.513621360176602,1100600
2007-06-14,12.580684661865234,12.677923735036588,12.506916912688176,12.627627309853825,1521000
2007-06-15,12.614216804504395,12.741633497626257,12.553861596135691,12.604158029473421,1792000
2007-06-18,12.560563087463379,12.651095865527177,12.339261167448859,12.339261167448859,1110000
2007-06-19,12.493502616882324,12.60415422519104,12.449913752176812,12.594095453196083,1089400
2007-06-20,12.433151245117188,12.651099450430733,12.433151245117188,12.510271497375024,1580000
2007-06-21,12.543798446655273,12.553857218178411,12.399616752399043,12.43314812262781,1106800
2007-06-22,12.382855415344238,12.573979806069179,12.335912762056198,12.523683375208355,1516800
2007-06-25,12.292323112487793,12.516978892717527,12.24873295588953,12.406327251912264,2294600
2007-06-26,11.903365135192871,12.439854319790472,11.903365135192871,12.29232011379891,1825400
2007-06-27,12.869049072265625,12.9159917237855,12.158199186391927,12.168259239639989,4484400
2007-06-28,12.885812759399414,12.946167956139224,12.711453444272315,12.89587153249232,3046000
2007-06-29,12.801982879638672,13.06352114414581,12.69468506450288,12.885809377656688,2329000
2007-07-02,12.755045890808105,12.932757735952793,12.728220785605895,12.872402528339235,1247200
2007-07-03,12.670774459838867,12.812346741047943,12.630325420329386,12.640437358743812,641600
2007-07-05,12.549429893493652,12.748306220194985,12.542688170538264,12.69100350385245,1607800
2007-07-06,12.62020492553711,12.653913510585244,12.492116159907324,12.552790327142924,1367000
2007-07-09,12.74156379699707,12.751677023800443,12.482013263813627,12.603361698637274,2382400
2007-07-10,12.421332359313965,12.714591347544333,12.417962142761949,12.640433724885884,2063600
2007-07-11,12.50223159790039,12.505601814424633,12.293243455409554,12.404478602629156,1980000
2007-07-12,12.488755226135254,12.532575780852115,12.357294847836798,12.50560888999493,1647200
2007-07-13,12.539310455322266,12.573017764095015,12.431445524227781,12.488748206311735,1181000
2007-07-16,12.434818267822266,12.52919978024771,12.394369231904458,12.50560440214135,1834400
2007-07-17,12.387626647949219,12.556165786016555,12.30335707891555,12.43481740087182,2211800
2007-07-18,12.289875030517578,12.444930746487936,12.192122010768202,12.353920733178349,2163200
2007-07-19,12.444930076599121,12.455043299862705,12.121335220900821,12.121335220900821,2129200
2007-07-20,12.347180366516113,12.455045336049624,12.269652500029643,12.455045336049624,2927200
2007-07-23,12.380887985229492,12.421337028314943,12.323585281346096,12.390999924537882,2157400
2007-07-24,12.168525695800781,12.424705915038563,12.138188598413455,12.333694622876584,3480200
2007-07-25,12.192126274108887,12.262913722110666,11.912351844057135,11.912351844057135,2145000
2007-07-26,11.905606269836426,12.198864050914949,11.74717904649605,12.101112314456612,3405400
2007-07-27,11.74381160736084,11.98313696479274,11.73706988500123,11.922462749408306,2676000
2007-07-30,11.75728988647461,11.78762698083812,11.629199789622952,11.71346935331587,1955600
2007-07-31,11.514595031738281,11.838189901115294,11.514595031738281,11.807852801745467,2438400
2007-08-01,12.016846656799316,12.047183767218572,11.514599225603234,11.514599225603234,4014400
2007-08-02,11.976393699645996,12.04718113237711,11.882012170473706,12.020214246412515,2339400
2007-08-03,11.747174263000488,12.057286862637497,11.747174263000488,11.952792162113385,2466200
2007-08-06,12.232571601867676,12.232571601867676,11.794370076694598,11.794370076694598,3064800
2007-08-07,12.283133506774902,12.364032869276443,12.138189726437963,12.151673167830177,2821600
2007-08-08,12.926953315734863,12.9977407415954,12.239314506454068,12.539314011507024,3229200
2007-08-09,12.694369316101074,12.869650194543437,12.667403719491642,12.751673298405178,3266200
2007-08-10,12.104484558105469,12.704483662226833,11.851675773445077,12.630327293105793,3348400
2007-08-13,11.919087409973145,12.225828573354004,11.760660217222625,12.101109977918227,2761800
2007-08-14,12.016846656799316,12.117969929579443,11.868531323259766,11.939317485620636,2196000
2007-08-15,12.293248176574707,12.455045634755315,12.03032618191081,12.043809624888834,2427400
2007-08-16,12.45504093170166,12.52245683528348,12.19211903631771,12.195490538715076,3451400
2007-08-17,12.643806457519531,12.812345607390156,12.42470633419872,12.751672696420266,1640000
2007-08-20,12.478638648986816,12.724705650306436,12.350548536706858,12.633694356253702,1322400
2007-08-21,12.303357124328613,12.57301948906139,12.293245187479755,12.39773863052219,1239600
2007-08-22,12.562909126281738,12.586504505786515,12.353920928160116,12.387628245780727,1069200
2007-08-23,12.320212364196777,12.68088606447126,12.26965138760372,12.60335820501384,1425000
2007-08-24,12.448304176330566,12.468529341225013,12.269653053578024,12.360663080973223,816600
2007-08-27,12.195491790771484,12.407851458808233,12.195491790771484,12.370772643738947,928200
2007-08-28,11.905606269836426,12.28987535246037,11.905606269836426,12.144931570649337,1345600
2007-08-29,12.067404747009277,12.067404747009277,11.898865570973248,11.98650666258903,864600
2007-08-30,11.915715217590332,11.99998477722209,11.828075441347933,11.959535748637249,1417400
2007-08-31,12.080891609191895,12.151677774558594,11.92920605065451,12.104486997647461,854400
2007-09-04,12.064034461975098,12.165157709862317,11.966281431814979,12.111225225265676,1237400
2007-09-05,11.895496368408203,12.040440175037075,11.888754646489188,11.973024241698905,1077000
2007-09-06,11.912346839904785,12.050548887601252,11.895493182546998,11.949425657602896,764200
2007-09-07,11.7943754196167,11.935947750067347,11.774150249901366,11.824712531263586,1075800
2007-09-10,11.726953506469727,11.885379421484064,11.646054154621803,11.871897267719056,941800
2007-09-11,11.908975601196289,11.925829257108333,11.73706496767948,11.73706496767948,1226200
2007-09-12,11.932572364807129,12.033695597894985,11.834819348953143,11.898863763210061,1079200
2007-09-13,11.993247985839844,12.043808965461256,11.932573781612687,12.033697026707339,773200
2007-09-14,11.932572364807129,12.03032409480944,11.905605483529476,11.969649897786393,703600
2007-09-17,11.841562271118164,11.966280895056302,11.817966890531268,11.90223647429927,517600
2007-09-18,12.09774112701416,12.13481994926208,11.868527758437734,11.925831743507736,962400
2007-09-19,12.283133506774902,12.296616948167117,12.057291649788167,12.134819509015783,1177400
2007-09-20,12.306724548339844,12.367398727366277,12.22919671643969,12.293242397551642,1340800
2007-09-21,12.374147415161133,12.492125623428484,12.306731479844363,12.471900457077847,1826800
2007-09-24,12.326950073242188,12.39436597261158,12.286501047961083,12.384254037754136,1411400
2007-09-25,12.33707046508789,12.451677186822684,12.22920546649658,12.289879688935718,1198000
2007-09-26,12.822461128234863,12.994370526130153,12.40785489956797,12.41122511739451,4523400
2007-09-27,12.556170463562012,12.876395202353468,12.313473602860771,12.808979264841783,3139800
2007-09-28,12.124706268310547,12.576391219610137,12.084255948479582,12.505603802831752,2432600
2007-10-01,12.111221313476562,12.212344528702115,11.996614659993886,12.158412061525057,1507200
2007-10-02,12.050551414489746,12.158416387219825,11.949428163286786,12.158416387219825,986400
2007-10-03,11.874282836914062,12.026821704232784,11.83699541455995,11.938688854829637,1270800
2007-10-04,11.887843132019043,11.979366460088578,11.833607229431829,11.87428383310076,1239000
2007-10-05,12.030214309692383,12.040383138289242,11.942080151566147,11.955639451752651,762200
2007-10-08,12.016653060913086,12.203088882444376,11.955637513053999,12.203088882444376,704600
2007-10-09,12.087835311889648,12.087835311889648,11.969194708056458,12.067496368481558,661600
2007-10-10,12.013260841369629,12.11834344585148,11.965804598405452,12.084446498901535,1157800
2007-10-11,11.891234397888184,12.104787551234573,11.8641157982395,12.084449894584061,939800
2007-10-12,12.04038143157959,12.084448504396255,11.870894082531036,11.914961155347699,834400
2007-10-15,11.979363441467285,12.101394514809984,11.945466495799021,12.0742759238069,886400
2007-10-16,12.043769836425781,12.07088843121382,11.928518394748156,11.986144762129854,1194200
2007-10-17,12.186141014099121,12.28783316790599,12.111566164533999,12.13529429065274,1957000
2007-10-18,12.12851619720459,12.203091056336408,12.084450410523115,12.189531755933157,1258000
2007-10-19,12.057331085205078,12.131905939855775,11.99970600158298,12.067499913353453,1572400
2007-10-22,12.138683319091797,12.138683319091795,11.857333724144453,11.93190856484582,1316000
2007-10-23,12.091226577758789,12.14885294749268,11.986145251380355,12.138684120574979,1001200
2007-10-24,11.942078590393066,12.108176763248835,11.72852416617447,12.03360191505818,1303600
2007-10-25,11.847163200378418,11.96580379987142,11.7963164902611,11.91156791251954,1485200
2007-10-26,11.82343578338623,11.938687212496399,11.74208130097909,11.898009324750012,1178000
2007-10-29,11.742081642150879,11.874281548453691,11.66072845046561,11.874281548453691,1457400
2007-10-30,11.772590637207031,11.83699536174946,11.609882943821582,11.775981108179993,1006600
2007-10-31,11.874282836914062,11.881062485804428,11.647170417972925,11.755642214047171,1038600
2007-11-01,11.721748352050781,11.850557835659187,11.68446091986924,11.796321923327714,1210200
2007-11-02,11.6641206741333,11.714967402029675,11.494633305260054,11.714967402029675,1062600
2007-11-05,11.694628715515137,11.73869579447827,11.48785391394125,11.48785391394125,1013200
2007-11-06,11.701409339904785,11.738696771894768,11.552260905031,11.684460859841924,714200
2007-11-07,11.674286842346191,11.728522736303864,11.531918105614443,11.559035406050423,1901000
2007-11-08,11.796321868896484,11.891235684853218,11.606496823155302,11.714968647317733,1897200
2007-11-09,11.830216407775879,11.928518078562439,11.66411825181628,11.779369690438969,2176400
2007-11-12,11.877678871154785,11.955642930281996,11.77937585583014,11.78954468738565,2009200
2007-11-13,12.12851619720459,12.12851619720459,11.8268288752056,11.921741391856232,1436400
2007-11-14,12.674262046813965,12.81324160257971,12.274271853520226,12.321728097964282,3682400
2007-11-15,12.759005546569824,12.843749208588045,12.575958926269905,12.599687048188153,3088000
2007-11-16,12.891203880310059,12.982727179298523,12.779342932492272,12.857306936870852,2263000
2007-11-19,12.626811027526855,12.874262471016767,12.626811027526855,12.83697503692759,2372200
2007-11-20,12.806467056274414,12.87765274438554,12.592913871199622,12.592913871199622,1958400
2007-11-21,12.704771041870117,12.857309908776182,12.69460221510498,12.69460221510498,1497800
2007-11-23,12.84035873413086,12.867476030833176,12.714937195990354,12.73866660859749,382600
2007-11-26,12.636980056762695,12.884431504154088,12.636980056762695,12.81663757901712,1890600
2007-11-27,12.945435523986816,12.962385283238198,12.65730771990446,12.67764665515507,2317600
2007-11-28,13.114933967590332,13.114933967590332,12.881041831425474,12.996293310061677,1369800
2007-11-29,12.95222282409668,13.104761695917116,12.840361846818926,13.016628843913,1268400
2007-11-30,12.95222282409668,13.050525796279388,12.803074423364391,12.979341420458466,1726400
2007-12-03,12.901378631591797,12.97934266397268,12.86748038289187,12.9623941861657,873800
2007-12-04,12.894598960876465,12.962394165080072,12.745449253011337,12.850531884181226,1618400
2007-12-05,13.074254035949707,13.121710286912219,12.959002586575384,13.040357083286729,1068200
2007-12-06,13.148829460144043,13.165777937218795,12.992901402118857,13.07086543113145,647800
2007-12-07,13.003070831298828,13.216625272960794,12.969172582495197,13.152219246776884,768800
2007-12-10,13.186120986938477,13.216628772396461,13.006463453425305,13.013243104981115,949400
2007-12-11,12.850529670715332,13.216622934504741,12.830190725031782,13.196283988821193,842400
2007-12-12,12.965779304504395,13.114927672823184,12.847138703919626,13.033574487589505,1149400
2007-12-13,12.891203880310059,12.99289729679869,12.78273210960199,12.99289729679869,1518200
2007-12-14,12.562407493591309,12.911551149931112,12.54884819023593,12.911551149931112,1531600
2007-12-17,12.501384735107422,12.626804986330496,12.487825439546658,12.51494273758259,1238600
2007-12-18,12.772566795349121,12.850530821153805,12.565792021521721,12.565792021521721,1420000
2007-12-19,12.986125946044922,13.03019174205146,12.718335525299041,12.87087445440026,1412000
2007-12-20,12.945435523986816,13.097974305653684,12.86408236915454,13.05051808315401,779800
2007-12-21,13.186120986938477,13.19967899696378,12.935279051718776,12.935279051718776,1973000
2007-12-24,13.216630935668945,13.2878153490268,13.12510756431462,13.12510756431462,352800
2007-12-26,13.267756462097168,13.288210820927322,13.202986276436699,13.267756462097168,515400
2007-12-27,12.940492630004883,13.295026995314837,12.940492630004883,13.291618586220176,937200
2007-12-28,13.025716781616211,13.100714783740038,12.998445608385895,13.09389666532668,419000
2007-12-31,12.923450469970703,13.032537787910876,12.872315220751007,12.960949479342027,509800
2008-01-02,12.647324562072754,12.879135476239385,12.596190604797647,12.868908944869089,1059200
2008-01-03,12.633687019348145,12.739364622880508,12.60641454074408,12.65414007787784,806600
2008-01-04,12.493915557861328,12.637092131907414,12.456416559776017,12.551867609140073,1577800
2008-01-07,12.671185493469238,12.701866383543495,12.5416451135321,12.606415303500668,1963200
2008-01-08,12.783683776855469,12.86549992521371,12.623461190716673,12.6984592183431,1508000
2008-01-09,12.684822082519531,12.749593574693213,12.541645458516914,12.742775454442116,2186400
2008-01-10,12.971170425415039,12.988215067676725,12.62004585321751,12.64050020418524,1835400
2008-01-11,12.606415748596191,12.848453167492377,12.565508327194008,12.834818227307302,1872800
2008-01-14,12.613236427307129,12.640508914056054,12.504149081158912,12.616644837938873,1527400
2008-01-15,12.36437702178955,12.637095302994956,12.36437702178955,12.500735512180583,1988200
2008-01-16,12.337106704711914,12.401878201886127,12.285972749516217,12.285972749516217,2710200
2008-01-17,12.204154968261719,12.41210307267838,12.173474079078549,12.347332884590976,1413400
2008-01-18,12.265511512756348,12.32346485667209,12.115516840989862,12.173468884482762,2831200
2008-01-22,11.798487663269043,12.026888847646653,11.692808746370192,11.917801520716523,1966400
2008-01-23,11.900755882263184,12.139384877781724,11.13373494694006,11.648490646903944,4268400
2008-01-24,11.7848539352417,12.003028635624469,11.416684453451726,11.934848716648904,2972400
2008-01-25,11.597352027893066,11.934840375291875,11.593942319094275,11.900751089841268,1465000
2008-01-28,11.662123680114746,11.747348205050557,11.556446101465092,11.634852508355273,2107600
2008-01-29,11.778032302856445,11.808713192229813,11.535994898035105,11.733715173667493,1458800
2008-01-30,11.512134552001953,11.798489146293075,11.464409003024045,11.747353886431789,1462600
2008-01-31,11.457589149475098,11.56326676325692,11.283730332570357,11.420090137969233,1972400
2008-02-01,11.74734878540039,11.74734878540039,11.460994315452485,11.593944372852743,2005000
2008-02-04,11.651902198791504,11.764397944199956,11.638265956795445,11.760989533912747,1004200
2008-02-05,11.437131881713867,11.641671537827044,11.348498941027694,11.617808773010646,1576600
2008-02-06,11.62803840637207,11.641674647172982,11.399635924439044,11.491678599209951,2093600
2008-02-07,11.518952369689941,11.716672681732481,11.440545926946895,11.573496038573087,1866000
2008-02-08,11.437131881713867,11.529174531901324,11.423495644555025,11.50190335800679,1539600
2008-02-11,11.723489761352539,11.726899471843108,11.362138474763885,11.362138474763885,1376400
2008-02-12,11.955297470092773,11.968933707571155,11.767803756246138,11.801893049518915,1358000
2008-02-13,11.97234058380127,12.05756510649432,11.924615059160843,12.05756510649432,1662600
2008-02-14,11.757577896118164,12.009841801679624,11.689398005277168,11.880300139124055,897400
2008-02-15,12.006437301635742,12.006437301635742,11.699628343165585,11.699628343165585,1195400
2008-02-19,12.013251304626465,12.118928898208503,11.928026767648314,12.118928898208503,1618400
2008-02-20,12.142793655395508,12.142793655395508,11.84962099205594,11.93484554300705,1175200
2008-02-21,11.996206283569336,12.221199026554856,11.938254218150693,12.149610722064768,1050200
2008-02-22,12.139385223388672,12.149611753348639,11.941663641339698,12.054160672593103,1090800
2008-02-25,12.217794418334961,12.241657193922777,12.08143458604138,12.224612539992012,919800
2008-02-26,12.149604797363281,12.268919880419954,12.11210580841469,12.183695378417774,807000
2008-02-27,12.101885795593262,12.183701933721597,12.060978376740794,12.159837863932308,876000
2008-02-28,11.996206283569336,12.060977768947037,11.95870857675786,12.009842522640783,657800
2008-02-29,11.743942260742188,12.054159544591679,11.71666978283645,11.822348684086199,1310600
2008-03-03,11.948477745056152,11.951887454178953,11.720076649902724,11.743939412070306,856200
2008-03-04,11.90416431427002,11.934845203757249,11.801895116120395,11.805304826298647,888800
2008-03-05,11.900755882263184,12.01666132006228,11.83939410340346,11.996206960301237,809400
2008-03-06,11.798487663269043,11.904165279744378,11.798487663269043,11.866667567706251,941800
2008-03-07,11.788260459899902,11.965526380725722,11.737125209384821,11.750761449578635,1218400
2008-03-10,11.900755882263184,12.054160329412488,11.713262135935544,11.822349453814294,1077400
2008-03-11,12.255293846130371,12.255293846130371,11.965529517944566,12.19393204959332,1688000
2008-03-12,12.132572174072266,12.398472467551738,12.132572174072266,12.23825112937964,1658200
2008-03-13,12.132572174072266,12.258704197847914,12.020075095800804,12.026893218764892,1697800
2008-03-14,11.853031158447266,12.27233580921116,11.726899182304507,12.159838773423447,1811600
2008-03-17,11.771211624145508,11.853027744830593,11.66553403960521,11.66553403960521,1804400
2008-03-18,12.15983772277832,12.15983772277832,11.890529143000416,11.95870904057868,1578400
2008-03-19,12.214385032653809,12.466649011708043,12.159840063751666,12.204157200772839,1201400
2008-03-20,12.337106704711914,12.456421867682346,12.176885417923781,12.176885417923781,2367200
2008-03-24,12.36437702178955,12.487100573437818,12.190518223480057,12.367785431369406,1701800
2008-03-25,12.36437702178955,12.493918693020872,12.337104543457338,12.36437702178955,1030600
2008-03-26,12.309833526611328,12.418920840520798,12.272334518625568,12.347332534597088,629200
2008-03-27,12.899588584899902,13.182533428824843,12.541645717090121,12.620052150959044,3374200
2008-03-28,12.568912506103516,12.793905198712212,12.360964458306093,12.793905198712212,2196600
2008-03-31,12.603006362915039,12.654140310603044,12.442783799227856,12.51437210624509,1762600
2008-04-01,12.896175384521484,12.906401911098506,12.654136752006865,12.671181396442904,1751400
2008-04-02,12.814364433288574,12.957541064741942,12.75982076886488,12.954132654650758,1530400
2008-04-03,12.865501403808594,12.906408832477307,12.766640592470804,12.787093656593305,866400
2008-04-04,12.882542610168457,12.930268147581781,12.814362713682266,12.86549796115275,710800
2008-04-07,12.896175384521484,12.95071902697062,12.814359270636272,12.947309317829605,1162200
2008-04-08,12.87231731414795,12.889363266942265,12.773457810228454,12.834819599101861,1089200
2008-04-09,12.882542610168457,12.916631908199872,12.804136184357516,12.89276913949321,1610200
2008-04-10,12.752238273620605,12.868822385450992,12.693946871724373,12.868822385450992,1451600
2008-04-11,12.673379898071289,12.74538742625565,12.625374879281715,12.666521851381543,959000
2008-04-14,12.721381187438965,12.75224173447637,12.66308976972291,12.687092272081083,852600
2008-04-15,12.735100746154785,12.87225906102819,12.68366735910623,12.748816839249852,962400
2008-04-16,12.858539581298828,12.858539581298828,12.738527068422021,12.772815984090169,989400
2008-04-17,12.851683616638184,12.875686123098417,12.690522809229329,12.690522809229329,905400
2008-04-18,13.029988288879395,13.132856355868123,12.909975762065619,12.988841323691592,1571600
2008-04-21,12.968269348144531,12.968269348144533,12.868829633334546,12.947695208102882,688600
2008-04-22,12.851683616638184,12.981983871735522,12.772818051406201,12.947693642479118,1301200
2008-04-23,12.999124526977539,13.02998507025493,12.834535398844157,12.947689852169182,1215200
2008-04-24,12.96141242980957,13.023133547268944,12.78653680236719,12.947696335254427,1064800
2008-04-25,13.029988288879395,13.047132748704444,12.961409141540763,12.971696863866542,1368600
2008-04-28,13.057422637939453,13.150002997966324,12.954553245840874,12.954553245840874,1760200
2008-04-29,12.957980155944824,13.064276586623095,12.872256552861895,13.053990172825424,1427600
2008-04-30,12.957980155944824,13.095137136054484,12.927119606513434,12.964838201156065,912000
2008-05-01,13.029988288879395,13.060848839779858,12.879115211165155,12.923690545102593,1074000
2008-05-02,12.7556734085083,13.125998722915728,12.728241225495205,13.125998722915728,1830400
2008-05-05,12.570509910583496,12.769389310359168,12.556793819280665,12.690522439387118,1940400
2008-05-06,12.591081619262695,12.608226076065579,12.457353024946704,12.457353024946704,1703600
2008-05-07,12.560220718383789,12.741954309820597,12.560220718383789,12.591081262970999,1353600
2008-05-08,12.707667350769043,12.721382133108747,12.580795476829396,12.60136961239651,977000
2008-05-09,12.65280532836914,12.704238709420661,12.577368133180734,12.628802822270734,881200
2008-05-12,12.820821762084961,12.831108175797816,12.63223009846519,12.659660971045595,982800
2008-05-13,12.7968168258667,12.896256499652434,12.724809327485906,12.896256499652434,632600
2008-05-14,12.807103157043457,12.872253919201212,12.75909815842497,12.75909815842497,757000
2008-05-15,12.724814414978027,12.783105848961776,12.690524182012314,12.755674970627847,665600
2008-05-16,12.759103775024414,12.772819868678454,12.663093735523505,12.721385171495147,981400
2008-05-19,12.827677726745605,12.868824682961858,12.721380006145619,12.807103594618402,767600
2008-05-20,12.714527130126953,12.831109990126537,12.659662761131548,12.793392698500023,813800
2008-05-21,12.495076179504395,12.741960659226292,12.474503344886784,12.711100099261055,887200
2008-05-22,12.621942520141602,12.652803066471073,12.457353375730506,12.467639788494248,662200
2008-05-23,12.4504976272583,12.5636521126415,12.39906293787781,12.549936021068238,667200
2008-05-27,12.597941398620605,12.642516730839523,12.501930072832687,12.512217794761844,976600
2008-05-28,12.649370193481445,12.676802364636512,12.594507159209229,12.676802364636512,1343000
2008-05-29,12.872260093688965,12.882546510316164,12.656236188246627,12.676810329539762,1204600
2008-05-30,12.885979652404785,12.933984686956649,12.824258519969794,12.855119086187289,1270800
2008-06-02,12.889403343200684,12.933979991117212,12.776247538806098,12.882545296749017,1609600
2008-06-03,12.879108428955078,12.961402315994267,12.810529317730587,12.837960177397733,1376600
2008-06-04,12.879108428955078,12.93397145632712,12.789955191951915,12.800242908860126,2322400
2008-06-05,13.074563980102539,13.074563980102539,12.83796600439105,12.89282905666475,1637600
2008-06-06,12.9476957321167,13.002558799742836,12.865401784696848,12.927122899281091,2173400
2008-06-09,13.012845039367676,13.047133962206955,12.903118916635709,12.961410347070196,1775400
2008-06-10,13.029988288879395,13.064277208529491,12.933978267428374,12.933978267428374,1151800
2008-06-11,12.872260093688965,12.995702325370301,12.86883041612074,12.916835437765986,845000
2008-06-12,12.824251174926758,12.9202611890411,12.580795155076574,12.580795155076574,978200
2008-06-13,13.026561737060547,13.033418475516186,12.82082426634861,12.930550394179528,1203400
2008-06-16,12.913399696350098,12.968262733773333,12.738524173325407,12.954546647408026,1072800
2008-06-17,12.841394424438477,13.026557698258934,12.824249967537668,12.90997356007993,826800
2008-06-18,12.759103775024414,12.937409068410876,12.745387681370373,12.800252055986533,1033200
2008-06-19,12.827677726745605,12.861966638919457,12.70080718205657,12.786530770529353,1313000
2008-06-20,12.728240966796875,12.77967565488179,12.649375404294869,12.77967565488179,1407600
2008-06-23,12.714527130126953,12.882544682040455,12.680236899504825,12.772818560126746,1230800
2008-06-24,12.731671333312988,12.834539407016855,12.615087167638332,12.669950227482964,1559600
2008-06-25,12.70080852508545,12.861967998989915,12.652803519750575,12.765957988320165,2343200
2008-06-26,12.522501945495605,12.964835975394232,12.522501945495605,12.834535754826963,3498800
2008-06-27,12.303050994873047,12.539647651452771,12.069882706632905,12.539647651452771,4699200
2008-06-30,12.227612495422363,12.385343582838194,12.203609995512917,12.285905215229691,2066600
2008-07-01,12.224185943603516,12.248188447079022,12.063025156235106,12.1967537636096,1605600
2008-07-02,12.248336791992188,12.310441140174001,12.144829983742659,12.310441140174001,1776400
2008-07-03,12.244885444641113,12.41049657820525,12.203481674129858,12.258685385317904,966800
2008-07-07,12.320792198181152,12.400147466683602,12.237987272857099,12.293190995126654,1299600
2008-07-08,12.548513412475586,12.57956560260595,12.306996524368445,12.334599056111504,1380200
2008-07-09,12.593362808227539,12.686519348583852,12.472605061188279,12.576111889530607,1095800
2008-07-10,12.510553359985352,12.600260220150586,12.334591928369534,12.586458962254335,1689600
2008-07-11,12.603713035583496,12.648566476908337,12.379448461280733,12.413950298508627,1761200
2008-07-14,12.734825134277344,12.796929507618078,12.648569206433102,12.710673579773836,1540800
2008-07-15,13.093647956848145,13.14885168894423,12.583013105919147,12.620965918515354,2642000
2008-07-16,13.231654167175293,13.252356056419906,12.976337447294476,13.086744890944647,1471000
2008-07-17,13.47316837310791,13.497319914538359,13.11434359162653,13.286855353935621,1969400
2008-07-18,13.393819808959961,13.80094787661292,13.179905485397528,13.179905485397528,1648600
2008-07-21,13.362762451171875,13.421417141347288,13.255804672711088,13.376563709584966,1211000
2008-07-22,13.545621871948242,13.555973471815715,13.245451798995227,13.404162291254504,1838000
2008-07-23,13.559428215026855,13.58357976351207,13.39381703277366,13.462822021085994,1740400
2008-07-24,13.63878345489502,13.835446815561129,13.466271642650314,13.59048035805221,2293600
2008-07-25,13.566324234008789,13.718134103764166,13.497319269152625,13.69743353561948,1197400
2008-07-28,13.583581924438477,13.683639107600793,13.538729793636794,13.538729793636794,1256200
2008-07-29,13.77679443359375,13.787144721910133,13.511126065466836,13.607732266181797,2995800
2008-07-30,14.12872314453125,14.159775335378354,13.54908312615942,13.54908312615942,4105600
2008-07-31,13.83545207977295,14.132172720317945,13.656040884996196,13.693992392555124,3699800
2008-08-01,13.742291450500488,13.925153548383408,13.707788298718368,13.876850452049101,2421800
2008-08-04,14.001065254211426,14.045917396790195,13.711245234022803,13.7595483513607,1986000
2008-08-05,14.225327491760254,14.225327491760252,13.821650380365744,14.09421811263886,2900800
2008-08-06,14.48063850402832,14.511690675508595,14.042458446989043,14.232221132186119,2642000
2008-08-07,14.07005500793457,14.408177810282863,14.042453818028552,14.408177810282863,2316000
2008-08-08,14.335729598999023,14.335729598999023,14.045909736863452,14.045909736863452,3300800
2008-08-11,14.30813217163086,14.387487458654316,14.183923438494714,14.356435275370279,2232800
2008-08-12,14.373675346374512,14.449580918476649,14.183912732279037,14.225315173352989,1966600
2008-08-13,14.277074813842773,14.425435045077768,14.221871098696756,14.342628814278548,1159000
2008-08-14,14.139065742492676,14.21497134907386,13.562877012275047,13.838895605078715,1558200
2008-08-15,14.328828811645508,14.363331959234458,13.90790094034434,14.156317022182266,2011200
2008-08-18,14.208072662353516,14.352981949828203,14.16667019681227,14.321929771632107,1233800
2008-08-19,14.052809715270996,14.218420869365646,14.02520851433545,14.18046806643887,1654800
2008-08-20,13.994153022766113,14.073508266361861,13.894095896256637,14.073508266361861,1224000
2008-08-21,13.956206321716309,13.96655660961174,13.811295710376681,13.894101962022285,1121000
2008-08-22,14.0114107131958,14.083865364210789,13.976907558311915,13.997609451242246,1028600
2008-08-25,13.807848930358887,13.973460151998813,13.752645189812245,13.966559519910358,1097400
2008-08-26,13.773340225219727,13.863047090095588,13.72848810894226,13.783691827265688,1121000
2008-08-27,14.004511833190918,14.487545532672351,13.85960119688211,14.287431157808033,1494400
2008-08-28,14.14251708984375,14.17011829177497,13.95620404120612,14.059710851729081,1979800
2008-08-29,13.956206321716309,14.13561877014785,13.956206321716309,14.087315671754881,1218400
2008-09-02,14.004511833190918,14.246028682931636,13.97690930583269,14.063165229585735,1865400
2008-09-03,13.973450660705566,14.190815817285813,13.928597240677238,14.073507783784104,1462200
2008-09-04,13.818192481994629,14.011406137768086,13.811291853271255,13.914799967961534,1546800
2008-09-05,13.818192481994629,13.84579499688813,13.642231056109788,13.83199373944138,1302200
2008-09-08,14.087311744689941,14.183917914545356,13.866495573911301,13.897547745102019,2314400
2008-09-09,14.266729354858398,14.304682172141744,14.080417558625262,14.080417558625262,3789000
2008-09-10,14.059714317321777,14.356434879144238,13.90445340518667,14.356434879144238,2546800
2008-09-11,14.028656005859375,14.135613768858985,13.828543052438473,14.104561599998469,2846600
2008-09-12,14.342630386352539,14.34263038635254,13.935502448965842,13.935502448965842,1667200
2008-09-15,14.118364334106445,14.373682363723889,13.973455061521785,14.076961872819473,1581000
2008-09-16,14.094213485717773,14.132166292174702,13.863048306259136,14.114915375465348,2669400
2008-09-17,13.73884105682373,14.139068421255535,13.73884105682373,13.932054766472461,2953000
2008-09-18,13.63878345489502,14.063162355077715,13.469722615945187,13.873399624840673,3373200
2008-09-19,13.794041633605957,14.070060215627404,12.934933714804176,13.30410881503794,2538400
2008-09-22,13.486968040466309,13.894095856826594,13.421414052332418,13.697432576264777,1361000
2008-09-23,13.373112678527832,13.704336298193997,13.32826056312173,13.51457228624343,1999400
2008-09-24,13.283411979675293,13.53873008774609,13.176454162644392,13.438672902410175,2267800
2008-09-25,13.352415084838867,13.676736831494138,13.166102004007639,13.673287174216847,3503000
2008-09-26,13.411063194274902,13.528371237951717,13.248903042839462,13.273054582758787,1201600
2008-09-29,13.041894912719727,13.473174515099089,12.972889913106851,13.331714858165094,3621200
2008-09-30,13.266160011291504,13.276510299936474,12.80037727985561,13.24200846034603,2890000
2008-10-01,13.536826133728027,13.581937693122878,13.189816989504205,13.255749574097024,2271600
2008-10-02,13.418842315673828,13.571527178857597,13.321680183636717,13.477834555649768,2367800
2008-10-03,13.359850883483887,13.734621361841814,13.356381374788596,13.578466995859344,1838600
2008-10-06,13.099590301513672,13.370256909314197,12.877504743961,13.162052030042153,2990600
2008-10-07,12.839334487915039,13.432719628984577,12.839334487915039,13.196753375740357,3788600
2008-10-08,12.676240921020508,12.953849236391736,12.589488653400636,12.790754549671322,2878600
2008-10-09,11.954460144042969,12.752580567899338,11.898938757785158,12.676238165394501,3483200
2008-10-10,11.888531684875488,12.291062204900115,11.02794990130174,11.597043975634572,4423800
2008-10-13,12.856680870056152,12.856680870056152,11.763603511135194,12.228595540350035,2007400
2008-10-14,12.395167350769043,13.158586427273383,12.287594036950585,13.016312727699225,2505400
2008-10-15,11.760138511657715,12.377814303103932,11.614395321029386,12.377814303103932,2110800
2008-10-16,12.003044128417969,12.048155679457146,11.451299638348173,11.732377469652079,2529800
2008-10-17,11.957929611206055,12.277178573912064,11.465177475297246,11.465177475297246,1561800
2008-10-20,11.985697746276855,12.166142684015092,11.75667173371198,12.166142684015092,2600600
2008-10-21,11.853829383850098,12.093265157639156,11.798307987446787,11.867710063884552,1173800
2008-10-22,11.544995307922363,11.767080966140027,11.32984999199087,11.524174281063855,2820000
2008-10-23,11.725433349609375,11.777483900583052,11.218800573887602,11.555398372800038,2954000
2008-10-24,10.937725067138672,11.524169866451226,10.88914335161336,11.107758754942008,2655400
2008-10-27,10.64970874786377,10.909965555354994,10.621948048206063,10.837093305086462,2445400
2008-10-28,11.16327953338623,11.16327953338623,10.51437303690048,10.854442379378758,3069200
2008-10-29,11.066118240356445,11.4200676253318,11.034887373337018,11.097349107375871,1435600
2008-10-30,11.256974220275879,11.406188232451859,11.059179809953553,11.284735582417738,1345200
2008-10-31,11.68032455444336,11.68032455444336,11.204922527224245,11.204922527224245,2191800
2008-11-03,11.572746276855469,11.721960209642639,11.461703534837188,11.673379175476379,1381400
2008-11-04,11.62480640411377,11.822601511658112,11.54152362653649,11.770549610205457,3045400
2008-11-05,11.194512367248535,11.649094739766213,11.163281497018549,11.506821069548403,1716000
2008-11-06,10.844034194946289,11.239624350580387,10.795453133550472,11.149402568521676,1559200
2008-11-07,10.809329986572266,10.955073789931612,10.698287214844598,10.823210663971787,3017800
2008-11-10,10.753808975219727,11.062646777576255,10.63929603015416,10.96548467986435,1724600
2008-11-11,10.44150161743164,10.705228555912084,10.372099547669928,10.684408199730447,3086200
2008-11-12,10.448440551757812,10.635825055928953,10.285345908309619,10.285345908309619,2216200
2008-11-13,11.069589614868164,11.069589614868164,10.320050048568584,10.510905441331062,2778200
2008-11-14,10.684412002563477,11.059181856558299,10.451915846538245,10.871796598627176,1700600
2008-11-17,10.576837539672852,10.854445225468355,10.444974368773819,10.444974368773819,1173400
2008-11-18,10.694817543029785,10.778099625699914,10.36515938186059,10.514372699644262,1782000
2008-11-19,10.365165710449219,10.882209369714396,10.361695538819141,10.670533533352707,2381000
2008-11-20,9.990392684936523,10.50049584297699,9.979982173270137,10.156956900394551,2524400
2008-11-21,10.503966331481934,10.503966331481934,9.789127060235554,10.101435801006971,2496000
2008-11-24,10.608067512512207,10.753811353175077,10.396391761060412,10.646238723263789,2539200
2008-11-25,10.514374732971191,10.819743090349279,10.292289136236064,10.819743090349279,2888600
2008-11-26,10.313112258911133,10.385984528533376,9.889761311229053,10.21942028635034,3729200
2008-11-28,10.330462455749512,10.410274400639567,10.233299656404602,10.316581772185629,791600
2008-12-01,10.000804901123047,10.261061797558384,10.000804901123047,10.10490805681769,2143200
2008-12-02,10.118782997131348,10.205535252361805,9.86199640107325,10.108372488231506,2559800
2008-12-03,10.063263893127441,10.163896849755034,9.79259655704005,9.94875091668034,2605600
2008-12-04,10.011211395263672,10.198595941281983,9.872407905274692,9.993860545348019,2013600
2008-12-05,10.316577911376953,10.316577911376953,9.841175928971499,10.028560453886392,1639200
2008-12-08,10.375570297241211,10.684408796888084,10.278408188384995,10.510904274653726,2068000
2008-12-09,10.170838356018066,10.42415554737506,10.111846771985267,10.316582230577486,1746600
2008-12-10,10.139608383178711,10.236771195510094,9.973044129354207,10.15001889724306,1552800
2008-12-11,10.018156051635742,10.313113346746908,9.976514655763882,10.097968010033645,1428800
2008-12-12,10.212475776672363,10.274937507468813,9.827295544672392,9.827295544672392,1598200
2008-12-15,10.104903221130371,10.323518618296255,10.028560811114351,10.323518618296255,1301200
2008-12-16,10.684412002563477,10.698292024335732,10.111846377907773,10.17083795964156,1928000
2008-12-17,10.590714454650879,10.670526362907445,10.465791007385217,10.569893438861858,1484000
2008-12-18,10.871792793273926,11.041827137139897,10.61847636232261,10.663587244626973,2167400
2008-12-19,10.930788040161133,11.055711543846261,10.896086993374439,10.937728381891954,3290200
2008-12-22,10.847497940063477,11.173686480760532,10.673993495715436,10.948130173614537,1460200
2008-12-23,10.701759338378906,10.982836488373778,10.642767772393093,10.885674376303438,948000
2008-12-24,10.85444164276123,10.85444164276123,10.715637514744644,10.750338546748791,433800
2008-12-26,10.927315711975098,10.958546581730639,10.83015293252816,10.948136071189696,727400
2008-12-29,10.871369361877441,10.986761804540432,10.759473740743692,10.986761804540432,858200
2008-12-30,11.126630783081055,11.126630783081055,10.937807098453181,10.941303919810242,714000
2008-12-31,11.140618324279785,11.287480822945145,11.067186407996612,11.175585204752208,1167200
2009-01-02,11.26999568939209,11.290976614863752,11.0427076657189,11.252512251782765,1239600
2009-01-05,11.189570426940918,11.2734927920593,11.074178008591105,11.259505508889447,1473200
2009-01-06,11.151105880737305,11.32594291576649,11.063687363222712,11.263001476443927,852400
2009-01-07,10.951793670654297,11.091663189593273,10.895845863078705,11.025225584941307,1076400
2009-01-08,10.948295593261719,10.986759956663517,10.850387274712268,10.927315334565465,1111000
2009-01-09,10.790942192077637,10.94829512600962,10.68603956917261,10.927314868208764,1019400
2009-01-12,10.857385635375977,10.909837308560503,10.721012885777958,10.794444828065858,769000
2009-01-13,10.818917274475098,10.965780429040839,10.75247900606548,10.85738097349082,1208400
2009-01-14,10.595124244689941,10.88185754748289,10.553163729027812,10.700026867746006,1937200
2009-01-15,10.539177894592285,10.647577353346223,10.416792484628909,10.647577353346223,2153000
2009-01-16,10.843395233154297,10.881859602232865,10.647577900205262,10.67205498345508,1545200
2009-01-20,10.672054290771484,10.986760865036473,10.651073363390152,10.853884993040307,1410600
2009-01-21,10.658066749572754,10.780452821885882,10.45525579174973,10.780452821885882,2130000
2009-01-22,10.762970924377441,10.79094483060202,10.469244575544101,10.535682185983392,1742200
2009-01-23,10.64408016204834,10.73849166545942,10.483229723623104,10.672054064346149,1292400
2009-01-26,10.944795608520508,11.004240213434972,10.693030576091706,10.693030576091706,1416800
2009-01-27,10.853882789611816,11.102151044002975,10.853882789611816,10.986758634633082,1763200
2009-01-28,11.08466625213623,11.567216753697494,10.878358535330365,11.304961249312097,4221400
2009-01-29,11.249013900756836,11.367903134838693,11.17208651439847,11.273492312212548,2424000
2009-01-30,11.203558921813965,11.360912539741301,11.137120653472374,11.249015596181174,2807600
2009-02-02,11.22453784942627,11.287479292865362,11.084669012595581,11.102152450461816,2462800
2009-02-03,11.619667053222656,11.693098274308062,11.193064339278067,11.245515973710768,2415000
2009-02-04,11.493785858154297,11.654636937831713,11.42385078010768,11.654636937831713,1908800
2009-02-05,11.52176284790039,11.574213167048988,11.371402865319372,11.430846827134639,1559600
2009-02-06,11.57770824432373,11.616172604029897,11.42734829305454,11.542740038272367,1654600
2009-02-09,11.427352905273438,11.633660735592496,11.353921643778826,11.591700205295748,1040200
2009-02-10,11.140618324279785,11.465815381497066,11.084670515183317,11.378396846415022,1447800
2009-02-11,11.235028266906738,11.269995140422125,11.091661284302138,11.221040983940295,1115400
2009-02-12,11.25950813293457,11.25950813293457,11.007742312805764,11.112644960176274,1454400
2009-02-13,11.179080963134766,11.353918683623464,11.168591166770744,11.269996311008716,1128200
2009-02-17,10.899341583251953,11.02872129204322,10.80492941740025,10.948295743197098,2004000
2009-02-18,10.769963264465332,10.962284441979298,10.700028836510658,10.962284441979298,1463800
2009-02-19,11.007737159729004,11.112639757991225,10.839893802849705,10.839893802849705,1477600
2009-02-20,10.542675971984863,10.888853316306394,10.511205243687403,10.888853316306394,2346000
2009-02-23,10.392313003540039,10.679046297956887,10.353849309798424,10.619601680046735,1597200
2009-02-24,10.539177894592285,10.59162954680569,10.388817914408179,10.455256184781485,1496600
2009-02-25,10.693033218383789,10.794439020569278,10.493719101757549,10.497215922551915,2136800
2009-02-26,10.437772750854492,10.839897860683296,10.437772750854492,10.787446875392662,1738400
2009-02-27,10.962284088134766,11.189572138814338,10.556662151458784,10.66156412347998,3260200
2009-03-02,10.871369361877441,10.962284720786238,10.773460359910155,10.787447646027129,2292600
2009-03-03,10.895845413208008,11.070682471400627,10.79793642051798,11.011237844937119,2998600
2009-03-04,10.955286026000977,11.09165866800445,10.755971959395836,10.979763098468245,2444000
2009-03-05,10.588129997253418,10.846888702565881,10.521691743999451,10.745482912496655,1933200
2009-03-06,10.602118492126465,10.766465744220575,10.406301184962635,10.654569473176547,2167600
2009-03-09,10.371337890625,10.56715527800657,10.315390065658837,10.451762805645023,1730600
2009-03-10,10.773459434509277,10.804930158618737,10.280418979395007,10.51819748735517,2508400
2009-03-11,10.619603157043457,10.902839003208232,10.609112693500151,10.818917295713131,1531200
2009-03-12,10.951793670654297,10.969277777365717,10.588132921412955,10.588132921412955,1856600
2009-03-13,11.123130798339844,11.14411172051529,10.850385479561902,10.965777883725714,1957000
2009-03-16,11.423847198486328,11.54623388017222,11.189566294468023,11.245514072584353,2242600
2009-03-17,11.52176284790039,11.55672972733279,11.297971618170767,11.399376102085101,1621200
2009-03-18,11.294475555419922,11.476306286000256,11.196567213530939,11.476306286000256,1624200
2009-03-19,11.27699089050293,11.430847030200015,11.154604809463963,11.430847030200015,1701000
2009-03-20,11.357419967651367,11.521767299057354,11.329446720078849,11.343432676914377,3037600
2009-03-23,11.693099975585938,11.693099975585938,11.395877560957759,11.53924387084557,2351600
2009-03-24,10.581138610839844,11.116140237331056,10.490223262530527,11.102152952844808,8943000
2009-03-25,10.451760292053223,10.661564918694797,10.25244613017641,10.542675652496255,4220600
2009-03-26,10.252447128295898,10.567153765421033,9.976204865435705,10.500716149627792,5317400
2009-03-27,10.259437561035156,10.301398077144903,10.168522220196865,10.224470019643446,2959800
2009-03-30,10.266432762145996,10.329374212821627,10.014666959443474,10.140549860794735,3754600
2009-03-31,10.33986759185791,10.479737160173146,10.26293949602221,10.395815419184006,3055800
2009-04-01,10.37483024597168,10.40280414641006,10.151039042464632,10.350353166456896,2235000
2009-04-02,10.336054801940918,10.565196403178915,10.290226750649119,10.487640980842984,2661400
2009-04-03,10.321952819824219,10.34310417372273,10.142164630713319,10.293750790496397,2605400
2009-04-06,10.332529067993164,10.364256437821975,10.19856958501889,10.19856958501889,2251200
2009-04-07,10.198569297790527,10.329003439067053,10.177417942630177,10.258498697736067,2100600
2009-04-08,10.191519737243652,10.321954565183697,10.135115669050535,10.251449143747532,1817400
2009-04-09,10.20914363861084,10.364255130160167,10.135113566610332,10.318427086405956,2031800
2009-04-13,10.110434532165527,10.254969977470592,10.110434532165527,10.212666608713123,1725200
2009-04-14,10.068134307861328,10.152740399410984,9.96590219938487,10.10338701410438,1836200
2009-04-15,10.05755615234375,10.177414916597437,9.994101433340122,10.043454804836607,2022600
2009-04-16,10.099861145019531,10.128063174052745,9.89892160410922,10.121012498697088,2899600
2009-04-17,10.244400024414062,10.262026718647366,10.046985755728494,10.142167887419435,2799800
2009-04-20,10.149215698242188,10.28317517462731,10.106912316421418,10.135114346838783,2292800
2009-04-21,10.191519737243652,10.318429226872935,10.099862958332452,10.17741905639014,1810400
2009-04-22,10.142163276672363,10.254971378923079,10.103385239377682,10.13511260218436,1892200
2009-04-23,10.173891067504883,10.20209309425405,10.103385664437289,10.13511302857877,1881000
2009-04-24,10.195046424865723,10.258501178078582,10.078712934772021,10.17389506459131,1830200
2009-04-27,10.202093124389648,10.293749879692522,10.106911031684048,10.145689070724705,2037600
2009-04-28,10.195046424865723,10.272601860798316,10.075187595994683,10.128066332875525,1821000
2009-04-29,10.237346649169922,10.300800710353041,10.198568607011284,10.251447327525256,1891000
2009-04-30,10.381881713867188,10.434760432249641,10.23734623650677,10.32900232309535,2661800
2009-05-01,10.39950942993164,10.413610782414098,10.30080197972292,10.403034768052255,1113800
2009-05-04,10.730881690979004,10.808437097098736,10.343103315601626,10.452386086131556,2504400
2009-05-05,10.596923828125,10.74851000779812,10.57577247145116,10.67800526142215,1272800
2009-05-06,10.596923828125,10.667429246890476,10.459439001160776,10.667429246890476,1798800
2009-05-07,10.787285804748535,10.787285804748535,10.572244927529523,10.656851008962569,2603200
2009-05-08,10.889522552490234,10.967078664557524,10.752037695483171,10.794341090464389,2199000
2009-05-11,10.815488815307617,10.914195583093218,10.762610093652556,10.762610093652556,1170400
2009-05-12,11.101035118103027,11.108085794051787,10.843691497478515,10.924772253720846,1805400
2009-05-13,11.037579536437988,11.136286975014242,10.98822615334457,11.030529533417083,1548400
2009-05-14,11.069306373596191,11.125710429400323,10.95649826198793,11.030529005474216,2176000
2009-05-15,10.98823356628418,11.062263690866898,10.893051401200797,11.034061642589215,1498600
2009-05-18,11.051681518554688,11.058732194367758,10.924772043477219,11.055206856461224,1267000
2009-05-19,10.91066837310791,11.009375117872885,10.762607583571178,11.009375117872885,1912400
2009-05-20,10.826064109802246,10.935347562795645,10.783761401615285,10.91772087405989,1788400
2009-05-21,10.744982719421387,10.766134744645669,10.611023254947845,10.723831366586486,1569400
2009-05-22,10.885992050170898,10.967073462727761,10.741456583823798,10.744981921099255,1187400
2009-05-26,10.91066837310791,10.981173094741568,10.776708258942202,10.850738989905203,1540000
2009-05-27,10.678004264831543,10.910671183697232,10.678004264831543,10.882469153301072,1334600
2009-05-28,10.64274787902832,10.815485339529825,10.572242491220306,10.723828604335091,2167000
2009-05-29,10.75908374786377,10.75908374786377,10.635699627302293,10.734407058229346,1968800
2009-06-01,10.74850845336914,10.882468595172583,10.720306424419375,10.801387173601274,2213600
2009-06-02,10.836638450622559,10.91771918912554,10.709729000868798,10.709729000868798,2290200
2009-06-03,10.840166091918945,10.850742105776146,10.766136012086928,10.787287367411867,1244600
2009-06-04,10.896570205688477,10.924772237051014,10.748509372937788,10.797862759724861,1161000
2009-06-05,10.871888160705566,10.977645558159587,10.843686143225218,10.960019549380295,1307000
2009-06-08,10.9459228515625,11.002326910469668,10.85074142240004,10.885993454924954,1175800
2009-06-09,10.88247013092041,10.984702248144407,10.843692083496048,10.952974877049838,775200
2009-06-10,10.871888160705566,10.995272239328013,10.755554754550491,10.952968876912925,818000
2009-06-11,10.998802185058594,11.09398361370122,10.861316703882505,10.875418054726993,1419600
2009-06-12,11.270244598388672,11.280820609770482,10.935345639969693,10.981173677845591,1667400
2009-06-15,11.069306373596191,11.192690497813748,11.023478330401353,11.192690497813748,1192200
2009-06-16,10.949448585510254,11.150388136686932,10.87541850766177,11.076358058838448,1147400
2009-06-17,11.030525207519531,11.168009962155622,10.931817807653864,10.931817807653864,1034000
2009-06-18,11.330175399780273,11.35837810032062,11.030529102822365,11.030529102822365,1202800
2009-06-19,11.351330757141113,11.471189580062186,11.298451350495661,11.365432111550456,2065400
2009-06-22,11.562841415405273,11.654498840369559,11.280821155474154,11.30197317926099,1869000
2009-06-23,11.541694641113281,11.70738084343876,11.492339902246599,11.580471347339836,1572600
2009-06-24,11.397154808044434,11.622771006861681,11.309023396332783,11.622771006861681,2657600
2009-06-25,11.390108108520508,11.492339559749805,11.157440481809962,11.298450655278819,3245800
2009-06-26,11.474711418151855,11.545216828042234,11.32312525756014,11.390106002106476,5778400
2009-06-29,11.548741340637207,11.591045392879206,11.414782542874018,11.51701397384512,1771200
2009-06-30,11.467660903930664,11.612196391087759,11.407732178787438,11.566369017076655,1871600
2009-07-01,11.808599472045898,11.854768811724423,11.545790947845715,11.613269526169843,1762400
2009-07-02,11.648784637451172,11.84411460124098,11.606167511025436,11.712711004476784,2203600
2009-07-06,11.829909324645996,11.83701240456317,11.570653004152017,11.606167048963917,2503800
2009-07-07,11.574204444885254,11.840563858601753,11.55999828434127,11.7659835479069,1823200
2009-07-08,11.63813304901123,11.677199320627368,11.485420180752312,11.552897424141996,2343800
2009-07-09,11.538689613342285,11.645233100626108,11.446350930862078,11.609717701682204,1440800
2009-07-10,11.528037071228027,11.606169612802688,11.47476599224243,11.506729181543495,928600
2009-07-13,11.602612495422363,11.634575671226846,11.457002773373867,11.517378263126202,1248800
2009-07-14,11.67364501953125,11.67364501953125,11.584858547072564,11.61327086855089,1092800
2009-07-15,11.815709114074707,11.815709114074707,11.652342258045667,11.705613352085754,1320600
2009-07-16,11.833460807800293,11.851217831137475,11.73757125605066,11.794394543594068,862800
2009-07-17,11.6345796585083,11.826358779059742,11.58130858376012,11.826358779059742,1620400
2009-07-20,11.602612495422363,11.666538847031331,11.435694892686675,11.634575671226846,1831600
2009-07-21,11.609715461730957,11.730465085295194,11.528032092080693,11.68074489114057,1150400
2009-07-22,11.67364501953125,11.730468307713847,11.545792282426895,11.620373948920472,971200
2009-07-23,11.737570762634277,11.915143698089484,11.64168121491559,11.698504500070296,1310000
2009-07-24,11.716261863708496,11.79794524437752,11.577753848027424,11.71270964663331,984200
2009-07-27,11.609715461730957,11.762428260790836,11.471208819507739,11.71981114505454,1178800
2009-07-28,11.659440994262695,11.67009493814341,11.563551435013824,11.638131751727121,909800
2009-07-29,11.591963768005371,11.680750256859302,11.528037387648595,11.623926958183757,833800
2009-07-30,11.606168746948242,11.726918413657952,11.574205560031725,11.634579715999497,1098600
2009-07-31,11.442802429199219,11.670095610238873,11.428596266690684,11.652338584490318,1363800
2009-08-03,11.488966941833496,11.542239357701645,11.346909424141456,11.542239357701645,1713800
2009-08-04,11.464109420776367,11.538691090720802,11.400183049266348,11.446352396417833,1136800
2009-08-05,11.40373420715332,11.524483858252795,11.382424967039062,11.442800469975795,1103000
2009-08-06,11.28298282623291,11.4783127556248,11.229711088888475,11.460555735638954,1524000
2009-08-07,11.24747085571289,11.38952908245357,11.233264694345294,11.357565896763536,1094400
2009-08-10,11.311395645141602,11.325601127135437,11.18709446010746,11.233263123321132,1028200
2009-08-11,11.357563972473145,11.407284174061619,11.22616038902162,11.272329050869928,1616800
2009-08-12,11.29008960723877,11.42859630522847,11.243920256317459,11.27943498532144,1563000
2009-08-13,11.208403587341309,11.35046180138241,11.133823278989855,11.35046180138241,1312800
2009-08-14,11.29008960723877,11.297192011129875,11.162236853779282,11.261677282125893,1281400
2009-08-17,11.148029327392578,11.261675904392305,11.123169223347267,11.261675904392305,1310400
2009-08-18,11.158683776855469,11.20485244403334,11.116065972440724,11.179992340369331,812200
2009-08-19,11.286535263061523,11.322049305856819,11.10541079978034,11.11961628142107,700400
2009-08-20,11.378873825073242,11.403733927209268,11.211954835210808,11.26877811934658,814000
2009-08-21,11.556445121765137,11.584856082425052,11.343357497720715,11.439246352761854,900400
2009-08-24,11.556445121765137,11.627474555575573,11.453452510478694,11.627474555575573,635200
2009-08-25,11.531583786010742,11.641678109570647,11.499620611963822,11.567097821719042,917200
2009-08-26,11.542242050170898,11.613271502972928,11.485418758884098,11.535138969413282,652200
2009-08-27,11.517378807067871,11.545789767583816,11.439246294794943,11.464106393286555,695400
2009-08-28,11.481865882873535,11.616820329285426,11.393079421130711,11.535136947054895,870200
2009-08-31,11.567098617553711,11.577752558044486,11.442798129248967,11.464106010230516,1199400
2009-09-01,11.567098617553711,11.62037102955501,11.50672448174104,11.528032362722588,1704200
2009-09-02,11.513829231262207,11.631028026554155,11.485418264229478,11.57775560055344,1716000
2009-09-03,11.62392520904541,11.631028289657788,11.46410928220216,11.538690951245078,1786000
2009-09-04,11.648784637451172,11.659439935138122,11.57420432751263,11.606167511025436,841400
2009-09-08,12.003929138183594,12.003929138183594,11.684298694591567,11.719812736732726,1607200
2009-09-09,11.876076698303223,11.989723261557884,11.829908713388072,11.971966240069449,1245800
2009-09-10,11.861875534057617,11.88318342447298,11.737573635945969,11.85122023407562,2066800
2009-09-11,11.893835067749023,11.904489009681198,11.805048605583835,11.8618718871786,993400
2009-09-14,11.943554878234863,11.943554878234863,11.812149943101216,11.833459181040855,833400
2009-09-15,11.979074478149414,11.993280643367301,11.879634031173179,11.943560419879184,1007200
2009-09-16,12.060752868652344,12.064305085863369,11.961312463126303,12.018135745537457,1208800
2009-09-17,12.028790473937988,12.074959817281963,11.98972421070647,12.071408954612737,1100000
2009-09-18,12.444315910339355,12.444315910339355,11.97907417214671,11.982626390747683,2450000
2009-09-21,12.291598320007324,12.437208067097204,12.252532058997415,12.39459094362,1934000
2009-09-22,12.135335922241211,12.398144509669768,12.106924951985656,12.398144509669768,1634400
2009-09-23,12.341317176818848,12.501133065890683,12.0785086753703,12.12823022790559,1992000
2009-09-24,12.039449691772461,12.529550186152278,11.979074168544125,12.437212824171493,3454600
2009-09-25,11.964864730834961,12.099820550452211,11.897387498413373,12.089166607115665,1849000
2009-09-28,12.082062721252441,12.185055349220569,11.918695945369608,12.028790298572654,1279000
2009-09-29,12.092720985412598,12.1566473735639,12.02169151471399,12.128236398149138,1124600
2009-09-30,12.139214515686035,12.203594669069373,12.049797787585955,12.146368017660961,1296200
2009-10-01,11.985418319702148,12.114178633833198,11.956805674556955,12.053375910155243,1766000
2009-10-02,11.946076393127441,12.014032620838874,11.899579308697986,11.917462382896668,1126200
2009-10-05,11.935344696044922,11.96395870445114,11.781547811839042,11.9532277691033,1277400
2009-10-06,12.017608642578125,12.1213323826694,11.899579261818925,11.899579261818925,1121800
2009-10-07,11.996150016784668,12.042645738645247,11.946076861309486,12.003303519622717,779600
2009-10-08,12.028336524963379,12.031912593124737,11.93534238007902,12.021183024249908,1306600
2009-10-09,12.042644500732422,12.056951504937844,11.917461624912528,12.039068431876576,643200
2009-10-12,12.067684173583984,12.142793909864027,12.035494091693794,12.067684173583986,487000
2009-10-13,12.064106941223145,12.099874457471138,12.01760985229637,12.064106941223145,988600
2009-10-14,12.107025146484375,12.146368727450062,12.003302772764282,12.110602579876385,1084800
2009-10-15,12.278707504272461,12.293013145866315,12.064106507670408,12.096296588941156,1272800
2009-10-16,12.353816986083984,12.40031270799629,12.174983508107289,12.239363669330192,2008000
2009-10-19,12.536218643188477,12.643518389563482,12.3573852777667,12.428918896813471,1814800
2009-10-20,12.532651901245117,12.557688481881637,12.461118228973069,12.504037886579772,1550400
2009-10-21,12.507612228393555,12.765131474759468,12.504034795249167,12.625641598729812,1476400
2009-10-22,12.375274658203125,12.50761239852606,12.260821355063449,12.50761239852606,1520800
2009-10-23,12.296587944030762,12.411041238597942,12.221476860903447,12.411041238597942,852400
2009-10-26,12.2357816696167,12.418192513140704,12.192862032948376,12.293008306638011,923800
2009-10-27,12.375274658203125,12.403888666183542,12.23220871147403,12.246515715464238,1408400
2009-10-28,12.371697425842285,12.461114145784947,12.32877778229925,12.364543924519968,2151200
2009-10-29,12.532651901245117,12.539805404911455,12.378854983397174,12.432504214307723,1582400
2009-10-30,12.521920204162598,12.604184809140902,12.453963970040556,12.453963970040556,2919000
2009-11-02,12.532651901245117,12.62564472012486,12.4897308792471,12.529074467216292,2108000
2009-11-03,12.446806907653809,12.486150481986762,12.285856541923934,12.471843479612808,1187400
2009-11-04,12.450383186340332,12.536222463845402,12.382425613558876,12.478995824045116,1124600
2009-11-05,12.525492668151855,12.525492668151855,12.439652027812471,12.482573030177509,1501600
2009-11-06,12.53979778289795,12.557680848998341,12.428920590050735,12.471840221569774,1072600
2009-11-09,12.71148681640625,12.71148681640625,12.554112446990336,12.579149030417147,1125400
2009-11-10,12.768708229064941,12.804474372261483,12.654254933566921,12.69359850971766,1331000
2009-11-11,12.761557579040527,12.808054667098249,12.704330918504564,12.750828006562287,515800
2009-11-12,12.804474830627441,12.876008483972143,12.743672112138563,12.772284754841872,1892800
2009-11-13,12.850969314575195,12.865276315232883,12.740092106064148,12.865276315232883,632200
2009-11-16,12.965429306030273,12.965429306030273,12.822361954138213,12.85812947430692,1278800
2009-11-17,12.940390586853027,12.951120158935835,12.868856922721607,12.915354009065704,1099600
2009-11-18,12.861701965332031,12.911775115243877,12.83308932154998,12.883162471461825,831800
2009-11-19,12.872432708740234,12.893891850159191,12.682868318396533,12.80805255570139,756400
2009-11-20,12.861701965332031,12.929659552547541,12.815206248637322,12.83666539037611,1399800
2009-11-23,13.036954879760742,13.044108379348721,12.86527498282084,12.87600455000754,1149200
2009-11-24,13.026226043701172,13.094183618523989,12.968999402181872,13.040533045178687,786800
2009-11-25,12.990461349487305,13.05484149890716,12.961848707740096,13.026227492769044,724200
2009-11-27,12.797323226928711,12.879586462939413,12.700752985248888,12.81163023259783,388600
2009-11-30,12.761557579040527,12.847396887648864,12.707906987866908,12.783018088388216,1230200
2009-12-01,12.954694747924805,13.0119213937857,12.818780952358601,12.818780952358601,1290000
2009-12-02,13.05126953125,13.06199910472774,12.969004919949528,12.969004919949528,820400
2009-12-03,12.940390586853027,13.07630441226361,12.922507511917962,13.026229892297803,757400
2009-12-04,13.058417320251465,13.104914397150148,12.94396402664769,13.029804679045963,851200
2009-12-07,13.119220733642578,13.162140375466448,13.033380085604026,13.079877160141193,797000
2009-12-08,12.965429306030273,13.08346007599993,12.883166056229323,13.047692555831222,721000
2009-12-09,12.911775588989258,12.96185010512939,12.836665861365642,12.933236095906457,732800
2009-12-10,12.933235168457031,13.008344890694485,12.911774663078775,12.979732247914436,837600
2009-12-11,12.943964004516602,13.054841229426696,12.92965836613375,12.947541437405475,999800
2009-12-14,12.958273887634277,13.011924477765694,12.933237309410599,13.00477097478876,934800
2009-12-15,12.904619216918945,12.961845852197031,12.840239081682274,12.901041784744349,717800
2009-12-16,12.90820026397705,12.997617001365533,12.89031718937758,12.918929835858505,808800
2009-12-17,12.797323226928711,12.926083549168473,12.76513314636877,12.893893468608532,1138400
2009-12-18,12.850969314575195,12.897466384517337,12.65425283089939,12.861698882873121,1422200
2009-12-21,12.883160591125488,12.994037810026711,12.87958315843049,12.904621094123055,710800
2009-12-22,12.85454273223877,12.911769358680045,12.822352669591153,12.872427161568867,1541200
2009-12-23,12.861701965332031,12.897469475548354,12.818782317463452,12.893892042331219,1337800
2009-12-24,12.994036674499512,12.997612742491198,12.88673553327935,12.901042534027463,198800
2009-12-28,13.033380508422852,13.0548410122264,12.997614366474465,12.997614366474465,623400
2009-12-29,13.12343692779541,13.155858319947068,13.054992377339866,13.054992377339866,786600
2009-12-30,13.12343692779541,13.159460086099296,13.083810629143894,13.091015535643752,510000
2009-12-31,13.01537036895752,13.155862656526848,13.015370368957518,13.155862656526848,788600
2010-01-04,13.076610565185547,13.116236878511513,12.99015440356154,13.116236878511513,980000
2010-01-05,13.040584564208984,13.083812635642069,12.990151585171118,13.047789471813767,1097400
2010-01-06,13.091018676757812,13.105428493215081,12.972139752278956,13.033380785124477,1175800
2010-01-07,13.191889762878418,13.202697816513462,13.033385842925844,13.123445169439043,1399800
2010-01-08,13.2279052734375,13.2279052734375,13.047786743566926,13.188278976994722,1332600
2010-01-11,13.335979461669922,13.39001420966778,13.213498775667503,13.220703683573019,1019800
2010-01-12,13.458465576171875,13.462067344479578,13.26393710684652,13.278346928469782,997800
2010-01-13,13.580947875976562,13.674608978924205,13.490888541751515,13.490888541751515,1559000
2010-01-14,13.566530227661133,13.577336901792119,13.476470945381333,13.494482526998175,870200
2010-01-15,13.541318893432617,13.674606297171458,13.433247988395824,13.562933624118422,1680400
2010-01-19,13.595354080200195,13.613365667411276,13.483680040777873,13.53771617660713,926800
2010-01-20,13.433246612548828,13.573738912126904,13.364800659485477,13.573738912126904,874400
2010-01-21,13.343186378479004,13.595352696354636,13.299956924537435,13.46206394132862,1438400
2010-01-22,13.245923042297363,13.454859920015933,13.242319900466578,13.343187258789031,891800
2010-01-25,13.408026695251465,13.415231602903734,13.22790812653157,13.29995445466303,1085000
2010-01-26,13.361200332641602,13.382815063444426,13.26393610532308,13.346790512106386,1256600
2010-01-27,13.52330493927002,13.555726342529056,13.310764934393204,13.375607740911274,2097200
2010-01-28,13.13064193725586,13.59894986985551,13.073004059000448,13.59894986985551,3144600
2010-01-29,13.076610565185547,13.328776889281404,13.0045628477016,13.199091272649483,2236800
2010-02-01,13.177470207214355,13.199083547873173,13.044181526907813,13.119830967603889,835200
2010-02-02,13.328775405883789,13.332377172968975,13.155861727683924,13.22430629586853,1043400
2010-02-03,13.145059585571289,13.26754032164395,13.11623994216773,13.26754032164395,1174800
2010-02-04,12.882079124450684,13.098222226301877,12.85686263536405,13.098222226301877,1514400
2010-02-05,12.885683059692383,12.918104458259064,12.799225538782675,12.864068335916038,2483400
2010-02-08,12.81003475189209,12.95412880090871,12.774010208991085,12.8748775549181,1246200
2010-02-09,12.914502143859863,12.961333361275122,12.752396514845701,12.864069159349167,1413600
2010-02-10,12.939717292785645,12.968536923340299,12.831646426596933,12.932513759342601,1510000
2010-02-11,12.954129219055176,12.961334127867945,12.752397269081039,12.950527451746714,1362400
2010-02-12,12.997356414794922,13.036981345090068,12.864067686199556,12.896489083128753,1549600
2010-02-16,13.177470207214355,13.177470207214355,12.95052051093102,13.05859133681043,1226600
2010-02-17,13.372004508972168,13.43324554769025,13.184680999651949,13.184680999651949,1371400
2010-02-18,13.5485200881958,13.566531671729857,13.368401504463755,13.368401504463755,1000200
2010-02-19,13.602555274963379,13.642181584526362,13.483677720470206,13.530508938516986,1083400
2010-02-22,13.498088836669922,13.638581130137291,13.462064290783474,13.606159725937443,1014200
2010-02-23,13.3828125,13.559327958058867,13.364799540683256,13.49808829380869,1344200
2010-02-24,13.42243480682373,13.458459344200639,13.296352361493527,13.42243480682373,1123000
2010-02-25,13.364799499511719,13.36840264104231,13.22070544479268,13.299956693919603,1467600
2010-02-26,13.368401527404785,13.408027835765155,13.274739094153778,13.397219786269583,1030000
2010-03-01,13.447651863098145,13.454855395945655,13.321568051138582,13.41883223492607,811200
2010-03-02,13.588150024414062,13.63858302145292,13.472874209983505,13.487282656140247,1297200
2010-03-03,13.624168395996094,13.674601375247757,13.552120693838452,13.62056662927624,731400
2010-03-04,13.652987480163574,13.685408876127273,13.562928199619476,13.674600828008996,1551000
2010-03-05,13.68901252746582,13.68901252746582,13.562930067022725,13.68901252746582,1834000
2010-03-08,13.602555274963379,13.689012802573142,13.548520522628584,13.656591401493953,1128200
2010-03-09,13.678208351135254,13.689015028520311,13.548522725730543,13.552124493460227,1422400
2010-03-10,13.725030899047852,13.743043850698987,13.64217654339467,13.656586355037469,1625800
2010-03-11,13.797085762023926,13.797085762023926,13.66379837046357,13.674605047721009,966800
2010-03-12,13.800688743591309,13.840313684473605,13.750254377185163,13.793483834104716,961200
2010-03-15,13.926774978637695,13.951991481540903,13.804294232737977,13.804294232737977,1578000
2010-03-16,13.915966987609863,13.937580345664283,13.876340665581807,13.937580345664283,1714400
2010-03-17,14.009623527526855,14.009623527526855,13.879937924547708,13.937575817627799,1049600
2010-03-18,13.995217323303223,14.074469962069301,13.980808876960761,13.984410644997347,975200
2010-03-19,14.088868141174316,14.11768638424325,13.980797324824591,14.088868141174316,1980000
2010-03-22,14.193353652954102,14.193353652954102,13.991620220734848,14.070872885927516,1601600
2010-03-23,14.30501937866211,14.30501937866211,14.121299004932101,14.182538671443467,1178600
2010-03-24,14.182538986206055,14.268996523771634,14.117696176580855,14.258189846899413,2077000
2010-03-25,13.699820518493652,14.193346480641058,13.671002256565943,14.117695622914566,5215000
2010-03-26,13.555721282958984,13.822295944306642,13.526901657842826,13.685406847590974,1930000
2010-03-29,13.634979248046875,13.681810474927559,13.548523078324424,13.609762750694824,1701800
2010-03-30,13.793488502502441,13.793488502502441,13.678212660093877,13.678212660093877,1525400
2010-03-31,13.818702697753906,13.883545520046717,13.728643375035695,13.786281286607501,1466800
2010-04-01,13.897950172424316,13.930370197316535,13.833107374248488,13.879937215223267,991400
2010-04-05,13.739447593688965,13.923169348684842,13.707026188348278,13.915964439254028,1151800
2010-04-06,13.822301864624023,13.82590500640451,13.689014476861033,13.689014476861033,1159600
2010-04-07,13.750251770019531,13.80789103498337,13.703421928529982,13.768264727418588,1245800
2010-04-08,13.83730697631836,13.873577212969291,13.739375677015842,13.782900237721126,1268600
2010-04-09,13.938861846923828,13.938861846923826,13.81554113088893,13.873574327633555,759000
2010-04-12,13.917098045349121,13.986013413592959,13.88808214052577,13.96062397801485,914000
2010-04-13,13.931609153747559,13.964252917210542,13.83005139347193,13.866321626821593,803600
2010-04-14,13.877202987670898,13.953372694613625,13.837306282802803,13.93886404723208,1244800
2010-04-15,14.007772445678711,14.007772445678711,13.779267567083398,13.877197438698408,1468200
2010-04-16,14.015030860900879,14.051302475447683,13.964251984155975,13.993269275793416,2070800
2010-04-19,14.058555603027344,14.058555603027344,13.898964647745816,13.953371378484396,1008800
2010-04-20,14.156482696533203,14.16373701739176,14.025907688319608,14.080314402948682,1342800
2010-04-21,14.207263946533203,14.283433636538694,14.138349962225858,14.163739397687536,1606200
2010-04-22,14.30882740020752,14.30882740020752,14.116591266051376,14.178252330553047,1752800
2010-04-23,14.323331832885742,14.323331832885742,14.14197793032696,14.272551577928086,1217200
2010-04-26,14.34146785736084,14.450279929083555,14.323332742677147,14.374111617239711,1182000
2010-04-27,14.145607948303223,14.355979192185213,14.138353624346518,14.312453248444982,1968600
2010-04-28,14.17462158203125,14.250789888466885,14.058553812331596,14.178248051262274,1074800
2010-04-29,14.42489242553711,14.453908336196644,14.18550528220777,14.214521192867304,982800
2010-04-30,14.352346420288086,14.577224851403736,14.341465629891951,14.472040649126956,1595400
2010-05-03,14.366857528686523,14.42489072679207,14.3269594455601,14.363229675518348,1946600
2010-05-04,14.29068660736084,14.348719794874556,14.196381812888346,14.254415000402062,1571800
2010-05-05,14.305191993713379,14.348717916365576,14.200007806354277,14.200007806354277,1116000
2010-05-06,14.000520706176758,14.33058475306662,13.688593156415946,14.305195317430513,2712000
2010-05-07,13.764763832092285,14.03316687889769,13.746628715462846,13.971507205633454,3046400
2010-05-10,14.254413604736328,14.301565997355832,14.065805417878511,14.065805417878511,1473600
2010-05-11,14.265291213989258,14.381357540521966,14.145597036466294,14.145597036466294,1085600
2010-05-12,14.355978965759277,14.3741140835546,14.218149579997398,14.305198698863261,1124800
2010-05-13,14.334211349487305,14.493802271442664,14.316076237568343,14.319702706503994,1218000
2010-05-14,14.247163772583008,14.370484495779568,14.214520011042135,14.308824825991604,1914800
2010-05-17,14.370478630065918,14.410376698288205,14.218142060802705,14.276175237229653,1597800
2010-05-18,14.189126014709473,14.453902491659454,14.15648226365426,14.410377951459232,1838000
2010-05-19,14.203643798828125,14.29069431888293,14.047679263794866,14.102086011781752,1947000
2010-05-20,13.964253425598145,14.08031983688748,13.906220219953475,14.000523660268275,2654600
2010-05-21,14.054930686950684,14.062185010759089,13.670459826829967,13.82279785956489,2581200
2010-05-24,13.967878341674805,14.065809624734111,13.898964350020007,13.978760517761799,1712800
2010-05-25,13.746631622314453,13.753884563603362,13.485481460041655,13.739377297404543,2861000
2010-05-26,13.811914443969727,13.986014031462556,13.706728844144727,13.8336760276435,2958600
2010-05-27,14.069433212280273,14.069433212280273,13.855435595725755,13.98238274808005,1533200
2010-05-28,13.989636421203613,14.065804709090646,13.917094601664482,14.036788811447067,1666600
2010-06-01,13.935232162475586,14.10207879185742,13.87357250437171,13.884453294949955,1267000
2010-06-02,14.265291213989258,14.265291213989258,13.938853805853674,13.9533624425752,1398000
2010-06-03,14.399497032165527,14.403123500641023,14.250786919507034,14.272548497600361,1524400
2010-06-04,14.040423393249512,14.265303302132823,14.007779624774251,14.21089656013375,1939800
2010-06-07,14.000520706176758,14.17099381712245,13.989639914795703,14.080316865959077,1065600
2010-06-08,14.152853965759277,14.167362605157372,13.94611069700646,14.000516019319303,1806600
2010-06-09,14.14197826385498,14.2652989758482,14.08394506901232,14.254416800576102,1684800
2010-06-10,14.446648597717285,14.45390153425341,14.265294744672099,14.290684173408817,1719800
2010-06-11,14.392241477966309,14.468409762004553,14.214514098257013,14.370478518118214,1424600
2010-06-14,14.366857528686523,14.49743257032915,14.35234888325499,14.435771519055427,2269800
2010-06-15,14.598989486694336,14.606243808995476,14.377737499181302,14.446652869231889,1774200
2010-06-16,14.588107109069824,14.631631654524284,14.446651298627563,14.497430165594492,1656600
2010-06-17,14.78760051727295,14.78760051727295,14.54821337046381,14.551839840491187,1831200
2010-06-18,14.704172134399414,14.773086107002664,14.653393272100152,14.740442355007392,1657400
2010-06-21,14.472042083740234,14.765834522522287,14.39950024546079,14.631633021058628,2156400
2010-06-22,14.345102310180664,14.526456325185784,14.341475838673947,14.45391444245947,1756800
2010-06-23,14.207263946533203,14.406754344618466,14.1855023639206,14.377737056307716,3137600
2010-06-24,14.131094932556152,14.631632061889333,14.087570385889908,14.261669956175277,6765600
2010-06-25,14.134719848632812,14.366852560786047,14.058550178266199,14.366852560786047,4831600
2010-06-28,14.243531227111816,14.287055762726707,14.091193277029635,14.181870200005683,1744400
2010-06-29,13.99327278137207,14.174626748676815,13.935238183558425,14.120220005037005,1736400
2010-06-30,13.768388748168945,13.96425130635296,13.7647622787006,13.942488338681217,1606400
2010-07-01,13.790302276611328,13.826824041771783,13.655175228424874,13.82317116867429,2764200
2010-07-02,13.706302642822266,13.808562179696432,13.64786921882105,13.790300602751342,2051000
2010-07-06,13.852387428283691,13.925429559364602,13.753780760298879,13.830474371010586,1430200
2010-07-07,14.082466125488281,14.08246612548828,13.82316655545547,13.856035436549071,2364200
2010-07-08,13.96194839477539,14.122639950973182,13.936383860679436,14.122639950973182,2123600
2010-07-09,13.983860969543457,14.020381333237383,13.91812320036433,13.961947915429556,1384000
2010-07-12,14.045944213867188,14.056901436216243,13.907165733628316,13.92542591332686,1681600
2010-07-13,14.129947662353516,14.221249989595,14.104383122178936,14.166469429147881,1909800
2010-07-14,14.268723487854004,14.268723487854004,14.108031939643482,14.122639248998945,1763000
2010-07-15,14.239507675170898,14.319852753818797,14.133596670177564,14.254114984730698,1186600
2010-07-16,14.031335830688477,14.224897640732465,14.00577129989893,14.199333109942918,1347800
2010-07-19,14.027688026428223,14.108034511763206,13.987514783760732,14.031339506142174,685600
2010-07-20,14.206643104553223,14.210294584761323,13.91447453403747,13.947343428562343,1131600
2010-07-21,14.12629508972168,14.294291024494024,14.08977471891477,14.24316194809921,1613000
2010-07-22,14.195674896240234,14.265065504982509,14.126285680659874,14.199327766785572,1968400
2010-07-23,14.235856056213379,14.261420591646907,14.15185809790854,14.199335689354822,1437800
2010-07-26,14.396547317504883,14.396547317504883,14.268724643030273,14.272377515536785,1258000
2010-07-27,14.575506210327148,14.575506210327148,14.378292811982284,14.43672625669596,2038000
2010-07-28,14.429418563842773,14.579154318354226,14.392898191781596,14.579154318354226,1201600
2010-07-29,14.206643104553223,14.46594138738111,14.162816983078063,14.458637033801915,1098000
2010-07-30,14.363675117492676,14.381935294554076,14.07515958317107,14.07515958317107,1464000
2010-08-02,14.502459526062012,14.542632767971993,14.4002013780459,14.498808046416913,1824200
2010-08-03,14.542634963989258,14.590112565521594,14.418463739863682,14.45133263428407,1486800
2010-08-04,14.717931747436523,14.739844802860045,14.524371300598037,14.53532713172847,1316800
2010-08-05,14.469583511352539,14.674101099837012,14.425758811378042,14.674101099837012,1124800
2010-08-06,14.360026359558105,14.465937367279116,14.20298628415457,14.37098219030076,1584200
2010-08-09,14.458632469177246,14.538978940019804,14.370981647061493,14.425763585029157,870200
2010-08-10,14.546282768249512,14.615672013105964,14.370981130321363,14.385589832342461,904200
2010-08-11,14.433070182800293,14.491503608918402,14.294290273333749,14.370983883895745,1452600
2010-08-12,14.557239532470703,14.568195363108421,14.297941324185699,14.338113167578195,1353800
2010-08-13,14.517066955566406,14.590109080516253,14.462285013563356,14.517066955566406,763200
2010-08-16,14.491497993469238,14.509758170837317,14.349066659571106,14.458629116941806,1309000
2010-08-17,14.710631370544434,14.78002203488744,14.487853456278431,14.590113016056797,1352400
2010-08-18,14.842105865478516,14.871323278465196,14.674109920293896,14.736194833146195,1207600
2010-08-19,14.812889099121094,14.856713823229525,14.663153348018003,14.76541150199196,2315600
2010-08-20,14.93705940246582,14.948015234535296,14.736193193440235,14.769062082811441,2562000
2010-08-23,14.801922798156738,14.99548454785833,14.79461844975649,14.958962805857084,1630000
2010-08-24,14.473241806030273,14.761756031571787,14.418459865661728,14.758104552356437,3441400
2010-08-25,14.458632469177246,14.495152832380652,14.367330168006175,14.422112105973838,1907400
2010-08-26,14.447677612304688,14.517066864331492,14.385591318880579,14.513415385030143,2080600
2010-08-27,14.644895553588867,14.659504263120962,14.378292873862629,14.498812637757581,1358200
2010-08-30,14.520720481872559,14.710629476248513,14.50976464919257,14.674109105206652,1238600
2010-08-31,14.560893058776855,14.633935190676844,14.458634910014544,14.498808152217677,1134000
2010-09-01,14.73984146118164,14.76905746862677,14.608365944772713,14.714276932231275,1389600
2010-09-02,14.798277854919434,14.798277854919434,14.666802311984135,14.754453138328541,1167200
2010-09-03,14.809237480163574,14.842106374318988,14.758108398846927,14.823846187157754,1369000
2010-09-07,14.81654167175293,14.889583812762677,14.72158786365433,14.798281484791232,765800
2010-09-08,14.98088264465332,15.002795699791296,14.87862450700138,14.889580337989049,1124600
2010-09-09,14.940710067749023,15.090445801575802,14.940710067749023,15.08679432213926,1170200
2010-09-10,14.926098823547363,15.021053990690316,14.915142993939508,14.991836587519417,1147400
2010-09-13,14.878619194030762,15.0429621728115,14.820185794357977,15.024701996631656,1422400
2010-09-14,14.885929107666016,14.93705957529499,14.827495680681407,14.878626148310383,1509000
2010-09-15,14.955318450927734,15.01740335215569,14.853058917783647,14.885927804658056,1149800
2010-09-16,14.962631225585938,14.980891418981283,14.87498034685944,14.911502126813586,1060400
2010-09-17,15.061230659484863,15.141575750209547,14.984535655245562,15.03201324964841,1519000
2010-09-20,15.159839630126953,15.178101212307556,15.068537291876419,15.11966777155374,1195800
2010-09-21,15.108707427978516,15.148880671430547,14.977231865103812,15.123316133445224,1351800
2010-09-22,15.108707427978516,15.207314100134544,15.097751595459902,15.126967613230484,1073200
2010-09-23,14.991842269897461,15.112362013914476,14.966277729014395,15.032015517903133,1057200
2010-09-24,15.236536979675293,15.254797171481101,15.108712850707974,15.108712850707974,1001000
2010-09-27,15.141575813293457,15.265747019290155,15.126967108314368,15.265747019290155,971000
2010-09-28,15.010100364685059,15.189053519081934,14.878626198399179,15.174444813995905,2769200
2010-09-29,15.010100364685059,15.075838144409397,14.948015457813627,14.999144532451934,1429800
2010-09-30,15.35339641571045,15.64921500139117,15.221920869557838,15.393569654052932,4094600
2010-10-01,15.214611053466797,15.459301874962476,15.134264605638045,15.459301874962476,2165200
2010-10-04,15.17809772491455,15.324180596652829,15.137924482408614,15.221922447119754,1342800
2010-10-05,15.225570678710938,15.327830199591538,15.192701795778333,15.254788082723252,1836200
2010-10-06,15.32479190826416,15.424017346025824,15.262316009567535,15.262316009567535,1078400
2010-10-07,15.313776016235352,15.435052098495543,15.288051041557004,15.387276544704621,1336600
2010-10-08,15.321121215820312,15.354196372756345,15.258646698221984,15.339497393377957,1243800
2010-10-11,15.46445369720459,15.479152682159308,15.332153019269766,15.339503212700151,1539400
2010-10-12,15.449748992919922,15.464449375672679,15.35419790693267,15.43137421543181,1546000
2010-10-13,15.61879825592041,15.65554780870152,15.45709826101571,15.504872399250042,1232400
2010-10-14,15.644521713256836,15.725372403858357,15.593071783566938,15.626146938639792,938800
2010-10-15,15.773147583007812,15.780497773722926,15.611447592991897,15.743748222052888,1716000
2010-10-18,15.876055717468262,15.879730113462218,15.677604688047198,15.773154404857632,1474800
2010-10-19,15.622475624084473,15.83930139133795,15.541626312195712,15.754776282328065,1621800
2010-10-20,15.72905445098877,15.776830009762627,15.670254302461762,15.673930100316895,755800
2010-10-21,15.817249298095703,15.872373627590033,15.721698217256597,15.773148152213539,1036400
2010-10-22,15.949544906616211,15.949544906616211,15.813568519180775,15.865018437927093,1351800
2010-10-25,15.872369766235352,16.056120290325666,15.86501957704311,16.037745518297683,1310000
2010-10-26,15.92382526397705,15.931174053190057,15.817249595615525,15.857674945815113,1238200
2010-10-27,15.791531562805176,15.842981521325111,15.66290526459911,15.8393057231987,993000
2010-10-28,15.982624053955078,15.98629844825419,15.824598462888861,15.861348013501962,1483800
2010-10-29,16.243547439575195,16.254572022973996,15.898095539422705,15.98997080616023,2074000
2010-11-01,16.15903091430664,16.261930818901046,16.041430622797016,16.24723043198583,1667600
2010-11-02,16.177406311035156,16.306031196660314,16.114930365227142,16.24355665275841,835600
2010-11-03,16.166372299194336,16.258247564495292,16.0230457077244,16.177396882420755,1103000
2010-11-04,16.39422035217285,16.39422035217285,16.228844616567876,16.2729443454275,1180000
2010-11-05,16.42729949951172,16.44934866835818,16.317049449563072,16.397898738509173,757800
2010-11-08,16.467729568481445,16.475079760840384,16.2068026464096,16.2068026464096,1161800
2010-11-09,16.324403762817383,16.427305059247246,16.287654201031952,16.35747892918664,1394000
2010-11-10,16.258251190185547,16.34645067947653,16.18107488467393,16.34645067947653,1771000
2010-11-11,16.181072235107422,16.254572732084988,16.162697461339377,16.177397841115965,1364200
2010-11-12,16.045095443725586,16.155345475986334,16.015696089345155,16.111245743463076,1216600
2010-11-15,16.1002254486084,16.188424937144127,16.05244990787328,16.074500480960012,935000
2010-11-16,15.934844017028809,16.070818998187907,15.879718304769801,16.048768432903284,788600
2010-11-17,15.986298561096191,16.074499445857903,15.916473853676234,15.949549010223688,989200
2010-11-18,16.228845596313477,16.243545974122526,16.063469850724665,16.063469850724665,704200
2010-11-19,16.214155197143555,16.250906164283734,16.148004858197282,16.2435559708557,1266000
2010-11-22,16.272953033447266,16.29867800584186,16.133303583849703,16.133303583849703,801000
2010-11-23,16.129629135131836,16.155354109677024,16.04510401849679,16.155354109677024,1031800
2010-11-24,16.342775344848633,16.342775344848633,16.170049368889366,16.225175097954608,1065000
2010-11-26,16.269277572631836,16.357477071663475,16.19577705550163,16.261927380728242,630000
2010-11-29,16.225175857543945,16.287650378297503,16.023049109445747,16.173724520451756,1403800
2010-11-30,16.173725128173828,16.22885086189114,16.034075699393092,16.114924999764664,1505000
2010-12-01,16.31705665588379,16.434656948020468,16.250906316318652,16.339105834468125,1292200
2010-12-02,16.8646297454834,16.886680322041084,16.350128909623102,16.350128909623102,3483400
2010-12-03,17.000598907470703,17.022649476390484,16.73232329418733,16.73232329418733,1928600
2010-12-06,16.956512451171875,17.00796241703951,16.860962714832898,16.941812060379284,1700000
2010-12-07,17.1071834564209,17.246834328438695,16.985908769017964,17.092483069491433,4852600
2010-12-08,17.037357330322266,17.147607419479584,17.000606365999197,17.088807278468618,1458200
2010-12-09,17.07410430908203,17.129230046272024,16.982229015035866,17.10717947101488,736400
2010-12-10,17.092479705810547,17.099829897828812,17.004280205402925,17.033679571570204,875600
2010-12-13,17.066757202148438,17.213758259955057,16.978557688989255,17.110858360634015,1183200
2010-12-14,17.217430114746094,17.272555853765102,17.12188042260636,17.12188042260636,724400
2010-12-15,17.20272445678711,17.272549150795932,17.151273132780087,17.191698472118702,1204200
2010-12-16,17.408525466918945,17.408525466918945,17.188025383482824,17.199049967083027,1314800
2010-12-17,17.533477783203125,17.548178164195896,17.327678056926313,17.382802382790963,1764200
2010-12-20,17.40117835998535,17.57758014027175,17.371778997874678,17.54450498170625,1057000
2010-12-21,17.283580780029297,17.53348170518356,17.246831221232533,17.42690602200481,1031200
2010-12-22,17.250507354736328,17.353408653167403,17.11085789571107,17.320333486154905,1042000
2010-12-23,17.22477912902832,17.335029197622404,17.21008014794661,17.21008014794661,892400
2010-12-27,17.250507354736328,17.287258319142406,17.151281853698837,17.206407599354982,640600
2010-12-28,17.250507354736328,17.342382662892604,17.169658036854848,17.246832959248692,479000
2010-12-29,17.26529884338379,17.346633337974946,17.220934445395994,17.346633337974946,602000
2010-12-30,17.26529884338379,17.31336109722319,17.232025192313248,17.232025192313248,808400
2010-12-31,17.202442169189453,17.28747449087567,17.195047870305658,17.23571580900739,551000
2011-01-03,17.191347122192383,17.298562313688816,17.139588453281817,17.28747016298087,1023200
2011-01-04,17.03607177734375,17.23201572020881,16.984311696104253,17.217227125568957,1052000
2011-01-05,16.899282455444336,17.02868056651983,16.86970667112194,16.939950392916113,1513000
2011-01-06,16.7957706451416,17.006503290480754,16.766193440726905,16.88819729345943,1453400
2011-01-07,16.707035064697266,16.89928260055759,16.670064981397243,16.821644579436576,1630600
2011-01-10,16.825336456298828,16.85121719996529,16.67375689940669,16.677454752923854,884400
2011-01-11,16.899282455444336,16.96213328889661,16.82903873365016,16.84382733097049,1156400
2011-01-12,16.969528198242188,17.013892581481464,16.854918680362548,16.854918680362548,938600
2011-01-13,16.98431968688965,17.013896890084848,16.954743894013124,16.988017542448386,1158600
2011-01-14,16.988012313842773,17.006497354991073,16.84752346254287,16.99540661236574,1479600
2011-01-18,17.150686264038086,17.16917130908118,16.932559347765103,16.932559347765103,1661800
2011-01-19,17.098926544189453,17.29856840339804,17.061956456329394,17.13589663204951,1479000
2011-01-20,17.18766212463379,17.265300179701235,17.07674900560156,17.07674900560156,1475600
2011-01-21,17.180267333984375,17.280088292082638,17.150690126998732,17.22093528843021,1870200
2011-01-24,17.006498336791992,17.235715962963972,16.999104037842145,17.195048023898973,1502800
2011-01-25,17.124799728393555,17.146982619322028,16.939946534943438,16.976916609506283,1572800
2011-01-26,16.540672302246094,17.165475888006647,16.53327800172413,17.121111495193478,2698600
2011-01-27,16.69225311279297,16.736617508730745,16.533279166170658,16.533279166170658,3078200
2011-01-28,16.455636978149414,16.788373418233235,16.451940533401142,16.703341085838144,2733400
2011-01-31,16.341026306152344,16.596123263519697,16.255993987029893,16.481515160072085,2166000
2011-02-01,16.407573699951172,16.488908165159927,16.32623782442414,16.42605874157506,1462400
2011-02-02,16.39278221130371,16.459329477667275,16.366902875530993,16.366902875530993,1394200
2011-02-03,16.51478385925293,16.559149641736813,16.392781483217156,16.40757007737845,1339200
2011-02-04,16.61830711364746,16.64048860058532,16.43715031185097,16.540669088728258,1432800
2011-02-07,16.55545997619629,16.65528092067849,16.496306980612616,16.633099428783773,956800
2011-02-08,16.50369644165039,16.636790995263418,16.444543463413293,16.5591529757619,1579000
2011-02-09,16.536970138549805,16.548060881284037,16.392784841731746,16.492605757294612,2235400
2011-02-10,16.603513717651367,16.603513717651367,16.45193415599759,16.503692824320645,1805800
2011-02-11,16.673765182495117,16.70703882908959,16.48521545867216,16.518489105266635,1118200
2011-02-14,16.673765182495117,16.703342384054025,16.57394565303029,16.625704345439782,1206800
2011-02-15,16.88819122314453,16.88819122314453,16.625699974748606,16.63679071725828,1648200
2011-02-16,16.869709014892578,16.928862002073977,16.777282384276734,16.90298265832702,1119200
2011-02-17,16.995410919189453,17.0065016646253,16.84752773189136,16.862316332684887,819200
2011-02-18,17.02867889404297,17.039769635784804,16.877099312192676,16.980616662631473,1213000
2011-02-22,17.006498336791992,17.098924958187602,16.87710163096547,16.891888818546843,1019800
2011-02-23,17.169170379638672,17.232021221765038,16.97692281889693,17.01389431730022,1450400
2011-02-24,17.38359260559082,17.39838119794744,17.135888619729688,17.135888619729688,2420200
2011-02-25,17.501907348632812,17.535180993053576,17.35402417113642,17.409480715277194,948600
2011-02-28,17.616519927978516,17.631307120030375,17.490819628465886,17.527789724073646,1197600
2011-03-01,17.546276092529297,17.694159306728526,17.47972878717153,17.64609705056595,1989400
2011-03-02,17.586936950683594,17.61651414571669,17.453842393671238,17.487116032924327,1373800
2011-03-03,17.938152313232422,17.978820237478477,17.664568993052114,17.70154047432935,1614400
2011-03-04,17.8050537109375,17.978816107227768,17.720021439010928,17.930753897767538,1206800
2011-03-07,17.63129997253418,17.886398323897964,17.59802633584839,17.882700469645002,1850600
2011-03-08,17.867916107177734,17.923371236871937,17.63500061357057,17.69045574326477,1439600
2011-03-09,18.049072265625,18.06386086496046,17.83464321653461,17.83464321653461,792600
2011-03-10,17.882701873779297,17.993613534667894,17.84942823448089,17.930764110614394,1051400
2011-03-11,18.063858032226562,18.089737371846056,17.87161050196874,17.934459923810866,1005000
2011-03-14,17.901185989379883,18.034280539687543,17.853125165349613,18.00840120049641,1238800
2011-03-15,17.76439666748047,17.827247504517654,17.538875481595987,17.690455086979572,1755600
2011-03-16,17.549968719482422,17.808762151744347,17.457542090726466,17.720033377916952,2062800
2011-03-17,17.716337203979492,17.771793750622358,17.63500272197347,17.712640759018633,893400
2011-03-18,18.063858032226562,18.089737371846056,17.834640419746105,17.87161050196874,1589400
2011-03-21,18.270896911621094,18.34114205829274,18.141500184044734,18.18586457488255,876200
2011-03-22,18.089740753173828,18.27829046426209,18.082346453283513,18.259805419695553,1071600
2011-03-23,18.137802124023438,18.15258931277361,17.99731325350857,18.03798119578801,1199000
2011-03-24,18.215438842773438,18.24131818412186,18.097132879375415,18.182165202422848,791800
2011-03-25,18.341136932373047,18.39289560893825,18.237619579242644,18.245012467050678,986600
2011-03-28,18.341136932373047,18.47423147800823,18.33743907815087,18.39289560893825,1606000
2011-03-29,18.03058433532715,18.466838073659783,17.786578126625695,18.330047077500026,3356000
2011-03-30,17.524078369140625,18.15257792165712,17.228312214641633,18.137790742186205,6672600
2011-03-31,17.683063507080078,17.757003682735533,17.49821024730455,17.52778603550304,2171800
2011-04-01,17.712635040283203,17.793970906347532,17.671967107251035,17.742212231695,1912600
2011-04-04,17.72003746032715,17.745916809515524,17.6239129544971,17.701552412380988,1198400
2011-04-05,17.63869285583496,17.74221161184154,17.590632036947042,17.675664343808048,1367600
2011-04-06,17.579544067382812,17.694153591886675,17.561059024157903,17.668274249308126,1593400
2011-04-07,17.590696334838867,17.66135754633074,17.51259844508968,17.631605158613755,1269200
2011-04-08,17.464256286621094,17.67623714155679,17.456818187663593,17.5944208903689,1028000
2011-04-11,17.70970344543457,17.81383538610684,17.560945759530124,17.6502000873384,1444400
2011-04-12,17.661365509033203,17.75061987508101,17.642769548990053,17.65392740875046,1166200
2011-04-13,17.691112518310547,17.7357396913118,17.639047246697043,17.672517981116048,1128000
2011-04-14,17.754335403442383,17.806400674341123,17.64276534446254,17.665079639992953,1875200
2011-04-15,17.8547420501709,17.858461807900312,17.735735338923895,17.80267679133432,1473600
2011-04-18,17.5423526763916,17.769209709569235,17.534915996751327,17.73945873499155,1444400
2011-04-19,17.557233810424805,17.620456954524176,17.42335084049446,17.531201168346417,1476400
2011-04-20,17.9254150390625,17.95516602708761,17.646492610297024,17.676243598322134,1598200
2011-04-21,17.821273803710938,17.99606555584537,17.802679268492234,17.973752681051767,714600
2011-04-25,17.828716278076172,17.89937751539391,17.713429280216623,17.89937751539391,719000
2011-04-26,17.962594985961914,18.036974546175408,17.82127396342348,17.851026354977726,979200
2011-04-27,18.118791580200195,18.126229677832562,17.955156269632276,18.022097729651506,865800
2011-04-28,18.208045959472656,18.234078591914283,18.036973969521377,18.09647733205539,981400
2011-04-29,18.267549514770508,18.312178101146,18.09275918348545,18.159700644376606,1852000
2011-05-02,18.252674102783203,18.341928435083933,18.200607420490403,18.341928435083933,700200
2011-05-03,18.301021575927734,18.323335870738006,18.163420304611517,18.22292367210006,1056000
2011-05-04,18.241518020629883,18.3791192905294,18.17085821579979,18.323335682086327,1092800
2011-05-05,18.15970230102539,18.301021914756983,18.103917272302983,18.20060971425998,963800
2011-05-06,18.137388229370117,18.405154100662703,18.103917495458543,18.286145943343154,817000
2011-05-09,18.245237350463867,18.260112127829295,18.066727254029512,18.11879252148885,725200
2011-05-10,18.401439666748047,18.416315868051623,18.26383835137158,18.297309094968302,797600
2011-05-11,18.330766677856445,18.43861693186652,18.26010548173251,18.36423739742262,752200
2011-05-12,18.691513061523438,18.713827356987665,18.308460210756976,18.31961664915298,1236000
2011-05-13,18.479528427124023,18.72497995216379,18.460933894056392,18.710105176912847,1188200
2011-05-16,18.598533630371094,18.61340982308555,18.32333115851269,18.41258547745581,1822000
2011-05-17,18.617136001586914,18.71011011011101,18.561350969003534,18.591103364693954,1668600
2011-05-18,18.713823318481445,18.73241785135276,18.53903158841286,18.602254702581636,856400
2011-05-19,18.780771255493164,18.780771255493164,18.67292094146539,18.73986241785005,839400
2011-05-20,18.710105895996094,18.777047352549868,18.63572634219501,18.76588949734291,764600
2011-05-23,18.546466827392578,18.628284461825043,18.505558010176344,18.565061357398584,719000
2011-05-24,18.650609970092773,18.650609970092773,18.542759645029886,18.561354186223216,801800
2011-05-25,18.386558532714844,18.57622650176987,18.364245655418202,18.553912205800966,932600
2011-05-26,18.44233512878418,18.446053467075636,18.274981532236453,18.34564272781861,976800
2011-05-27,18.52044105529785,18.572506326050547,18.42746695219026,18.464657444636632,469600
2011-05-31,18.665483474731445,18.687797773840206,18.44234615833368,18.59854199607762,1740600
2011-06-01,18.47581672668457,18.646888762251248,18.468378627050484,18.609699682753256,1377800
2011-06-02,18.222919464111328,18.51299813629974,18.219201125171004,18.50184170080691,1017400
2011-06-03,17.921688079833984,18.111356049662596,17.906813301132974,18.044414580155117,1292200
2011-06-06,18.040691375732422,18.070443764796316,17.869619394631012,17.873339152599996,1069000
2011-06-07,18.103918075561523,18.215486719284346,17.988629673133648,18.051852803069025,1241400
2011-06-08,18.14482879638672,18.200612414713614,18.01466418294578,18.0890437593874,1067400
2011-06-09,18.19317054748535,18.274988206494335,18.070445477644004,18.15598147630243,673600
2011-06-10,17.944005966186523,18.20061403819329,17.92912976583677,18.137392314715665,654200
2011-06-13,18.141103744506836,18.189450667889215,17.917966498956183,18.01094058771429,911000
2011-06-14,18.35308837890625,18.40143531236608,18.155983723629536,18.245239491657507,1170000
2011-06-15,18.208045959472656,18.338210540352854,18.115071866846257,18.304739810260468,900800
2011-06-16,18.39771270751953,18.427463677517473,18.170855709263325,18.248953601513897,823800
2011-06-17,18.501840591430664,18.613409195684834,18.49440249532415,18.501840591430664,1229400
2011-06-20,18.710105895996094,18.758451400095602,18.50184342908746,18.50184342908746,667200
2011-06-21,18.825393676757812,18.847707969471834,18.73241958512414,18.780766510001826,636000
2011-06-22,18.754737854003906,18.84771196534889,18.69523447949001,18.754737854003906,958200
2011-06-23,18.57622718811035,18.60225982503311,18.32333749914158,18.60225982503311,1138800
2011-06-24,18.594818115234375,18.7249812745722,18.524158317118417,18.6134126496152,1578800
2011-06-27,18.7398624420166,18.791927719566832,18.59482304922027,18.643169986376517,1283200
2011-06-28,18.884904861450195,18.966722549954657,18.769617848018605,18.79936883195582,1618800
2011-06-29,18.966720581054688,19.015067520940576,18.896060760200307,18.907217200684553,1829400
2011-06-30,18.43490219116211,19.063406519957404,18.26383020846119,18.962995752607913,3938200
2011-07-01,18.550201416015625,18.568795960888504,18.237808238663636,18.46838371616756,1688800
2011-07-05,18.453500747680664,18.591103450374558,18.40515523246939,18.539036757676364,1550800
2011-07-06,18.460939407348633,18.494410144335056,18.338214317513316,18.42746867036221,1276800
2011-07-07,18.6778564453125,18.718997327682175,18.51329434255325,18.632976131236244,1686800
2011-07-08,18.363689422607422,18.580613533015402,18.341249981337153,18.50581206643612,1240200
2011-07-11,18.277666091918945,18.393608422855905,18.221566068602975,18.240266076374965,1028000
2011-07-12,18.378652572631836,18.4871146430108,18.161729858593418,18.180429871174738,780800
2011-07-13,18.460939407348633,18.584360665638528,18.40109849463113,18.48337885791776,978000
2011-07-14,18.438495635986328,18.55069715138071,18.38613502391693,18.47215623327661,1024200
2011-07-15,18.412315368652344,18.483375995650224,18.33751388265897,18.45345625728468,1279200
2011-07-18,18.333772659301758,18.39735298881698,18.157989398398083,18.39735298881698,786800
2011-07-19,18.61054229736328,18.61428315720372,18.34873917733285,18.41231952742024,690000
2011-07-20,18.662906646728516,18.692826395537093,18.56192481939923,18.662906646728516,949600
2011-07-21,18.86112403869629,18.86112403869629,18.647940717636597,18.7003013330941,787000
2011-07-22,18.793806076049805,18.89104703197007,18.704043986437238,18.812506095259085,736400
2011-07-25,18.722742080688477,18.80876329502797,18.659160314695086,18.700301205622615,686800
2011-07-26,18.629241943359375,18.79006465968103,18.59932077440657,18.707782871780687,683400
2011-07-27,18.34125518798828,18.632979421069884,18.315074881261456,18.591838531436384,751000
2011-07-28,18.359956741333008,18.554440055253128,18.333776432412975,18.38613705025304,762800
2011-07-29,18.195396423339844,18.33377827391953,18.075714591478498,18.273937357988856,1055600
2011-08-01,18.11310577392578,18.3562101785772,17.993424000573498,18.337508742281493,1201600
2011-08-02,17.8400936126709,18.079457320024364,17.82887245801854,17.989695216406695,1074000
2011-08-03,17.855045318603516,17.87748476330467,17.649340897379428,17.843824169533413,1061000
2011-08-04,17.189315795898438,17.81764600386462,17.18183550452745,17.735364225503428,1570000
2011-08-05,17.42867660522461,17.54087953099447,17.05093122552041,17.387537149391058,2032800
2011-08-08,16.579683303833008,17.24167253412288,16.549762145073114,17.16313163245722,2083800
2011-08-09,16.93498992919922,16.938730787876338,16.21689914890449,16.744247511533292,2401600
2011-08-10,16.448789596557617,16.95369873331918,16.392689532508673,16.747994218312517,2900200
2011-08-11,17.04345703125,17.23046007212544,16.411387266710204,16.55724941031785,1755800
2011-08-12,17.12947654724121,17.211758333555068,16.96117354192643,17.12199625514724,1272600
2011-08-15,17.424942016601562,17.43616174160918,17.14817691041481,17.241678423397925,917600
2011-08-16,17.34639549255371,17.42493639571124,17.140692515689963,17.3202151915012,1054400
2011-08-17,17.42867660522461,17.66430075193406,17.36135542045048,17.421197741778123,1223200
2011-08-18,16.890113830566406,17.222978999988197,16.74051083394722,17.06963657047749,1473800
2011-08-19,16.564720153808594,16.987345755310415,16.542279288221224,16.744242798350093,2562600
2011-08-22,16.733030319213867,16.86393185831608,16.632048520455115,16.837751550495636,1111400
2011-08-23,17.181835174560547,17.185576033534048,16.665707920351434,16.78912915880329,1185400
2011-08-24,17.200542449951172,17.24542278581772,16.987357644464723,17.095819763969022,1051400
2011-08-25,16.848976135253906,17.211762543590826,16.822795819881158,17.211762543590826,1133200
2011-08-26,17.10329246520996,17.163133362040735,16.512363787346015,16.75172737466911,1055800
2011-08-29,17.630653381347656,17.641873111650895,17.211766804953765,17.252907718359694,1215000
2011-08-30,17.731624603271484,17.813906380751437,17.53714130986776,17.53714130986776,1350000
2011-08-31,17.873748779296875,17.944809412424096,17.716665502489597,17.825127595199408,1444000
2011-09-01,17.746585845947266,17.985949469279824,17.731625262809047,17.84008735048153,1002000
2011-09-02,17.436155319213867,17.664299155133836,17.432415887828657,17.51843707688188,894600
2011-09-06,17.391281127929688,17.424941729117055,17.013535649466867,17.11077659360824,912000
2011-09-07,17.83634376525879,17.89618466194594,17.50721954683921,17.540880140395704,1572400
2011-09-08,17.454862594604492,17.795209487809974,17.447383728721235,17.72788828110119,2225200
2011-09-09,17.021018981933594,17.376325103999367,16.94247803412375,17.27534327393519,1471000
2011-09-12,16.98360824584961,17.035968844758145,16.721803824587603,16.837746169827447,1257600
2011-09-13,17.13321876525879,17.166879368990926,16.927514283162424,17.043456679733108,906200
2011-09-14,17.305255889892578,17.439898263374683,16.957430233970314,17.18557409717949,1291000
2011-09-15,17.552106857299805,17.552106857299805,17.30900231509983,17.44738560304509,856000
2011-09-16,17.559581756591797,17.7914650740895,17.522180301047236,17.641862105350544,1305600
2011-09-19,17.387550354003906,17.451130728620114,17.26412761261402,17.327709413950778,1344600
2011-09-20,17.45111846923828,17.686742629362133,17.421198733590558,17.473559341013736,954600
2011-09-21,17.024761199951172,17.518449235153245,17.024761199951172,17.47356889378587,858000
2011-09-22,17.073373794555664,17.140694986027214,16.314140674453107,16.72554811419253,3490600
2011-09-23,17.44738006591797,17.555840719094792,16.946211980476015,17.11077410303918,1797000
2011-09-26,17.80268096923828,17.929843037306526,17.47729622292693,17.567058270212478,1973200
2011-09-27,17.83634376525879,18.19913000395438,17.776502868571637,17.967246707631602,2010600
2011-09-28,17.294038772583008,18.068231109997992,17.09207518193917,17.892447826283572,3843800
2011-09-29,17.327699661254883,17.537142120198286,17.073375452492392,17.525922396103386,1991200
2011-09-30,17.26412582397461,17.62317142709468,17.1369636611962,17.17436370983439,2536200
2011-10-03,16.80409049987793,17.275337454717125,16.744249594077402,17.144435919128387,1732800
2011-10-04,17.256637573242188,17.279078448111644,16.53106640643339,16.65074821896433,2200000
2011-10-05,17.301790237426758,17.47488305491675,17.132459683173305,17.346944573417524,1469600
2011-10-06,17.568954467773438,17.576480429266688,17.20771692867966,17.29426333270648,996800
2011-10-07,17.56519317626953,17.708183581689315,17.478646767455846,17.64045135993418,1185800
2011-10-10,17.7608642578125,17.836122443079642,17.60282192520845,17.77967844527166,827800
2011-10-11,17.802257537841797,17.854937840469503,17.651741157107846,17.696895497155797,876400
2011-10-12,17.790973663330078,17.975356217933857,17.666798828948803,17.836129453496955,1339600
2011-10-13,17.584020614624023,17.839897770654257,17.53134027698807,17.715722894145447,1033400
2011-10-14,17.869991302490234,17.892567756740544,17.685608792005347,17.78344344309501,1070000
2011-10-17,17.9339599609375,18.024270084856123,17.7683930750892,17.7683930750892,2618000
2011-10-18,18.359172821044922,18.50216185806301,17.851180919750764,17.982883161759382,2925800
2011-10-19,18.155973434448242,18.63009770498101,18.14092150575046,18.34788050133674,1647200
2011-10-20,18.283906936645508,18.298958861209943,18.050607847618917,18.219936974961932,1138400
2011-10-21,18.74297523498535,18.754263457469573,18.41936612642317,18.41936612642317,1623800
2011-10-24,18.618804931640625,18.742981159941653,18.56612462948767,18.697825384870054,1587800
2011-10-25,18.246280670166016,18.615044252045184,18.21617681755676,18.50968220334349,1211800
2011-10-26,18.37421989440918,18.532260820521586,18.201125605970336,18.3554042680742,1040200
2011-10-27,18.611284255981445,18.731696819516458,18.49087169244643,18.7015943963482,1254200
2011-10-28,18.671485900878906,18.68653782644054,18.483341137650374,18.517207252448735,1171400
2011-10-31,18.272621154785156,18.618806853484088,18.272621154785156,18.54354865602714,1484400
2011-11-01,18.07318115234375,18.27261552952298,17.86245998685212,17.982872491541702,2333800
2011-11-02,18.291431427001953,18.314007876601327,18.080708806348493,18.18607083439043,1270000
2011-11-03,18.78061294555664,18.814479065291398,18.430663520107753,18.44947771208688,1747800
2011-11-04,18.712873458862305,18.773079711136994,18.56235854589072,18.731687643554967,950800
2011-11-07,18.8182373046875,18.8182373046875,18.592464178364487,18.66395866676632,771800
2011-11-08,18.825759887695312,18.848337770447053,18.682770936558445,18.833285848612558,1015400
2011-11-09,18.1935977935791,18.54354716347061,18.144681189285464,18.5284966735352,1176800
2011-11-10,18.370454788208008,18.423135092878024,18.182310022711874,18.37798075107953,834200
2011-11-11,18.645143508911133,18.71663942902435,18.52096872652207,18.569885325574802,474400
2011-11-14,18.494625091552734,18.6225635484798,18.38926308056974,18.6225635484798,701200
2011-11-15,18.59999656677246,18.633862690964424,18.438191910680985,18.460769805285967,869600
2011-11-16,18.377975463867188,18.682770413038625,18.35916127981641,18.475810082189373,996000
2011-11-17,18.140918731689453,18.4268995914922,18.050610044174366,18.29896108798691,1155800
2011-11-18,18.125873565673828,18.310256144217977,18.122111300386955,18.23499791959932,1304400
2011-11-21,17.869991302490234,18.107052684702747,17.760866988844704,17.945248063898877,1386000
2011-11-22,17.802257537841797,17.93019603083648,17.71194742231531,17.869989765629015,898600
2011-11-23,17.538856506347656,17.779681593500758,17.51627861614052,17.73452724851724,1502600
2011-11-25,17.851177215576172,17.851177215576172,17.414681358796436,17.553909537352222,1142200
2011-11-28,17.911380767822266,18.14468130620703,17.832360312287403,18.140917607125967,1576800
2011-11-29,18.00168800354004,18.107048594054206,17.967821894384716,17.994162042013258,1196800
2011-11-30,18.325292587280273,18.532251453481884,18.182302224906604,18.35163272831884,2111400
2011-12-01,18.26508903503418,18.483336155122775,18.22745923127391,18.26508903503418,1500200
2011-12-02,18.351638793945312,18.445711167441793,18.28766883354384,18.35916475607669,1132200
2011-12-05,18.49839210510254,18.596226745324632,18.35163942705412,18.53225821814683,1066400
2011-12-06,18.588706970214844,18.66396374250186,18.453242483408747,18.50968506262401,1299600
2011-12-07,18.61504364013672,18.6338578296837,18.37045486973403,18.53602174735036,1507200
2011-12-08,18.42689323425293,18.569882179392714,18.389263431244924,18.543542035002215,1311600
2011-12-09,18.735456466674805,18.78437307317039,18.438187386752375,18.509681882313313,1069800
2011-12-12,18.475812911987305,18.716639385185587,18.408080690686294,18.701587461467483,980200
2011-12-13,18.321535110473633,18.59246400792199,18.250040622727216,18.483339709179678,1286000
2011-12-14,18.370454788208008,18.43442475490063,18.242516290253413,18.283908368331463,987400
2011-12-15,18.562360763549805,18.603751400646523,18.45699873290871,18.539782877963045,1086400
2011-12-16,18.34787940979004,18.675252380051685,18.287673134011605,18.464529697111747,1709600
2011-12-19,18.370454788208008,18.498393286162607,18.295196594923425,18.430661055749546,958200
2011-12-20,18.648910522460938,18.69030116699429,18.47581623939024,18.49839412903356,1036200
2011-12-21,18.889726638793945,18.90854082018574,18.618797833376064,18.618797833376064,1035200
2011-12-22,18.773080825805664,18.938649105964537,18.716638268376347,18.938649105964537,1117000
2011-12-23,18.942411422729492,18.983803492886718,18.780606840531448,18.852101320983692,573600
2011-12-27,19.092933654785156,19.1343243022466,18.882210976165865,18.938654986551814,566200
2011-12-28,19.047504425048828,19.145940502264644,19.017215512517907,19.11565303398856,652600
2011-12-29,19.229223251342773,19.236795475413146,19.081568492605715,19.08913927242202,456000
2011-12-30,19.089147567749023,19.24058922645837,19.08157678464278,19.22923160754431,486400
2012-01-03,19.051280975341797,19.331447509208957,19.051280975341797,19.282228771315907,1023800
2012-01-04,19.051280975341797,19.130787167454603,18.918770655153782,18.99827684726659,749600
2012-01-05,19.073997497558594,19.14593146448104,18.9452725685761,18.983132247113357,1051000
2012-01-06,19.073997497558594,19.11185717609585,19.002062086381983,19.055067658289964,908000
2012-01-09,19.17622184753418,19.236798204436727,19.081571199608057,19.1194308810768,589400
2012-01-10,19.38066864013672,19.38066864013672,19.24815829371223,19.274660362997125,724000
2012-01-11,19.350383758544922,19.399602512741943,19.2178719502075,19.31252262291081,869800
2012-01-12,19.39959716796875,19.46774430482567,19.323876361816975,19.414740173795703,526800
2012-01-13,19.388233184814453,19.4450241360703,19.289797172792056,19.31629923157708,713600
2012-01-17,19.460180282592773,19.634337186248864,19.44124899128927,19.49803997669027,699800
2012-01-18,19.66084098815918,19.679770836870905,19.34660001137604,19.46396738419653,854000
2012-01-19,19.71384048461914,19.76684462619104,19.4942516917849,19.68733841383319,939200
2012-01-20,19.5018253326416,19.69491352724717,19.308738582290786,19.687341299590603,1332000
2012-01-23,19.426105499267578,19.573760324548953,19.31252353127755,19.532113795519905,1011000
2012-01-24,19.339019775390625,19.48667454513294,19.320088491676646,19.384451678944988,1056600
2012-01-25,19.634334564208984,19.657049799932107,19.274661741295752,19.339024945771907,947000
2012-01-26,19.335235595703125,19.52832373976527,19.111859993197612,19.119432218872046,1784400
2012-01-27,19.085357666015625,19.301161039913044,18.956632719808887,19.301161039913044,1486200
2012-01-30,19.16486358642578,19.214082329789857,18.9301303741772,18.9831345081442,980800
2012-01-31,19.134580612182617,19.259518750913667,19.036143102389993,19.259518750913667,904200
2012-02-01,19.339019775390625,19.43367041694382,19.14214626764948,19.191363561394134,1228400
2012-02-02,19.441242218017578,19.551037314604685,19.301159665555485,19.308731890587794,1162400
2012-02-03,19.39959716796875,19.57753940153303,19.354163817725134,19.49803320498808,1054800
2012-02-06,19.365530014038086,19.45260846771397,19.282236952150377,19.297381407812647,675200
2012-02-07,19.11564826965332,19.320092601262495,19.11564826965332,19.236801001071527,1120200
2012-02-08,19.15729522705078,19.229230661312535,19.104291082387146,19.130793154718965,830000
2012-02-09,19.16486358642578,19.225439945852976,19.039925476968467,19.191365653409285,1319400
2012-02-10,19.100496292114258,19.12699835140503,19.00584566771751,19.058849786299064,764800
2012-02-13,19.07021713256836,19.236803240855245,19.03992966831461,19.202728940910625,923400
2012-02-14,19.051280975341797,19.142146226509414,19.028564301486348,19.077783039379398,1230200
2012-02-15,19.0096435546875,19.18380047145215,18.990713706213928,19.16108523098581,987800
2012-02-16,19.108074188232422,19.157291487667678,18.880911755687293,18.998279084714994,1067400
2012-02-17,19.225444793701172,19.263305930549112,19.08536219800054,19.13079411796337,1254000
2012-02-21,19.013427734375,19.24437560854715,18.956636752634267,19.24437560854715,1134200
2012-02-22,18.933914184570312,19.070211342969824,18.911198954339866,19.005849598311283,857800
2012-02-23,18.97934913635254,19.017208819436682,18.88848387499452,18.922558167471987,999800
2012-02-24,19.036136627197266,19.070210916034302,18.926342980281635,18.99827694815797,1355800
2012-02-27,19.134580612182617,19.149725066651435,18.903632736424537,18.94527926408644,1389200
2012-02-28,19.058855056762695,19.28601604043156,19.043710606050286,19.20650984057289,1062400
2012-02-29,19.100496292114258,19.255723258354767,18.986915831688943,19.066422009561272,1576000
2012-03-01,19.092931747436523,19.19515463620635,19.02856854594982,19.100503973744047,1380400
2012-03-02,19.233013153076172,19.308733967288973,19.03613961382466,19.03613961382466,1558000
2012-03-05,19.240589141845703,19.308737743539748,19.18379815901577,19.214087068326318,901800
2012-03-06,19.092931747436523,19.27466084605361,19.081574130102485,19.17243795728378,1104400
2012-03-07,19.191368103027344,19.229229235160954,18.994494548696114,19.1345785712087,1207200
2012-03-08,19.225444793701172,19.308737850511942,19.164868418999166,19.308737850511942,813000
2012-03-09,19.301162719726562,19.36552592055875,19.145935692637085,19.26330303282844,998600
2012-03-12,19.445037841796875,19.47911214771669,19.26709408374285,19.301168389662664,745800
2012-03-13,19.60404396057129,19.622975247707874,19.43367393037751,19.448816938130566,1035400
2012-03-14,19.460180282592773,19.611620503237514,19.43746359958142,19.566188581469568,1023600
2012-03-15,19.56618309020996,19.57754070640074,19.433672753803062,19.441243535094017,723800
2012-03-16,19.58511734008789,19.785776307311686,19.58511734008789,19.59268956733752,1771400
2012-03-19,19.668411254882812,19.687341101706583,19.535899438606947,19.535899438606947,926200
2012-03-20,19.58511734008789,19.66841039557913,19.535898585092642,19.569972885588633,906200
2012-03-21,19.66084098815918,19.668413216494844,19.56997569238608,19.61540906240007,791600
2012-03-22,19.71384048461914,19.747914781951728,19.50560930947758,19.528325989117487,833000
2012-03-23,19.74412727355957,19.778201567238227,19.67597868620226,19.694908528411652,1295400
2012-03-26,20.07351303100586,20.088657483894536,19.816063108916406,19.816063108916406,1519400
2012-03-27,20.527833938598633,20.65277204865654,20.141659103798514,20.262811823235296,2374400
2012-03-28,20.53540802001953,20.62627184568193,20.425612906777538,20.520263567657643,1595800
2012-03-29,20.482404708862305,20.580842215879773,20.41804294556634,20.489976935883238,2454800
2012-03-30,20.607336044311523,20.68305683997391,20.52404302465749,20.54675969663242,1211400
2012-04-02,20.845863342285156,20.910225102362986,20.588413413464725,20.63384532906405,1854200
2012-04-03,20.781497955322266,20.86479099538509,20.61112648440031,20.82314447535368,1331400
2012-04-04,20.693925857543945,20.838612410444373,20.625390198404663,20.7243867960314,1454800
2012-04-05,20.712966918945312,20.7472347522351,20.534012517047795,20.655853379309786,1613800
2012-04-09,20.511167526245117,20.556858940530567,20.450247092988878,20.53020488930187,1015000
2012-04-10,20.328401565551758,20.54923899325776,20.316979440828124,20.488318573969444,1135000
2012-04-11,20.488317489624023,20.54542956267689,20.297941007866548,20.499739613743138,1065800
2012-04-12,20.564468383789062,20.564468383789062,20.41597494984417,20.545431024750016,826400
2012-04-13,20.446435928344727,20.732000671890162,20.442627585054645,20.564468426104106,892000
2012-04-16,20.579692840576172,20.644421585350216,20.457852035367704,20.495928194780955,840600
2012-04-17,20.800537109375,20.926184845985954,20.61016060651314,20.671081029330637,1179400
2012-04-18,20.811954498291016,20.827184963643543,20.682498447708788,20.682498447708788,753600
2012-04-19,20.918569564819336,20.937608377028926,20.705348811663413,20.773884468737087,1050800
2012-04-20,21.097524642944336,21.169867193389326,20.9566464331483,20.9566464331483,1276800
2012-04-23,20.79673194885254,20.983301589292665,20.674891084569968,20.964264226584326,1073000
2012-04-24,20.895721435546875,21.032792724251777,20.79672485927903,20.82718579119442,593000
2012-04-25,20.98329734802246,21.04802465863927,20.91095335091264,20.979489004775953,729600
2012-04-26,21.16225814819336,21.226985478481623,20.926190178716848,20.97949538070902,872400
2012-04-27,21.314559936523438,21.386902507976842,21.16606644895923,21.223179999156812,896200
2012-04-30,21.287899017333984,21.295514251215856,21.196517663208862,21.295514251215856,941000
2012-05-01,21.284093856811523,21.421163720455628,21.11275471168456,21.242210793285214,1109800
2012-05-02,21.24601936340332,21.287902430239694,21.154639447085394,21.173676808613497,855400
2012-05-03,21.215557098388672,21.34501317327492,21.158443568822793,21.223172332494613,800600
2012-05-04,21.242206573486328,21.303126984934256,21.1546335728085,21.1698625863276,904000
2012-05-07,21.421167373657227,21.444013081056124,21.181293982028535,21.204138236969715,851800
2012-05-08,21.501121520996094,21.512543645756153,21.287899326578284,21.31455191932334,962000
2012-05-09,21.440204620361328,21.581082841200573,21.360245376545578,21.37166895563789,1229600
2012-05-10,21.657236099243164,21.752424371450246,21.482088574514233,21.53158688275009,1031000
2012-05-11,21.550621032714844,21.729575422562,21.550621032714844,21.588697207393786,1120800
2012-05-14,21.58869171142578,21.657227355942783,21.386891668144752,21.455427312661755,1051600
2012-05-15,21.653417587280273,21.779066744772834,21.46304113226033,21.54300034723609,1654000
2012-05-16,21.8552188873291,21.89710048980337,21.672456201726963,21.70291713347971,1035400
2012-05-17,21.592498779296875,21.9237548813394,21.592498779296875,21.885678716040562,765400
2012-05-18,21.48590087890625,21.79811835309454,21.417365194088525,21.657240090950566,1516000
2012-05-21,21.61915397644043,21.661037037092413,21.38689442370297,21.535389307593828,1220200
2012-05-22,21.63438606262207,21.763842145021645,21.56204351310311,21.664847000813722,711600
2012-05-23,21.562042236328125,21.676267842868114,21.45162352060793,21.573464361244906,1216000
2012-05-24,21.63438606262207,21.72957431578477,21.531582574911457,21.554428278555196,1172000
2012-05-25,21.653417587280273,21.75241415726661,21.581075057257245,21.641995464765344,1147600
2012-05-29,21.832372665405273,21.87806260948248,21.6838792578115,21.76764391321019,946200
2012-05-30,21.539196014404297,21.839991217920254,21.539196014404297,21.70672680312411,1028400
2012-05-31,21.459239959716797,21.634385996410337,21.386895957961766,21.5011230233734,1568800
2012-06-01,21.017568588256836,21.394513293264406,20.97949241189501,21.26886554241442,1820400
2012-06-04,21.063261032104492,21.154642413694816,20.869077593354508,21.040415323592466,1966800
2012-06-05,21.00995635986328,21.070876798303328,20.88811548298319,20.987110650776582,900000
2012-06-06,21.24601936340332,21.24601936340332,21.006144541267997,21.07468020473523,1271800
2012-06-07,21.139404296875,21.394508080281405,21.082290772477343,21.265052017109678,4590000
2012-06-08,21.24601936340332,21.24601936340332,21.055642843207128,21.078488548515402,1922600
2012-06-11,21.265056610107422,21.485894069522196,21.253634483743753,21.37166844851278,1379600
2012-06-12,21.409740447998047,21.440201384369903,21.28789960742541,21.295514841518376,1023000
2012-06-13,21.424978256225586,21.61916170852113,21.35644257836648,21.40974778282181,1064600
2012-06-14,21.565841674804688,21.61914684260593,21.440193986767028,21.46684657066765,806600
2012-06-15,21.992298126220703,22.022759070997814,21.58870077512852,21.626775503642115,1645200
2012-06-18,22.216943740844727,22.25121157938802,21.86284322671665,22.018953398658887,1032200
2012-06-19,22.418739318847656,22.47585140316156,22.14078977497211,22.232169690857386,1222000
2012-06-20,22.354007720947266,22.555807793558756,22.14840075751249,22.506309498111705,1160600
2012-06-21,21.98468017578125,22.437775750033243,21.96564136267504,22.4149300457803,1052000
2012-06-22,22.034175872802734,22.14459459224188,21.992292810087374,22.011331622199766,2069200
2012-06-25,21.82476043701172,21.96944697437352,21.74099431762478,21.9427943822881,1187400
2012-06-26,21.862834930419922,21.950409392043664,21.72195673762675,21.931370581499266,1239000
2012-06-27,22.498699188232422,22.62054005564797,21.70673209757364,21.84761178064476,2153200
2012-06-28,22.487272262573242,22.532962214990533,22.25120436142622,22.342585718718194,2092800
2012-06-29,23.092666625976562,23.092666625976562,22.593879746637857,22.761410519050823,1901800
2012-07-02,23.206897735595703,23.302085994189238,23.00890598342624,23.10790113328219,1610800
2012-07-03,23.4886531829834,23.526729356299146,23.13455275966316,23.16120680721293,1040400
2012-07-05,23.599632263183594,23.607285959670254,23.370027207757154,23.481003617123715,1989000
2012-07-06,23.31644630432129,23.419768988451555,23.274351715254188,23.35854089338839,831000
2012-07-09,23.08684730529785,23.358546956427052,23.014137919929958,23.34706568201494,1197800
2012-07-10,23.289661407470703,23.400637796934287,23.140418002230128,23.18633871312113,1923600
2012-07-11,23.28582763671875,23.377670493866525,23.190158662928134,23.339403488267354,1115600
2012-07-12,23.17486000061035,23.304969904139607,23.06005602824272,23.17486000061035,1393200
2012-07-13,23.30496597290039,23.419768466109215,23.174856091318947,23.178682208515653,1031000
2012-07-16,23.10597801208496,23.343236730770382,23.067709535011094,23.193993319665147,804200
2012-07-17,23.155723571777344,23.220779249336015,22.960559458687445,23.174858539160695,962600
2012-07-18,23.301137924194336,23.350886205501766,23.117453646820202,23.15189454006491,1105400
2012-07-19,23.446556091308594,23.503956609058104,23.25521811255771,23.320272324632406,1439200
2012-07-20,23.29731559753418,23.503959530830375,23.232259917579498,23.415944224838956,2966000
2012-07-23,22.903160095214844,23.182514885192386,22.849585683918292,23.132766591934207,1033000
2012-07-24,22.903160095214844,22.949082270434648,22.57788604960394,22.876372889566568,1390200
2012-07-25,22.822797775268555,23.102151096848065,22.757743552067502,22.96056137709805,721200
2012-07-26,23.19782066345215,23.27435616185155,23.01413634316951,23.04857724445958,757600
2012-07-27,23.446556091308594,23.492476797466786,23.20164371207433,23.243738300966392,1095200
2012-07-30,23.484825134277344,23.484825134277344,23.297314716368277,23.412117221589163,979400
2012-07-31,23.29731559753418,23.52309449891847,23.293488019999316,23.519266921383608,743000
2012-08-01,23.15189552307129,23.526917787773986,23.05240041602483,23.347059619882504,1061600
2012-08-02,22.979690551757812,23.09832062202184,22.769219070793095,23.067705845259677,690800
2012-08-03,22.956729888916016,23.144240278813882,22.58553376635292,22.711816065293323,1537400
2012-08-06,22.895503997802734,23.12128141881983,22.723299519253867,23.04091981542802,1069800
2012-08-07,22.88402557373047,22.987348273717288,22.77304917821205,22.945253678190085,678400
2012-08-08,23.02561378479004,23.03709505723268,22.7807013829786,22.818969858132302,844000
2012-08-09,22.949077606201172,23.06770621859221,22.857234734221176,23.017959395237934,483200
2012-08-10,23.02178382873535,23.033263639470896,22.780697584739205,22.87636656698292,510200
2012-08-13,22.972047805786133,23.040929626536396,22.90316598503587,22.96056798892562,525200
2012-08-14,22.880205154418945,23.086850605859823,22.80749575865631,23.07919690842199,753000
2012-08-15,22.872543334960938,22.96438475201506,22.838102438617387,22.87636945242444,615600
2012-08-16,22.899337768554688,22.899337768554688,22.688866206559677,22.818976138304613,1241600
2012-08-17,23.006479263305664,23.086842327690626,22.868715678409156,22.941425048100648,1022000
2012-08-20,23.102153778076172,23.14042226068867,22.872548721574578,23.017966035915375,738800
2012-08-21,23.07536506652832,23.22843606741734,23.021790654155136,23.117459664762464,801400
2012-08-22,23.109806060791016,23.16720805130136,22.86106750809713,23.048577952150172,617000
2012-08-23,23.148069381713867,23.20929747670791,23.021785614655123,23.08301370964917,566800
2012-08-24,23.381505966186523,23.438907957346313,23.04857821292225,23.121286136570482,545600
2012-08-27,23.484825134277344,23.580494131926926,23.34706154409506,23.40828964419907,555600
2012-08-28,23.477176666259766,23.599632893731496,23.42742982745732,23.458043154428566,517800
2012-08-29,23.496305465698242,23.538398596752188,23.396808894643105,23.488651771017615,524800
2012-08-30,23.327932357788086,23.500136877415095,23.2973190319618,23.450388580679885,545400
2012-08-31,23.511611938476562,23.584321309725876,23.324101523744496,23.4580375342674,785000
2012-09-04,23.844545364379883,23.878986267507564,23.431254526847734,23.553710746903196,1029400
2012-09-05,23.87898826599121,23.989963221096314,23.748878338818944,23.87516068766041,1238600
2012-09-06,24.26547622680664,24.361145191816885,23.917241252561055,24.051177219658374,1371400
2012-09-07,24.10858917236328,24.437690781933874,24.051187185654676,24.437690781933874,805000
2012-09-10,24.10093879699707,24.445347845108685,24.005269779165328,24.445347845108685,990800
2012-09-11,24.10858917236328,24.238699077082046,24.04353494990048,24.143030072429813,994800
2012-09-12,23.85984992980957,24.456825063216662,23.79862182329037,24.108589933677493,1161000
2012-09-13,24.192771911621094,24.2233852258531,23.77948122104321,23.81774968857418,876400
2012-09-14,24.104764938354492,24.349677375838038,23.99378853393436,24.349677375838038,788200
2012-09-17,24.085630416870117,24.17747331253435,23.974655470175517,24.1085915057345,825600
2012-09-18,24.338193893432617,24.361154979785837,24.081801664890804,24.10858886907299,813000
2012-09-19,24.219568252563477,24.39559889028415,24.181299770585078,24.315237267819494,908400
2012-09-20,24.250181198120117,24.43386552935638,24.165993458674315,24.185126969466847,909000
2012-09-21,24.169822692871094,24.391775534099715,24.15451529834633,24.315240021269382,1485600
2012-09-24,24.307579040527344,24.364979563105585,24.120067163268423,24.181295263227714,947400
2012-09-25,24.169822692871094,24.380294258309398,24.14686160108395,24.330547415794147,938600
2012-09-26,24.06649398803711,24.395595589557253,24.00526588494916,24.238698484157315,1157800
2012-09-27,23.630245208740234,23.87898521590742,22.98352323381606,23.64937871857004,2432600
2012-09-28,23.741222381591797,23.75270219590439,23.370026147689668,23.63407209543225,1189800
2012-10-01,23.93255615234375,23.966997048953882,23.65320286196958,23.768005364072344,1649800
2012-10-02,24.093278884887695,24.19660157266632,23.96316899581013,23.986130079691932,1248200
2012-10-03,24.147125244140625,24.220192939131245,23.88177128445818,24.18173656640283,1328200
2012-10-04,24.116352081298828,24.254797330788083,24.047129456554202,24.18942122242714,587600
2012-10-05,24.089433670043945,24.30863817154786,24.058668872349905,24.25479867532111,952600
2012-10-08,24.116352081298828,24.139426778552426,23.91253072344863,24.074049203175317,513400
2012-10-09,23.893301010131836,24.14711679557774,23.889454493994858,24.116350534546203,790200
2012-10-10,23.793317794799805,24.077899909046,23.74716985927916,23.88176861580454,952800
2012-10-11,23.843311309814453,23.981756577948897,23.74332387561533,23.88945924352048,662800
2012-10-12,23.75101661682129,23.98945081268833,23.70102362767001,23.897153467995196,629000
2012-10-15,23.781782150268555,23.843313222484632,23.624108686026332,23.77024553267069,932000
2012-10-16,23.893301010131836,23.920220755026396,23.731781073748405,23.84715161858453,460800
2012-10-17,24.124053955078125,24.16251180026687,23.893312752012818,24.0048368355182,533200
2012-10-18,24.166345596313477,24.224031603722164,23.985597475647964,24.09327792500977,562200
2012-10-19,23.70486831665039,24.204808469658268,23.589497737804958,24.127895728438983,1463800
2012-10-22,23.724098205566406,23.7433278592686,23.447209089857452,23.651030509354545,758800
2012-10-23,23.608726501464844,23.647184340033114,23.362602202694088,23.574115180261675,752600
2012-10-24,23.78946876525879,23.78946876525879,23.531806445419445,23.69717144264059,1205000
2012-10-25,23.820232391357422,23.993288945880554,23.71255340943907,23.82407890757799,884200
2012-10-26,23.654874801635742,23.82793141029195,23.551042303458583,23.82793141029195,711200
2012-10-31,23.697174072265625,23.98944773714276,23.539500623350655,23.801008021602268,945400
2012-11-01,23.535659790039062,23.76640096300336,23.51643160346147,23.70102483523623,919600
2012-11-02,23.643339157104492,23.84331552789659,23.512585432625684,23.647185674686686,1070800
2012-11-05,23.589500427246094,23.68564283174791,23.37798743074543,23.547197534542626,446200
2012-11-06,23.816396713256836,23.93176730599541,23.58180901004561,23.58180901004561,684800
2012-11-07,23.689483642578125,23.804855680944748,23.485662250958864,23.689483642578125,1302800
2012-11-08,23.785621643066406,23.904838709450267,23.520269231198483,23.60487498585904,1769400
2012-11-09,23.843311309814453,23.966373444374767,23.701020991794657,23.747168925500684,1151400
2012-11-12,24.00482940673828,24.035595673368036,23.651026142594148,23.843310907981092,968600
2012-11-13,24.304792404174805,24.46631088808494,23.870228463581597,23.920222908751203,1302800
2012-11-14,24.124053955078125,24.354796625160223,24.07790600786842,24.297110590885502,907800
2012-11-15,24.40477180480957,24.431691543278482,24.02789399922909,24.089425039588846,1788400
2012-11-16,24.439390182495117,24.523995937616093,24.235568827357657,24.420162001881117,1493600
2012-11-19,24.82780647277832,24.82780647277832,24.485539845722958,24.523997676694275,1039000
2012-11-20,25.154699325561523,25.154699325561523,24.731670411923854,24.777819820875212,1247600
2012-11-21,25.162384033203125,25.239296764269405,24.939333005465247,25.239296764269405,1302600
2012-11-23,25.523876190185547,25.523876190185547,25.166226473991074,25.185453186627335,311000
2012-11-26,25.039321899414062,25.420044905991894,24.94317951857897,25.354668791191862,1289800
2012-11-27,24.920106887817383,25.17007473679853,24.87780400450584,25.093162003886285,1680400
2012-11-28,24.82780647277832,24.9008756181157,24.72782051330164,24.897029101510444,2102800
2012-11-29,24.84319305419922,24.977791813744837,24.681674542744478,24.816273302290096,2698600
2012-11-30,24.82780647277832,24.858572737555374,24.673981016958045,24.854726220950116,2873200
2012-12-03,24.870115280151367,24.993177434554106,24.797049051434026,24.958567578956398,1192600
2012-12-04,24.823963165283203,24.88933927813451,24.773967250958354,24.827806747898553,1189400
2012-12-05,24.700897216796875,24.870105780698534,24.639364696082037,24.835495938320495,1119800
2012-12-06,24.647052764892578,24.73550502262961,24.523992134642945,24.71243179627727,1000800
2012-12-07,24.68936538696289,24.739361309181312,24.53553843813493,24.704748521950638,908600
2012-12-10,24.68936538696289,24.739361309181312,24.55092157312268,24.658602051020395,1047400
2012-12-11,24.773969650268555,24.87395855456945,24.616297660825616,24.7162836310937,1096200
2012-12-12,24.9085693359375,25.01240476113684,24.708594453899877,24.800890327607018,1035600
2012-12-13,24.873958587646484,24.94702774096732,24.812426051369396,24.94702774096732,718400
2012-12-14,24.773969650268555,24.923951539703495,24.731666765142517,24.83550218646382,850800
2012-12-17,25.3738956451416,25.377739227448014,24.681669405789048,24.858571014949746,1644000
2012-12-18,25.123929977416992,25.423893763798063,25.066243956797656,25.412357146480772,1115600
2012-12-19,24.82780647277832,25.22391259617728,24.812423340389792,25.12008012009534,839400
2012-12-20,24.920106887817383,24.977789970485226,24.739358738037648,24.85088425458329,1304000
2012-12-21,24.63936996459961,24.92010701583358,24.558610714417078,24.90472388236557,1781800
2012-12-24,24.704750061035156,24.735516332927357,24.474008889909992,24.623990797843007,469000
2012-12-26,24.40477180480957,24.73934821209299,24.397080241387638,24.727811600467952,859400
2012-12-27,24.40091323852539,24.493706250641306,24.188260987931557,24.489840489685783,800400
2012-12-28,24.21919822692871,24.482114292476215,24.21919822692871,24.304259740758418,915600
2012-12-31,24.563304901123047,24.567172137493458,24.141866106778032,24.20759585080833,798200
2013-01-02,25.22059440612793,25.22059440612793,24.79528693482172,24.864882434686663,1108600
2013-01-03,25.135536193847656,25.181931233257608,25.01954269564839,25.154866476989405,1031000
2013-01-04,25.22832679748535,25.22832679748535,25.073669798031467,25.073669798031467,717000
2013-01-07,25.162593841552734,25.29405034919338,24.961538894784695,25.29405034919338,694000
2013-01-08,25.147127151489258,25.181923420250744,24.988602949790188,25.12006240361823,990000
2013-01-09,25.313383102416992,25.313383102416992,24.988603175198733,25.135528621969307,1195600
2013-01-10,25.007944107055664,25.332721184498247,24.899685081241472,25.332721184498247,2103000
2013-01-11,25.15872573852539,25.15872573852539,24.895809782473957,25.073664260121063,1176600
2013-01-14,25.247661590576172,25.355920611940363,25.11233486403384,25.16260008812228,1009600
2013-01-15,25.274717330932617,25.32884682230781,25.12779189734049,25.12779189734049,980600
2013-01-16,25.301794052124023,25.336590334547648,25.18193330748862,25.20126654206004,760600
2013-01-17,25.630434036254883,25.711628297952192,25.34818478858971,25.375249542488813,954600
2013-01-18,25.769628524780273,25.769628524780273,25.50671247286821,25.653635021057735,1293200
2013-01-22,25.71162223815918,25.88560947938516,25.545366517723497,25.723220994262746,980200
2013-01-23,25.74641990661621,25.765753134397702,25.545367906936185,25.742555620929036,1273600
2013-01-24,24.11480140686035,24.39704919088474,23.51550808599111,24.342919680923696,7927600
2013-01-25,23.921480178833008,24.184396197948693,23.83255291867895,24.095468937794635,3077600
2013-01-28,23.674028396606445,23.875081894816155,23.515505644641646,23.85575013968257,2561400
2013-01-29,23.921480178833008,23.960145166890307,23.538706384035912,23.585102894786186,2609800
2013-01-30,24.10320472717285,24.153468480009924,23.824822680590497,23.886685193728947,2499400
2013-01-31,24.107072830200195,24.207600345637378,24.010412551851488,24.114805829458348,2438400
2013-02-01,24.505308151245117,24.516906909819465,24.25012513818037,24.346785392749112,1863400
2013-02-04,24.2733211517334,24.50143939738173,24.253989397000833,24.34678388460284,1434000
2013-02-05,24.505308151245117,24.55557042167959,24.35065115396775,24.48210915917798,1102400
2013-02-06,24.26172637939453,24.412516155964752,24.18053211122881,24.40865039435054,1683600
2013-02-07,24.501445770263672,24.663835797075617,24.38932097368352,24.505313007167068,2153000
2013-02-08,24.601961135864258,24.68315537172845,24.48596915964141,24.613559891011143,1028600
2013-02-11,24.72183609008789,24.74503509145698,24.559447505261335,24.625175796761887,907800
2013-02-12,24.779821395874023,24.82235214378635,24.617432876483424,24.779821395874023,1034600
2013-02-13,24.779821395874023,24.93834562897213,24.683162616416595,24.93834562897213,724400
2013-02-14,24.89581298828125,25.10073224000458,24.833951964099036,24.841683485933075,2006800
2013-02-15,25.011804580688477,25.162594318705718,24.911277105398174,24.91514434094222,1054200
2013-02-19,25.135536193847656,25.25152674220973,25.00021241250664,25.085270968037282,1555800
2013-02-20,25.243793487548828,25.348185268898597,25.03887421131029,25.08526924753819,1303800
2013-02-21,25.266990661621094,25.43324642212694,25.120068132504958,25.16259888169275,1994000
2013-02-22,25.595638275146484,25.595638275146484,25.290194418291644,25.352055457077334,964000
2013-02-25,25.294055938720703,25.665230980350383,25.294055938720703,25.642033462072597,1318400
2013-02-26,25.754154205322266,25.83148121625796,25.37911200762775,25.37911200762775,1982000
2013-02-27,26.028675079345703,26.075073066772504,25.653632793031022,25.723228299252686,1281600
2013-02-28,26.009342193603516,26.160134917290105,25.874018415769005,26.024808189618476,2684800
2013-03-01,26.4423770904541,26.47717631349593,25.746422127984072,25.96294308843956,1875000
2013-03-04,26.76329231262207,26.778758307654595,26.334120537439517,26.38825004513489,1301600
2013-03-05,27.026216506958008,27.061012793933266,26.62797660132834,26.821297172980632,1431200
2013-03-06,26.975948333740234,27.091941844039297,26.825158540253955,27.064877084947852,2256200
2013-03-07,27.12286376953125,27.23499000123184,27.00300306676915,27.049401043628972,1500200
2013-03-08,27.142192840576172,27.23498879016944,26.956606841062193,27.23498879016944,1073600
2013-03-11,27.12286376953125,27.219524008945232,27.00300306676915,27.064867035915576,1339000
2013-03-12,27.20018768310547,27.231119664155617,26.948870499286127,27.04939796278108,841800
2013-03-13,27.19632911682129,27.331655839591953,27.126736562029993,27.200196353144257,1734000
2013-03-14,27.455381393432617,27.49404490791173,27.21566288392281,27.262060871199985,1112200
2013-03-15,27.3548526763916,27.439914174355707,27.265923942200875,27.339386681322043,1693000
2013-03-18,27.29686164855957,27.4012563996811,27.122874329807097,27.219534606855706,744200
2013-03-19,27.455381393432617,27.482446148551702,27.238860402642864,27.35485389591727,642600
2013-03-20,27.726028442382812,27.73376291504077,27.52884068732309,27.6061706647176,1288000
2013-03-21,27.552047729492188,27.756967056267452,27.521115731153884,27.706704771345997,789600
2013-03-22,27.911619186401367,27.934816706154074,27.509512128276956,27.509512128276956,746600
2013-03-25,27.7569580078125,28.012139536322923,27.67189651503011,27.98894202005018,684400
2013-03-26,27.996681213378906,28.058542250484017,27.768561448825505,27.818823725838236,733600
2013-03-27,28.089473724365234,28.120405717264248,27.79175845492734,27.849755204153688,1260200
2013-03-28,28.437454223632812,28.491583741909817,28.162936445436912,28.217068913551426,1507800
2013-04-01,28.112674713134766,28.30599526785293,27.82269388105752,28.30599526785293,1632200
2013-04-02,28.077877044677734,28.49544718040189,27.70670195190214,28.000547056701098,1522200
2013-04-03,27.683496475219727,28.120402716239095,27.63323420450075,28.019875224964256,1680600
2013-04-04,27.714435577392578,27.988950418392157,27.61004377300477,27.83042909323472,1385400
2013-04-05,27.412841796875,27.52883230288408,27.246586083409476,27.50176755649835,1565600
2013-04-08,27.494037628173828,27.528833897040723,27.227254434182495,27.459238409470647,1009400
2013-04-09,27.40899085998535,27.55591343489616,27.211803047728786,27.39352486002034,1409400
2013-04-10,27.64097785949707,27.679641388546713,27.528851560366384,27.54431756195388,2011800
2013-04-11,27.679826736450195,27.91291942144397,27.621552824218178,27.707020833633898,1022200
2013-04-12,27.862398147583008,27.89347794166335,27.55937756513041,27.629305619845034,1143000
2013-04-15,27.40398597717285,27.827437125047013,27.40398597717285,27.761394774927098,1302800
2013-04-16,27.932327270507812,27.998369612504963,27.504990459323594,27.567147085929026,1957200
2013-04-17,27.74196434020996,27.9051287937642,27.59822253268916,27.769158415802334,1510000
2013-04-18,27.76140022277832,27.940104656724106,27.714780514992455,27.757514506146162,1093200
2013-04-19,28.087739944458008,28.204284799951797,27.850761551839547,27.87406993015147,1799800
2013-04-22,27.881826400756836,27.94787171743711,27.687582094606025,27.916791917109087,1361800
2013-04-23,28.013919830322266,28.099387816831555,27.6798193179315,27.889603567381528,1090000
2013-04-24,27.815793991088867,28.099392083574962,27.788599897064223,28.037232460699233,1384200
2013-04-25,27.87016487121582,28.03333229796744,27.81577671694265,27.889590482284287,954200
2013-04-26,27.660398483276367,27.975076393860608,27.629321635114703,27.881836957573565,867400
2013-04-29,27.831335067749023,27.88572325808657,27.62155077761816,27.699250309481858,726600
2013-04-30,27.947874069213867,28.002262242398153,27.68370167206169,27.776938116958593,912800
2013-05-01,27.889598846435547,28.223699302272248,27.8624047611434,27.9323328324565,845200
2013-05-02,28.231475830078125,28.301403921354016,27.897375278863745,27.897375278863745,817400
2013-05-03,28.235353469848633,28.33636134255857,27.971181085483966,27.971181085483966,1150800
2013-05-06,28.064416885375977,28.243121293671738,28.01002871606566,28.19261884043585,680200
2013-05-07,28.410173416137695,28.414059132471785,28.07219019340026,28.10326703227358,699600
2013-05-08,28.35577964782715,28.52282985003184,28.188729445622453,28.371319546163928,771200
2013-05-09,28.293642044067383,28.499540648601325,28.21594250013554,28.37911006042514,1242200
2013-05-10,28.3907470703125,28.468443603291586,28.2314653245928,28.258659407528754,698800
2013-05-13,28.619958877563477,28.709312573515053,28.336363815499638,28.460680068171442,998600
2013-05-14,29.035648345947266,29.047302534218176,28.62385121939409,28.62385121939409,947600
2013-05-15,29.043420791625977,29.082269075192464,28.92687297699247,29.00068679052263,1404200
2013-05-16,28.946285247802734,29.13275810847544,28.919091165457438,28.97347933014803,927400
2013-05-17,29.0123291015625,29.086142884873325,28.821970515265615,28.884127150738284,1554600
2013-05-20,28.888023376464844,29.093921937521266,28.856943565454916,29.01233965657064,1025200
2013-05-21,28.8802490234375,28.992911104013707,28.779244093762507,28.876366270404038,718200
2013-05-22,28.748159408569336,29.2376559256976,28.693771235992095,28.86082147003165,764000
2013-05-23,28.635501861572266,28.732624037047927,28.47622303503764,28.61219348791685,1015200
2013-05-24,28.682125091552734,28.759821655891685,28.42572109415311,28.56557728111037,810000
2013-05-28,28.627727508544922,29.000676230056882,28.569453622448343,28.833626004010934,904600
2013-05-29,27.92456817626953,28.546152500522478,27.88571989698715,28.522841161806074,1799200
2013-05-30,27.648733139038086,27.97894785850141,27.640964671115587,27.95175377487344,1534800
2013-05-31,26.83679962158203,27.532194737666995,26.83679962158203,27.39233857108379,2226800
2013-06-03,26.999961853027344,27.19032046640637,26.708595358210502,26.82125742521167,1652400
2013-06-04,26.988309860229492,27.19809410921431,26.840682260610453,26.902841873909733,1192600
2013-06-05,26.74356460571289,26.95334889013768,26.708602040275757,26.778530135084022,969600
2013-06-06,27.07765769958496,27.07765769958496,26.681400581005928,26.805716830357504,1825000
2013-06-07,27.551616668701172,27.567156571682855,27.089317151713217,27.132048179996055,1116600
2013-06-10,27.497238159179688,27.58270617366563,27.25637698810236,27.58270617366563,1382400
2013-06-11,27.58269500732422,27.726436879307943,27.24082605171421,27.4350703827517,944800
2013-06-12,27.72643280029297,27.87405740314748,27.63707911703048,27.765281067998593,1926400
2013-06-13,28.02169418334961,28.091622281181422,27.582702936031865,27.780833040544355,1047600
2013-06-14,28.068294525146484,28.180956547424458,27.920669960057456,28.037214733359715,719000
2013-06-17,28.281980514526367,28.414065259033816,28.15766424042898,28.204280990756892,1216000
2013-06-18,28.49953269958496,28.526726791392562,28.208166159960467,28.247014439123657,634600
2013-06-19,27.97894859313965,28.550027328254597,27.97894859313965,28.54614457615781,1961400
2013-06-20,27.19420623779297,27.858521491644204,27.15535796452563,27.811901785363442,1649600
2013-06-21,27.753623962402344,27.78858651047698,27.361249682836018,27.388443763760463,2889600
2013-06-24,27.660398483276367,27.905148298612335,27.403997443322044,27.524428010275287,1034000
2013-06-25,27.648733139038086,27.885711423767336,27.42729475408665,27.885711423767336,1103000
2013-06-26,27.982826232910156,28.107142434584507,27.811890344133406,27.823547488858036,1166400
2013-06-27,27.423416137695312,27.94787825819078,27.038813151407744,27.58269792870412,2408200
2013-06-28,27.33405303955078,27.551605666552444,27.062112255798702,27.36513283310309,1582600
2013-07-01,27.40398597717285,27.54772782502159,27.291323928415643,27.431180060394745,1484000
2013-07-02,27.233043670654297,27.400093846747666,27.07376492448085,27.369014054932133,1575600
2013-07-03,27.00272560119629,27.201821280034082,26.588921582541627,26.588921582541627,1225000
2013-07-05,27.201824188232422,27.25257278778669,26.862190697242813,27.1666882513264,779200
2013-07-08,27.389205932617188,27.521934399389647,27.213532223891757,27.322838720852292,1021400
2013-07-09,27.443864822387695,27.65857320601546,27.37359592012896,27.61953558884489,876400
2013-07-10,27.518035888671875,27.557073506533555,27.326749476284096,27.342365119104635,1170200
2013-07-11,28.12312889099121,28.189493138016797,27.767879724479055,27.84985961404818,1656200
2013-07-12,27.963071823120117,28.1036096328315,27.892802918264426,28.05286102647215,1029800
2013-07-15,28.15435791015625,28.193395524183632,27.947452896890958,27.947452896890958,644800
2013-07-16,28.127017974853516,28.185572879001175,27.892786444752364,28.095786707056345,1027400
2013-07-17,28.138736724853516,28.283176166134645,27.939641060647816,28.244138559798625,1274400
2013-07-18,28.205102920532227,28.27146715376966,27.98648992710131,28.084085438937063,812600
2013-07-19,28.525226593017578,28.52913124887607,28.048959843193305,28.201208659497162,1425600
2013-07-22,28.28708839416504,28.443241839697748,28.162166233414716,28.372972938126992,1179600
2013-07-23,28.283184051513672,28.369068596424686,28.115319616927405,28.341741966532936,607400
2013-07-24,27.951358795166016,28.353451896454498,27.888899205619627,28.322223590870887,581400
2013-07-25,28.189481735229492,28.220713007683365,27.857657655946795,27.877177945824982,660400
2013-07-26,28.08799171447754,28.18168556561517,27.760072170633283,28.076280727680125,529800
2013-07-29,28.048948287963867,28.330023826386416,28.013815334850314,28.041141957842587,562400
2013-07-30,27.951358795166016,28.415914464380055,27.916225834492266,28.23243439407269,781000
2013-07-31,27.955265045166016,28.08409186507796,27.818631893007595,27.994302663157086,655400
2013-08-01,28.318313598632812,28.357351207039294,28.095795954499422,28.13092890855167,1023800
2013-08-02,28.39638328552246,28.408094267925943,28.052848228715565,28.244134557521154,552800
2013-08-05,28.31441307067871,28.369066326088394,28.068473421335145,28.345644353306827,636800
2013-08-06,28.630624771118164,28.806298521471845,28.271473916462604,28.28708955949711,1063000
2013-08-07,28.326129913330078,28.650147836232726,28.302707935706156,28.560361603087923,740600
2013-08-08,28.540834426879883,28.630620638393783,28.267568159169407,28.3768746662536,695200
2013-08-09,28.419818878173828,28.52912539273633,28.27928107991372,28.46276114866326,921200
2013-08-12,28.53693199157715,28.564258620473552,28.154359187027516,28.341740934208797,712800
2013-08-13,28.58377456665039,28.693081065597788,28.447141442966146,28.650138801242925,446000
2013-08-14,28.146549224853516,28.595489242077306,28.146549224853516,28.51741401229017,796400
2013-08-15,27.654661178588867,28.029430542982066,27.58829694925239,28.029430542982066,711600
2013-08-16,27.596111297607422,27.670281870491323,27.439957863654485,27.639053566403955,732800
2013-08-19,27.588289260864258,27.642942490778484,27.4711764732099,27.533636030950028,612400
2013-08-20,27.58049964904785,27.728843794669622,27.475094800059665,27.596115292541636,547000
2013-08-21,27.2681941986084,27.568790139823804,27.236962909945568,27.521943206829558,613800
2013-08-22,27.447765350341797,27.564881175330594,27.162788076383762,27.311132206774307,421200
2013-08-23,27.389205932617188,27.611723580966466,27.23695419370368,27.568781317392162,1031400
2013-08-26,26.846576690673828,27.518034403829247,26.84267501396372,27.346268298830285,1173600
2013-08-27,26.57331085205078,26.85048180050016,26.553790554652974,26.706042321921583,954600
2013-08-28,26.190732955932617,26.608444650957377,26.12436871552604,26.573308714143966,1807800
2013-08-29,26.39373016357422,26.44447875694421,26.026770090099838,26.14779054871847,836200
2013-08-30,26.409353256225586,26.4405845432886,26.229777823182445,26.436679887810858,952000
2013-09-03,26.33516502380371,26.713835977957157,26.15558969079464,26.588913877673548,707800
2013-09-04,26.417152404785156,26.440577352901848,26.132175178376844,26.288325614468636,820200
2013-09-05,26.307846069335938,26.424961875500905,26.225866196371925,26.378114957359184,547400
2013-09-06,26.319557189941406,26.47961526063331,26.061906584780548,26.346883814403597,576800
2013-09-09,26.604537963867188,26.604537963867188,26.315656073639186,26.315656073639186,738000
2013-09-10,26.28441619873047,26.682604458919993,26.116551848820286,26.60062461059797,1012400
2013-09-11,26.534278869628906,26.534278869628906,26.19854993608037,26.280529841475264,506800
2013-09-12,26.27271842956543,26.55769571537134,26.1399869571679,26.55769571537134,1608600
2013-09-13,26.463998794555664,26.487420763826318,26.260998466281322,26.260998466281322,701400
2013-09-16,26.811450958251953,26.936373149374724,26.65920213089545,26.713855403362913,684400
2013-09-17,26.79583168029785,26.846580289745162,26.66700485049364,26.811447324369233,717800
2013-09-18,27.12375259399414,27.139365258733296,26.706043820306164,26.823156676126146,1479800
2013-09-19,27.014434814453125,27.264279071034217,26.79191718036126,27.264279071034217,1369800
2013-09-20,26.901227951049805,27.057378385188752,26.87780300322607,26.95588119867416,1189000
2013-09-23,26.82706069946289,26.858291984964172,26.577216372211257,26.784118426493453,625200
2013-09-24,26.768497467041016,26.987110465370918,26.65528631336911,26.72945985710764,756400
2013-09-25,26.565509796142578,26.959793672147597,26.506951870698526,26.94417802680386,810200
2013-09-26,25.983827590942383,26.0228681775876,25.792541225570908,25.940885328335515,2191000
2013-09-27,25.530996322631836,25.823782970876742,25.00007629554402,25.749609400239827,1986400
2013-09-30,25.257726669311523,25.472438066588698,25.152324787798943,25.374842518440847,1447200
2013-10-01,25.327987670898438,25.367028260665492,25.179643556271667,25.273334419279163,1932800
2013-10-02,25.2928524017334,25.30456338624129,24.808778023153693,25.117178698979334,2819800
2013-10-03,25.143726348876953,25.332099583007864,24.87294225751269,25.332099583007864,2903000
2013-10-04,25.37527084350586,25.457683205763495,25.04169464377228,25.116257995760765,1410000
2013-10-07,25.46552848815918,25.595034900686723,25.22221368226722,25.253609720593477,1142400
2013-10-08,25.52046775817871,25.748084524393814,25.422357392819517,25.516542505218936,1614400
2013-10-09,25.37919807434082,25.62643820363432,25.285012926753318,25.547948085568184,1217200
2013-10-10,26.007097244262695,26.065964068888203,25.55971416765454,25.55971416765454,1288000
2013-10-11,26.011022567749023,26.03849335343614,25.834425087487727,25.912912191139174,954000
2013-10-14,26.073814392089844,26.10520743679013,25.850122855360876,25.901139172828515,823000
2013-10-15,25.850130081176758,26.062048911118822,25.818734033609363,26.003182070452933,951200
2013-10-16,26.446632385253906,26.446632385253906,25.948232998788814,26.022794847637133,1319400
2013-10-17,26.70956802368164,26.713493277099406,26.3171265164558,26.352447809033492,1038200
2013-10-18,26.654626846313477,26.882243642451872,26.5251204284322,26.858698109779326,2604600
2013-10-21,26.419158935546875,26.568285612294208,26.340671841277906,26.568285612294208,952200
2013-10-22,26.886167526245117,26.99997591851649,26.375992387661864,26.513346311406284,1031200
2013-10-23,26.913644790649414,27.01960270187925,26.768440325394295,26.850852699482324,742200
2013-10-24,26.929340362548828,26.972509172774398,26.68602552255847,26.968583918910774,778600
2013-10-25,27.137327194213867,27.1726454879771,26.784129286128106,26.945031719735777,790000
2013-10-28,27.317853927612305,27.439509838391327,27.03529555952711,27.137331191133683,881600
2013-10-29,27.459138870239258,27.463064124533386,27.207976489066898,27.317859656568338,795800
2013-10-30,27.19620132446289,27.447363683509433,27.160880027110863,27.427740407859254,568400
2013-10-31,27.137327194213867,27.286453869143106,27.02744406594067,27.184418252564843,915400
2013-11-01,26.964658737182617,27.35317503616068,26.9057919054365,27.137333978546838,1541400
2013-11-04,27.06669044494629,27.196196857144837,26.905787994501246,27.11378150822503,850800
2013-11-05,27.12163543701172,27.231518590648395,26.94111268545269,26.992129008472183,737400
2013-11-06,27.5297794342041,27.62788983632593,27.192279411377655,27.231522973408016,905400
2013-11-07,27.04315185546875,27.545476619998887,26.976434508545395,27.545476619998887,1063200
2013-11-08,27.117719650268555,27.121644905437744,26.803768100859035,27.00391120310141,653200
2013-11-11,27.12555694580078,27.255060362369427,27.019596066500746,27.129479204966735,430800
2013-11-12,27.15302085876465,27.168718873728636,26.8822353402937,27.02743973314294,771000
2013-11-13,27.392412185668945,27.39633444410552,26.94895146692276,27.019591041956375,644000
2013-11-14,27.549392700195312,27.60433427186028,27.364947706229255,27.39241849206174,658400
2013-11-15,27.506223678588867,27.56901575662176,27.29430790045555,27.529772204896737,711600
2013-11-18,27.384563446044922,27.565086150748684,27.32569663070681,27.486599059691606,712400
2013-11-19,27.200122833251953,27.310005988039215,27.011752566214195,27.294310960862244,743000
2013-11-20,26.925418853759766,27.313935205737472,26.878324783120227,27.23152282768716,1559200
2013-11-21,27.051002502441406,27.117716862998353,26.921496042001127,26.988210402558074,721400
2013-11-22,27.21974754333496,27.25899110152906,26.94896190184003,27.054922802464816,1007800
2013-11-25,26.996047973632812,27.408109703781967,26.952879174175663,27.29822657574219,703400
2013-11-26,27.1334171295166,27.349261248081728,26.964667089754514,27.06277750835823,1266800
2013-11-27,27.23151969909668,27.415967711962434,27.13340930877162,27.25114297479829,717200
2013-11-29,27.07846450805664,27.435587723515052,27.05099372179762,27.239366966210294,451200
2013-12-02,27.04315185546875,27.235447399432868,26.952888970861725,27.10201569967793,818000
2013-12-03,27.015670776367188,27.168725712268422,26.831225790817314,27.011748517206588,971000
2013-12-04,26.917556762695312,27.039215644309728,26.607530661850035,26.82729690875521,1506800
2013-12-05,26.693876266479492,26.968587182439357,26.627161913181787,26.88224955154031,1277000
2013-12-06,27.22367286682129,27.266841679172376,26.862624345876597,26.88224762206948,1411600
2013-12-09,27.423816680908203,27.674979053939825,27.306086002726186,27.337482047878055,1099200
2013-12-10,26.886167526245117,27.41988819630142,26.882242272969282,27.341398101239623,1145800
2013-12-11,27.0549373626709,27.32179789373578,26.929356112410552,27.05885962473706,1731800
2013-12-12,26.6899471282959,27.10985941156485,26.662476343188246,26.9646549793724,1287400
2013-12-13,26.552589416503906,26.819446722873824,26.501570112799754,26.701716086667787,777400
2013-12-16,26.568294525146484,26.74882029188931,26.478034635866806,26.564372264980747,1131000
2013-12-17,26.481948852539062,26.599679484367847,26.301423161038727,26.544737924029654,940800
2013-12-18,26.705644607543945,26.788056961200574,26.136602650261064,26.4858753370353,2180600
2013-12-19,26.843002319335938,26.894018642393846,26.536898392805707,26.70172312338485,879000
2013-12-20,26.925418853759766,27.074545586313874,26.74097081970304,26.86262675957371,1366200
2013-12-23,26.835147857666016,27.07846265797271,26.75273550451962,27.06276463916993,803600
2013-12-24,26.952880859375,27.035293210557573,26.803754175438563,26.86654325506253,290200
2013-12-26,27.058834075927734,27.1255513912697,26.882236638711028,26.937178196693576,772800
2013-12-27,27.12986183166504,27.185099818571356,27.023329278171055,27.07856726507737,1049200
2013-12-30,27.279808044433594,27.36266507024344,27.149602856626906,27.1574957220828,695200
2013-12-31,27.1929931640625,27.358707146077588,27.09829989008886,27.34292744228607,644000
2014-01-02,26.964149475097656,27.208777037720743,26.865509765849723,27.173268187309105,941400
2014-01-03,27.047006607055664,27.153536157220472,26.96020319049819,27.027277463203617,696200
2014-01-06,26.936527252197266,27.20088392912035,26.84578041629019,27.133806647075723,824400
2014-01-07,27.17721176147461,27.264015187741222,26.96020620605312,26.96020620605312,1211000
2014-01-08,26.885236740112305,27.192992126467367,26.699793620066355,27.133807703650287,2073600
2014-01-09,27.17721176147461,27.212723622331428,26.826054635392428,26.897075346861016,1249000
2014-01-10,27.402099609375,27.43761145653354,27.157475149979284,27.244278542762494,1013400
2014-01-13,27.315303802490234,27.54020217135462,27.228500395166368,27.260062807629634,1222800
2014-01-14,27.59939193725586,27.615174653391,27.252181213018627,27.315312077559202,1377800
2014-01-15,27.520475387573242,27.623061515040582,27.386326844938345,27.552040812985446,2189800
2014-01-16,27.453401565551758,27.481020560678278,26.81026880579248,26.81026880579248,1809200
2014-01-17,27.204822540283203,27.437613750413416,27.082510300359615,27.437613750413416,1877800
2014-01-21,27.595441818237305,27.64278694490633,27.24428474763403,27.342924441853928,2380400
2014-01-22,27.627010345458984,27.784834493180508,27.555989629496562,27.674358492849013,1148200
2014-01-23,27.39421272277832,27.55598023662418,27.256117769435704,27.46128698436699,1445000
2014-01-24,27.22060775756836,27.654621787502087,27.196935195465702,27.279792173069417,1718000
2014-01-27,27.27584457397461,27.504689365309908,27.200880460446644,27.23638930207921,1972400
2014-01-28,27.46918487548828,27.528366287585058,27.24822989942951,27.24822989942951,2156200
2014-01-29,25.764692306518555,26.474896380683347,25.433261330379047,26.31312882882859,6827400
2014-01-30,25.539798736572266,25.666057463248197,25.17285733669674,25.662111031408028,4184600
2014-01-31,25.322784423828125,25.433260408455038,25.034756674534815,25.255710148911046,2562800
2014-02-03,24.86903953552246,25.38196715596665,24.80985662132511,25.271491178700423,2738400
2014-02-04,25.062374114990234,25.137339742030512,24.87298607947613,24.920332712074078,2142400
2014-02-05,25.030805587768555,25.133391701659946,24.88876570757775,24.93216590409259,2693000
2014-02-06,24.884828567504883,25.15312872767658,24.790135278692922,25.10183565158187,3234000
2014-02-07,24.872987747192383,25.19257942005982,24.75856533104661,24.979518806522332,2416800
2014-02-10,25.220197677612305,25.235980390781645,24.813802596797252,24.876931944352236,1960800
2014-02-11,25.484548568725586,25.516113991619164,25.086046393110706,25.192575932571017,1822800
2014-02-12,25.366182327270508,25.634482396924458,25.330670474543474,25.46482201449263,1317000
2014-02-13,25.6384334564209,25.65026973938555,25.283329916256776,25.291219768151578,1460400
2014-02-14,25.843599319458008,25.930402730109048,25.488495825996704,25.55162667383183,2009600
2014-02-18,26.096115112304688,26.1671358067024,25.82781504571825,25.84359775672267,1786600
2014-02-19,25.823875427246094,26.08823214349687,25.796256428264087,25.989592431383254,1474200
2014-02-20,26.092182159423828,26.119801165386562,25.760754087871046,25.760754087871046,1074400
2014-02-21,26.029048919677734,26.198709352780533,25.989593635053996,26.076394057128113,890400
2014-02-24,26.139522552490234,26.30129311811003,26.072448273682262,26.100067271441134,1067000
2014-02-25,26.119792938232422,26.23421535839347,25.981697951915613,26.17897736386675,1288000
2014-02-26,25.890949249267578,26.27761518319326,25.883056387619053,26.175029053475445,1186600
2014-02-27,26.017202377319336,26.021145797055226,25.697607774311912,25.875161000481388,1326200
2014-02-28,26.19870376586914,26.249995323917474,25.981695231348084,26.009314225719436,1228600
2014-03-03,26.088228225708008,26.230269630640215,25.859383405512272,25.95802310281271,1522600
2014-03-04,26.44333267211914,26.502517101376373,26.242109826987722,26.242109826987722,1238000
2014-03-05,26.368364334106445,26.443328456318802,26.24210564326788,26.40387317985262,1337600
2014-03-06,26.356525421142578,26.455165107583614,26.324959999022806,26.384144412936294,935800
2014-03-07,26.431495666503906,26.470950948182878,26.313129821466994,26.423605814266125,824000
2014-03-10,26.415714263916016,26.573538408716445,26.313131128504143,26.39993455865664,1133800
2014-03-11,26.514354705810547,26.581432001107135,26.427554283521037,26.486735705480868,917600
2014-03-12,26.798431396484375,26.802377827120665,26.392036338039418,26.392036338039418,1038400
2014-03-13,26.640607833862305,26.91680078945901,26.58931627550967,26.829997375135605,1362400
2014-03-14,26.69190216064453,26.822107280950043,26.534078046054024,26.534078046054024,1022200
2014-03-17,26.822114944458008,26.889189233993676,26.656397921155435,26.76687392986017,1085800
2014-03-18,26.89312171936035,27.01148752005575,26.822101034845552,26.82999088412768,795200
2014-03-19,26.68796157836914,27.003609876721402,26.534083860739862,26.908913581068564,636400
2014-03-20,26.648496627807617,26.75897258908596,26.56169322673344,26.65638647779428,1289000
2014-03-21,26.648496627807617,26.972034661655982,26.593258647168444,26.75897258908596,2704600
2014-03-24,26.636672973632812,27.027285453374866,26.60905397022167,26.77871442267458,2123200
2014-03-25,28.09259033203125,28.404292200473357,27.627010745151882,27.721707041301954,3273200
2014-03-26,28.053125381469727,28.203059626925302,27.67829578831929,28.175440635958893,2085400
2014-03-27,27.922922134399414,28.100475382633242,27.83217530529176,27.946597706977258,1350600
2014-03-28,28.139936447143555,28.22673987388739,28.001841454707943,28.021567590630134,1182400
2014-03-31,28.305646896362305,28.364831317213646,28.171498351994302,28.27802790133097,1651800
2014-04-01,28.258302688598633,28.313540680461085,28.07285956866977,28.24251997517439,1023200
2014-04-02,28.132043838500977,28.321430378072648,28.029457706923537,28.274085248302118,1228800
2014-04-03,28.187570571899414,28.251030745486535,28.02099215515465,28.155840485105852,1381000
2014-04-04,27.87820816040039,28.338282288214483,27.87027412619212,28.243095059347336,1156200
2014-04-07,27.786977767944336,28.068575390881772,27.755250717122845,27.846470905397975,1651600
2014-04-08,28.25102996826172,28.26689198527449,27.759222714334683,27.858376963375974,1594200
2014-04-09,28.132043838500977,28.350184398162458,28.036856606079404,28.286724225916366,988600
2014-04-10,27.989255905151367,28.401737864796626,27.973390865248053,28.104275174990164,1165200
2014-04-11,27.763195037841797,28.219305275795964,27.668007787834668,27.941671509848675,1026400
2014-04-14,27.93373680114746,28.044789082442804,27.77508938817652,27.99719395076721,1019800
2014-04-15,27.838546752929688,28.00115814099419,27.683866373036476,28.00115814099419,1051200
2014-04-16,28.21135902404785,28.21135902404785,27.969422472831557,28.001152551077226,678000
2014-04-17,28.151880264282227,28.251034529331765,27.99323283501336,28.128081183025678,1747200
2014-04-21,28.128082275390625,28.2074075060797,27.96150382986579,27.98529988609844,811400
2014-04-22,28.421581268310547,28.441410306646095,28.04479322855713,28.151881534172123,1389200
2014-04-23,28.389846801757812,28.50883009128362,28.35018570524921,28.405711845550794,961200
2014-04-24,28.274818420410156,28.488991903890437,28.21532528178562,28.373972642802133,648600
2014-04-25,28.219295501708984,28.33034775924439,28.124108284671077,28.270854613865545,705600
2014-04-28,28.532621383666992,28.623841578148888,28.322414906181812,28.334312929292764,836400
2014-04-29,28.33034896850586,28.66747277211311,28.33034896850586,28.655574747718898,777000
2014-04-30,28.2391300201416,28.373981377600355,28.072551601469904,28.2748271246842,1744800
2014-05-01,28.2470645904541,28.306557748521286,27.973397878913698,28.294656696149673,710400
2014-05-02,28.39777374267578,28.55245411506463,28.13997211337861,28.191534254806406,899600
2014-05-05,28.286724090576172,28.389845357008895,28.132043703900862,28.262928039071525,634600
2014-05-06,28.009096145629883,28.294657869488294,28.001162110386463,28.219302690362863,647000
2014-05-07,28.500896453857422,28.520728513256557,27.973395143693644,28.080483422933092,742600
2014-05-08,28.159793853759766,28.500884556599306,28.064606665462684,28.48105250547876,1028400
2014-05-09,28.219295501708984,28.247058566092836,28.068579129956305,28.124108284671077,911000
2014-05-12,28.318458557128906,28.409678785972613,28.247067365623913,28.358119657754347,917800
2014-05-13,28.290693283081055,28.38984753990446,28.231200123797457,28.326387363082546,690600
2014-05-14,28.06463050842285,28.342261304301275,28.032900410051393,28.290702163909202,781200
2014-05-15,27.953569412231445,28.120147837450375,27.870277173674204,28.032891607303,719600
2014-05-16,28.068584442138672,28.167738694553382,27.93373611130954,27.94166712008575,1327600
2014-05-19,28.060651779174805,28.132042957742758,27.94166547291239,28.017023668608417,831200
2014-05-20,27.858379364013672,28.068585905943713,27.78302418589304,28.00909577215053,929000
2014-05-21,28.040815353393555,28.0606474099985,27.76318471660629,27.91786507509448,954000
2014-05-22,28.044784545898438,28.084445636238637,27.88613715859041,28.01305446324739,608800
2014-05-23,28.052724838256836,28.10825098231076,28.001162685958263,28.072553874877293,477000
2014-05-27,28.449338912963867,28.50089803393364,28.112212040172967,28.187570238930594,858400
2014-05-28,28.270854949951172,28.492959467662374,28.26688793329287,28.477097452923378,687200
2014-05-29,28.600051879882812,28.627814948619513,28.262928037809306,28.278793080794216,557400
2014-05-30,28.679365158081055,28.726960272247805,28.54848388952905,28.60797399980423,826800
2014-06-02,28.52866554260254,28.715076046886793,28.46917237779615,28.56832664382411,614600
2014-06-03,28.71903419494629,28.746797259821598,28.445367536927435,28.445367536927435,990000
2014-06-04,28.988740921020508,29.00857298539723,28.647653016136655,28.742840268058934,1051600
2014-06-05,28.921321868896484,28.933219899251736,28.754743392025546,28.933219899251736,822600
2014-06-06,28.957006454467773,29.0442626739102,28.786461032634133,28.8816482602316,524400
2014-06-09,28.98079490661621,29.08391614127951,28.901472742073125,28.984761922627346,567000
2014-06-10,28.778532028198242,28.90941638023674,28.65161469390429,28.877686290176264,895600
2014-06-11,28.635751724243164,28.86975737296373,28.489005342486962,28.746807047503527,783000
2014-06-12,28.49297332763672,28.60799265910003,28.405720100340815,28.60799265910003,472200
2014-06-13,28.4414005279541,28.56038682085032,28.298618186857492,28.477097626201818,695400
2014-06-16,28.338279724121094,28.45329900215435,28.28672061022226,28.381907830476713,1130200
2014-06-17,28.409666061401367,28.492955243194313,28.27481777448326,28.461228192473186,939000
2014-06-18,28.79835319519043,28.818185250461802,28.30654908911767,28.34224315746999,871800
2014-06-19,28.750778198242188,28.949086785947443,28.6000647609278,28.845968499023925,854200
2014-06-20,28.754728317260742,28.8340504953433,28.695235170725258,28.74283029314307,1219600
2014-06-23,28.274818420410156,28.79438557744117,28.187562220553737,28.758691509834485,1295200
2014-06-24,28.278793334960938,28.32638543839586,28.100313869237247,28.235165222847204,1004200
2014-06-25,28.231191635131836,28.36207594101139,28.15186946390313,28.199461556261607,1127600
2014-06-26,27.87027359008789,27.973394851179705,27.132568798123447,27.90200367441574,1961200
2014-06-27,28.38587760925293,28.42157471153877,27.846478265413886,27.870274316306133,1755400
2014-06-30,28.39380645751953,28.4731316643715,28.151872897975927,28.35811238389657,1215000
2014-07-01,28.41761016845703,28.588155608576656,28.26292977229594,28.33035393965893,1069600
2014-07-02,28.27408218383789,28.41760569069225,28.122586500671375,28.41760569069225,1075600
2014-07-03,28.31793212890625,28.39766908726641,28.186368428852447,28.29002495389368,860000
2014-07-07,28.365768432617188,28.501316671292003,28.337861263381,28.345833436739916,749600
2014-07-08,28.25813865661621,28.46545176895589,28.22624690534884,28.313953023402696,919400
2014-07-09,28.122594833374023,28.369774955452353,28.070768067852672,28.270105992919127,789600
2014-07-10,28.078733444213867,28.110628234495,27.939197538802187,27.939197538802187,678800
2014-07-11,28.12656593322754,28.1863648423212,27.971082686276894,28.01094963955719,855000
2014-07-14,28.070756912231445,28.242184539672273,27.95115298806132,28.18637018616732,599800
2014-07-15,27.871421813964844,28.090691641020296,27.847499201780032,28.026905105721156,766800
2014-07-16,27.891353607177734,28.010957542416588,27.751817710502017,27.919260786512876,1216400
2014-07-17,27.648164749145508,27.855477858180752,27.608297779455594,27.84750263924988,845000
2014-07-18,28.02690315246582,28.038862936897505,27.65214701811718,27.703973764539217,1625200
2014-07-21,28.014934539794922,28.06676431716556,27.827559552977803,27.939188240155183,1710600
2014-07-22,27.919265747070312,28.038869703559808,27.819596797214057,28.006974909608616,1585200
2014-07-23,27.668092727661133,27.97108709532846,27.66410511920847,27.907297526702056,1703400
2014-07-24,27.656129837036133,27.775730702293476,27.608287665940974,27.751811137572748,805000
2014-07-25,27.596330642700195,27.703971736359282,27.520581291306097,27.580383250740702,510000
2014-07-28,27.40895652770996,27.616266569664322,27.34915455968225,27.56842742856571,975400
2014-07-29,27.149816513061523,27.576399421055992,27.145828904111738,27.460783094747566,998000
2014-07-30,26.86277198791504,27.257463185803157,26.76310304652698,27.165766421398068,1693600
2014-07-31,26.22489356994629,26.779052687189896,26.200973995337346,26.731213537972003,1661800
2014-08-01,26.460107803344727,26.53186955236517,25.882026202442777,25.882026202442777,1850800
2014-08-04,26.58767318725586,26.62355252647148,26.380360199611044,26.488004300563976,910600
2014-08-05,26.468090057373047,26.671415597293226,26.43221069002824,26.488025067001555,1347000
2014-08-06,26.874731063842773,26.922570202371126,26.44416056716192,26.44416056716192,1585000
2014-08-07,26.71525764465332,26.986357223403996,26.68336286088171,26.914595480744875,900800
2014-08-08,27.046167373657227,27.054142593739375,26.69134612138307,26.731216138483298,725800
2014-08-11,27.257465362548828,27.36111887987866,27.058127463853836,27.058127463853836,1030800
2014-08-12,27.261449813842773,27.385041378830017,27.201650877814192,27.23753023943134,826800
2014-08-13,27.233531951904297,27.3252286872866,27.14582282457872,27.3252286872866,982000
2014-08-14,27.40895652770996,27.42490392196098,27.23752584157956,27.293340200630908,463800
2014-08-15,27.33719825744629,27.652152490309806,27.197662342039624,27.488693959651403,738200
2014-08-18,27.536537170410156,27.624246332393565,27.373081675340583,27.440855830816872,779200
2014-08-19,27.656129837036133,27.72390396484733,27.44482919593946,27.5325383221204,563400
2014-08-20,27.656129837036133,27.719916356842642,27.536525930125087,27.580380493215557,571400
2014-08-21,27.8315486907959,28.00696696611941,27.684040633504857,27.688025200377407,741600
2014-08-22,27.536537170410156,27.94717275455525,27.524577383167866,27.83554401808726,868400
2014-08-25,27.684038162231445,27.759784467551594,27.576394033199605,27.68403816223145,712000
2014-08-26,27.803647994995117,27.895344762556547,27.696006872918904,27.719926446345884,525200
2014-08-27,27.7398624420166,27.851491177532978,27.684048074258413,27.771757235494114,1090200
2014-08-28,27.69999122619629,27.73188297313173,27.58835946613166,27.68005622291399,851000
2014-08-29,27.783716201782227,27.86743775094601,27.628232890241655,27.783716201782227,754800
2014-09-02,27.719921112060547,27.847497215212325,27.67606654144704,27.795670468875556,1401400
2014-09-03,27.688030242919922,27.883383554800332,27.664110670711974,27.83952897798266,582200
2014-09-04,27.56843376159668,27.799666468873657,27.500659601701578,27.684050115235166,569200
2014-09-05,27.723899841308594,27.723899841308594,27.41691794533453,27.54449400762611,461800
2014-09-08,27.56045150756836,27.735869798200348,27.50862475881544,27.62424108294522,614200
2014-09-09,27.373071670532227,27.60828884473905,27.313269714523326,27.60828884473905,781000
2014-09-10,27.49268341064453,27.52457820534666,27.229558958489537,27.337200088540435,555600
2014-09-11,27.480714797973633,27.484702406444587,27.321243917329994,27.39300566153693,463800
2014-09-12,27.209613800048828,27.436858804624837,27.117917059904094,27.412939238349647,524400
2014-09-15,27.261449813842773,27.345171365937716,27.165768474542112,27.30131982673507,617200
2014-09-16,27.393007278442383,27.496663813227308,27.25745899896953,27.25745899896953,907000
2014-09-17,27.10198211669922,27.357134384372376,26.97041837321479,27.3132798032109,1070600
2014-09-18,27.305301666259766,27.31726145227042,27.014270067818455,27.225567731752328,824400
2014-09-19,27.209613800048828,27.472741195691523,27.205626191784994,27.400979455212052,1332800
2014-09-22,26.78702163696289,27.16576234068297,26.7431670660074,27.13386755423275,1271400
2014-09-23,26.51593017578125,26.826896835001428,26.499982777660318,26.77507007234979,1928400
2014-09-24,26.727224349975586,26.77107892860551,26.531874071677127,26.531874071677127,1525800
2014-09-25,26.36043357849121,26.731202033636656,26.27671206173626,26.687347471290682,1183400
2014-09-26,26.468090057373047,26.511944645231427,26.232872760364845,26.380380881656286,836000
2014-09-29,26.623567581176758,26.65546237295029,26.328548361408483,26.34050814790987,1562800
2014-09-30,26.671417236328125,26.810953187336303,26.539853464668013,26.551813254517914,2141400
2014-10-01,26.157114028930664,26.806954352476872,25.977711172988844,26.806954352476872,3040800
2014-10-02,26.910612106323242,27.847499475027302,26.224889355615918,27.109949973777486,7044000
2014-10-03,27.3172607421875,27.353143140941363,26.926560214940416,27.101978516282525,1829000
2014-10-06,27.18170738220215,27.43287196004534,27.05811889746797,27.43287196004534,1328200
2014-10-07,26.854793548583984,27.30529596360836,26.850805940195027,27.137852911120078,1791600
2014-10-08,27.367916107177734,27.37192574008689,26.798670572228843,26.878847938143057,1368000
2014-10-09,27.147436141967773,27.572365490961467,27.115365194527598,27.36391044950811,1761200
2014-10-10,27.107357025146484,27.391979886557124,27.107357025146484,27.203566837542596,1319800
2014-10-13,26.91893196105957,27.267693522248795,26.914922328616758,27.06324814446664,1493000
2014-10-14,27.051227569580078,27.323824518121928,26.946998514958597,27.079288885233474,1083600
2014-10-15,26.63831901550293,26.991093310162693,26.40180266654131,26.874838422918344,2137600
2014-10-16,26.52206802368164,26.6222874408356,26.233435612925618,26.30960029021398,1205000
2014-10-17,26.89889144897461,26.991094660177996,26.542110561996793,26.642329981000763,2237200
2014-10-20,27.235637664794922,27.247663508980317,26.850795358588332,26.858811568560338,1003400
2014-10-21,27.299774169921875,27.355896810259107,27.09933529487332,27.263696640471302,1724000
2014-10-22,27.371925354003906,27.596415858489685,27.295757622073204,27.359899513899848,983800
2014-10-23,27.35188865661621,27.568359937738084,27.315808070793008,27.4881856157266,702400
2014-10-24,27.6685733795166,27.680602277823095,27.251663325168447,27.391969887540775,1175000
2014-10-27,27.724700927734375,27.885049547828856,27.576375089847712,27.576375089847712,901000
2014-10-28,27.969236373901367,27.969236373901367,27.74875546931799,27.81690394572808,690200
2014-10-29,27.78884506225586,28.017345253755224,27.508231865135397,27.957212980528137,1219200
2014-10-30,28.00531768798828,28.12157259348777,27.636510920616693,27.64853676283142,898800
2014-10-31,28.350080490112305,28.36611597024952,28.101535135668144,28.26188687858518,1187800
2014-11-03,28.514421463012695,28.590589182715494,28.28592136235755,28.322001935331123,1047200
2014-11-04,28.70684814453125,28.899267699663827,28.249847878024262,28.249847878024262,1617600
2014-11-05,29.10371971130371,29.16385197655443,28.887245391473563,28.939361448636078,1412800
2014-11-06,29.211957931518555,29.2600612961837,29.031561138662237,29.10371924411396,1510600
2014-11-07,29.167861938476562,29.203939462961067,28.971429665880635,29.119755514043135,1135800
2014-11-10,29.276090621948242,29.288116460588842,29.031555041411455,29.151819544724205,702600
2014-11-11,29.352262496948242,29.456491544000567,29.244023816964035,29.268078556101525,862600
2014-11-12,29.356273651123047,29.39235117401812,29.059621967867297,29.1758768612858,806400
2014-11-13,29.368303298950195,29.528655002328662,29.308171027876476,29.38433877513348,788200
2014-11-14,29.079666137695312,29.46049869542966,29.04358555750938,29.376314752934295,1070600
2014-11-17,29.067638397216797,29.231996638454437,28.947373882396153,29.079664237008128,1841000
2014-11-18,29.063640594482422,29.16786967918863,28.999498678215556,29.10372776292176,1788000
2014-11-19,29.183897018432617,29.19992943457275,28.975438907162268,29.067642121465315,1470600
2014-11-20,29.003503799438477,29.17588134951384,28.987468322866995,29.06764570572439,1054000
2014-11-21,29.063640594482422,29.21998269231428,28.927343610097687,29.171876255114128,1711000
2014-11-24,29.10371971130371,29.207948767174685,29.043587446052992,29.123764819205302,809400
2014-11-25,29.207944869995117,29.316180486241418,28.983454372030252,29.083673781257943,1833800
2014-11-26,29.19593048095703,29.32421125274237,29.1558433132344,29.308175773962347,1722600
2014-11-28,29.797245025634766,29.965612953013895,29.32420914029248,29.35628009554221,863400
2014-12-01,29.628868103027344,29.80525218644195,29.536664899290624,29.717058615507796,1125400
2014-12-02,29.62085723876953,29.74512836481259,29.5406829107007,29.628876506649156,855200
2014-12-03,29.396364212036133,29.58477723152197,29.26006419558613,29.58477723152197,964600
2014-12-04,29.28011131286621,29.53266319506309,29.17187260731432,29.42442754796572,752200
2014-12-05,29.396364212036133,29.476538533391917,29.191915716588284,29.30015135626402,766400
2014-12-08,29.368303298950195,29.576758372424152,29.215967804436193,29.45248725507166,871000
2014-12-09,29.360280990600586,29.432439096724305,29.079667832593923,29.207948570318976,989200
2014-12-10,29.059621810913086,29.47252532690324,29.01552502197686,29.37230590813072,917400
2014-12-11,29.376319885253906,29.536671590692638,29.115748746222767,29.115748746222767,1049200
2014-12-12,29.055618286132812,29.448476736224098,29.031563543353773,29.175879766210972,999800
2014-12-15,28.80306053161621,29.284115579937975,28.68279906337624,29.06363163381709,1128200
2014-12-16,28.81508445739746,29.404375093813336,28.66676168391439,28.799048984340473,1323400
2014-12-17,29.256044387817383,29.27207679807357,28.770979870112175,28.89124435620408,1006200
2014-12-18,29.77718734741211,29.77718734741211,29.4043710607203,29.464503311822853,1338200
2014-12-19,30.582950592041016,30.69118619167169,29.74511486912071,29.93753745101802,4675600
2014-12-22,30.695201873779297,30.743308293348637,30.402559840359938,30.566921146714844,1279400
2014-12-23,30.779394149780273,30.899658702046462,30.67516507504655,30.82750058237767,647600
2014-12-24,30.71925926208496,30.795427009275212,30.623049463523945,30.783401166761877,341600
2014-12-26,30.69120216369629,30.871599001565404,30.643098787028347,30.715256910485035,490800
2014-12-29,30.59849739074707,30.707301441124702,30.46551227121744,30.646856454534966,582200
2014-12-30,30.56625747680664,30.77983795770683,30.469542425449507,30.57431885788743,763400
2014-12-31,29.9416446685791,30.63477299735347,29.9295525933447,30.586416994483727,1079800
2015-01-02,29.80059814453125,30.21567330799864,29.538661596797706,30.03029838183959,926400
2015-01-05,29.296865463256836,29.792535949915766,29.256567774593353,29.699848498924837,1345200
2015-01-06,29.163894653320312,29.502399058152243,29.034940155119898,29.405683953131373,2252600
2015-01-07,29.9416446685791,30.070599133760027,29.232393572825533,29.329108653081985,2192200
2015-01-08,30.433286666870117,30.48164575254121,30.014186889123952,30.05448458992445,795600
2015-01-09,30.074630737304688,30.513883960200882,30.058511042705824,30.453435874084494,761800
2015-01-12,29.683744430541992,30.163292355022982,29.603145944629063,29.80463754763458,850000
2015-01-13,29.760305404663086,30.034334073253877,29.470157040917837,29.844931498335868,1408400
2015-01-14,29.764333724975586,29.792542420618386,29.433887686938245,29.67567694595043,1391800
2015-01-15,29.788522720336914,30.062551468203882,29.711957989350015,29.921507937945524,1448800
2015-01-16,29.96583366394043,30.054490467750835,29.667626930274775,29.824790146295733,1493600
2015-01-20,30.493738174438477,30.501799560212955,29.937622462195183,30.04642657400793,1551400
2015-01-21,30.215673446655273,30.473582378342293,30.05850721297017,30.376864223071923,1867400
2015-01-22,30.296281814575195,30.437325341624955,30.038372772393263,30.38896931778978,1593000
2015-01-23,29.89330291748047,30.235838125916228,29.85300520022663,30.21971842411094,1406800
2015-01-26,29.949708938598633,30.082694121993093,29.699858267480334,29.844932453998368,1296200
2015-01-27,29.385534286499023,29.76433947938094,29.337178270058153,29.659562986229336,2954600
2015-01-28,28.958370208740234,29.957766726750073,28.503000343427104,28.547325662601367,3504800
2015-01-29,29.256576538085938,29.280757618140466,28.494938618494306,28.95836986323166,2142000
2015-01-30,28.768957138061523,29.099403086728138,28.684331074020655,29.026866021190763,2208000
2015-02-02,29.264638900756836,29.284786214538382,28.49090887802671,28.78508794479915,1736400
2015-02-03,29.587024688720703,29.591055381433467,29.321057385514596,29.4097141780892,1109400
2015-02-04,29.695825576782227,29.885228125411164,29.486272643377728,29.546720723187374,1373600
2015-02-05,29.788522720336914,29.824792813556705,29.587031084391153,29.740166695401687,934200
2015-02-06,29.957765579223633,30.12702083707151,29.635380907334756,29.780455085765844,1626800
2015-02-09,29.72805404663086,29.94566523183532,29.603130302621647,29.8731281701005,1024200
2015-02-10,29.9456729888916,30.090747149940913,29.695825436153267,29.78448220951863,582800
2015-02-11,29.80865478515625,30.090741672224926,29.57895458439562,29.961787227491175,837000
2015-02-12,29.9456729888916,29.957761989892873,29.65955535863242,29.707914437154535,921000
2015-02-13,30.078664779663086,30.12702386884577,29.71195167887695,29.80463608999662,912200
2015-02-17,30.05044937133789,30.195523531982836,29.808660128435328,30.07059975596187,1144600
2015-02-18,30.534038543701172,30.61463703588858,29.861057275156362,29.93359438086598,1146600
2015-02-19,30.34060287475586,30.52194406927632,30.26000439701089,30.477615675145973,744200
2015-02-20,30.562236785888672,30.582387170667577,30.086719680083863,30.312389231925746,1058000
2015-02-23,30.376869201660156,30.622689172856056,30.272095794720993,30.55821346662561,626600
2015-02-24,30.388959884643555,30.461493897880775,30.0867225314191,30.32045041461283,959000
2015-02-25,30.409109115600586,30.546124989790265,30.255976620463922,30.336572023269,686200
2015-02-26,30.376869201660156,30.489707067969043,30.235825711920906,30.41313928446024,632400
2015-02-27,30.376869201660156,30.49776537830379,30.312393495429706,30.41313928446024,692600
2015-03-02,30.384923934936523,30.46551931871079,30.17940170944029,30.37686255184901,1030400
2015-03-03,30.32447624206543,30.397013318183273,30.11895401397874,30.276117166481253,583000
2015-03-04,30.159252166748047,30.296268012402976,29.90537393371864,30.215672626382595,785800
2015-03-05,30.114927291870117,30.284179449669374,29.869107364082986,30.284179449669374,853200
2015-03-06,29.599102020263672,29.97790704842571,29.49835626379645,29.92552036188869,903200
2015-03-09,29.752246856689453,29.816722562274776,29.546724588258662,29.615230986229772,547600
2015-03-10,29.224336624145508,29.752246640214253,29.21627831395002,29.619261463107954,964400
2015-03-11,29.087324142456055,29.22433693887694,28.92209957375355,29.220309320994538,947800
2015-03-12,29.393590927124023,29.409710621507987,28.752846142060054,28.797174532986627,1853000
2015-03-13,29.00672721862793,29.46612774353426,28.905981435542905,29.401648966591537,1247600
2015-03-16,29.264638900756836,29.292847599665077,29.006729918019325,29.063147315835806,1198000
2015-03-17,29.022855758666992,29.200169393568757,28.77703877553305,29.107484956792703,1334000
2015-03-18,29.212244033813477,29.38149927230552,28.615830768039594,29.00269417477545,2106000
2015-03-19,29.17596435546875,29.28074077672745,28.962383897356737,29.188053351284037,960400
2015-03-20,29.369413375854492,29.466131553775124,29.2122501798806,29.22433918349125,2125600
2015-03-23,29.498367309570312,29.671650198561025,29.369412815985434,29.405682900643683,2193800
2015-03-24,30.272092819213867,31.348057002417004,30.22373373840623,30.437314298234885,5559200
2015-03-25,30.622682571411133,31.223129558245127,30.44537211161276,30.570295879234745,3682400
2015-03-26,30.969253540039062,31.118358407923587,30.594479098722697,30.69522488322153,2373600
2015-03-27,31.162694931030273,31.186872941773743,30.896724514779518,31.025679029608266,1692600
2015-03-30,31.440750122070312,31.47702021137003,31.041797586881664,31.215080498047325,1837200
2015-03-31,31.07403564453125,31.529405566110768,31.07403564453125,31.364184048358798,1997200
2015-04-01,30.899837493896484,31.07402390927257,30.66893950984435,31.053771543630376,1931800
2015-04-02,31.13479232788086,31.32518252153474,30.928198384708644,30.928198384708644,1710600
2015-04-06,31.705968856811523,31.778884205155613,31.09429336350565,31.09429336350565,3056600
2015-04-07,31.5479793548584,31.88014851710332,31.535827314497517,31.685709690230375,1053600
2015-04-08,31.55608367919922,31.665455136128855,31.37379379691713,31.547980258360273,954600
2015-04-09,31.5479793548584,31.65330218890174,31.325184736960257,31.53177560419408,1246000
2015-04-10,31.495315551757812,31.73026527123903,31.434552266988664,31.568230875370983,855000
2015-04-13,31.410259246826172,31.673564846486034,31.381903449358195,31.519630725474045,1078000
2015-04-14,31.511526107788086,31.637101323702854,31.223916461001206,31.39405122266955,1270800
2015-04-15,31.418346405029297,31.87609377435788,31.377838581424253,31.600636247075233,1192000
2015-04-16,31.385955810546875,31.475071825470188,31.256328863644544,31.402156474678243,1375200
2015-04-17,30.976818084716797,31.313039025218128,30.794528170813035,31.191512415948957,1135400
2015-04-20,31.057819366455078,31.37378469542348,31.017311545660164,31.045667329271463,1107000
2015-04-21,30.871488571166992,31.179353648513278,30.84718449077497,31.06187877570286,927200
2015-04-22,31.146955490112305,31.175311289258076,30.8228865651175,30.976820695237674,1184200
2015-04-23,30.87553596496582,31.175297579908015,30.87148425528379,31.00921456953223,1015800
2015-04-24,30.72159767150879,30.952498733350122,30.6891932701622,30.940343605978054,747400
2015-04-27,30.677047729492188,30.790470884594995,30.515013326252806,30.76616371525212,1067400
2015-04-28,30.774267196655273,30.810723314918594,30.502861347753246,30.640588581924714,850200
2015-04-29,30.56767463684082,30.871487998300932,30.5433705568998,30.770216877814228,960000
2015-04-30,30.50286865234375,30.802630361862697,30.425901596846344,30.583884328251596,1762600
2015-05-01,30.851238250732422,30.940354248273692,30.5960330274632,30.624388819987605,797200
2015-05-04,31.00112533569336,31.094296157719526,30.749974850366982,30.782379271004004,734600
2015-05-05,30.71351432800293,31.082142798422712,30.616294889104953,30.912004917163454,919600
2015-05-06,30.697296142578125,30.89983834788999,30.458297823773545,30.810719283064962,871600
2015-05-07,31.025413513183594,31.102380540145404,30.563617532510307,30.664888635123724,1099000
2015-05-08,31.223922729492188,31.430513657043193,31.098344397816696,31.248226817309874,852400
2015-05-11,31.155052185058594,31.345439315037062,31.098337508464358,31.134796722664248,962000
2015-05-12,31.38188934326172,31.42644887504628,30.92009336890239,31.00921243247151,1377600
2015-05-13,31.272512435913086,31.5763257164066,31.227952907530156,31.406191021061876,890200
2015-05-14,31.981407165527344,31.9976109098709,31.45074767310584,31.462899708726454,1231600
2015-05-15,32.1353645324707,32.1434648652519,31.961178017445462,31.99763415078656,912200
2015-05-18,32.001678466796875,32.09484927027628,31.87205153840146,32.050289723901315,675400
2015-05-19,32.248779296875,32.30954259376203,31.916610109848857,31.985473737397648,951000
2015-05-20,32.08675003051758,32.244732773508886,32.03813876707788,32.244732773508886,731000
2015-05-21,32.155616760253906,32.19207598397603,31.99358538097922,32.12321233872924,865400
2015-05-22,31.912540435791016,32.119134292696124,31.896336693038858,32.06647444666255,635600
2015-05-26,31.74241828918457,31.989520055131717,31.60063934738272,31.91660472926946,641600
2015-05-27,31.932809829711914,31.989521408832516,31.67355601357507,31.758623382255976,1087000
2015-05-28,31.94901466369629,32.005726244741346,31.750521039489225,31.961166703841748,607000
2015-05-29,31.799129486083984,31.961163885014614,31.77887402726174,31.961163885014614,892400
2015-06-01,31.722169876098633,31.96117136583547,31.600646366368736,31.876103981859593,648600
2015-06-02,31.60063934326172,31.685706708331736,31.398097114842876,31.657350919975062,755800
2015-06-03,31.59658432006836,31.734311537487276,31.402142441334153,31.68570338571534,896800
2015-06-04,31.276573181152344,31.61279405043471,31.244165680138508,31.592538589663718,907000
2015-06-05,31.078083038330078,31.377844700119656,30.85123670946764,31.248217784976912,1529400
2015-06-08,31.06998634338379,31.175309200533086,30.85124338780079,31.029478503111015,815400
2015-06-09,31.00112533569336,31.199615933253,30.997073624157345,31.11454853429887,648400
2015-06-10,31.23607635498047,31.29278795646011,31.053789506017402,31.053789506017402,592600
2015-06-11,31.248214721679688,31.349485835786904,31.19555485494162,31.272518800089696,627200
2015-06-12,31.179353713989258,31.276573126310886,31.061878840932145,31.15099792328922,505400
2015-06-15,31.11858367919922,31.313025552257972,30.879585365166324,31.0173125785652,1077800
2015-06-16,31.6776123046875,31.68976743791355,31.159104546843512,31.191512054346266,779400
2015-06-17,31.705968856811523,31.827495467568372,31.543937496535854,31.710020567983445,617000
2015-06-18,32.046234130859375,32.216368874288925,31.70191293376165,31.803184055881534,968200
2015-06-19,32.09889221191406,32.23257082739017,31.99357247597762,32.0016728054538,984800
2015-06-22,32.491825103759766,32.66601155021043,32.175859710325845,32.20016378965176,908200
2015-06-23,32.512088775634766,32.5850041225791,32.410817632131526,32.512088775634766,1394400
2015-06-24,32.98197555541992,33.32224810440681,32.86450069270713,32.86450069270713,2760000
2015-06-25,33.03464126586914,33.37491075266792,32.94957080362006,33.37491075266792,1163800
2015-06-26,32.998191833496094,33.18048176162891,32.909072725148974,33.13187049601677,1334200
2015-06-29,32.4715690612793,32.9981769605822,32.45941393244209,32.9981769605822,1370600
2015-06-30,32.791587829589844,32.95767395192916,32.56879321713508,32.60930104753146,2364400
2015-07-01,32.23257064819336,32.269029857006515,31.53987658623528,31.689758950379698,4271800
2015-07-02,32.39056396484375,32.57285388759645,32.09080222879179,32.236632930773865,2490000
2015-07-06,32.15966033935547,32.45132169317522,31.997625910505647,32.2933389749478,1972800
2015-07-07,32.64169692993164,32.653848965670356,31.904443553149946,32.15559386654535,1540400
2015-07-08,32.25688171386719,32.62551013908779,32.208273545653384,32.479679453346655,1903600
2015-07-09,32.3220100402832,32.664000427903844,32.29758326479298,32.60293038302678,1974600
2015-07-10,32.57036590576172,32.75357297152077,32.34237433839007,32.34237433839007,1360400
2015-07-13,32.814640045166016,32.83092559937639,32.68435871763483,32.794285432016935,754200
2015-07-14,32.86349105834961,32.97341464768327,32.782063301295665,32.8227787328983,799400
2015-07-15,32.58259582519531,32.883870992938384,32.55409686481629,32.883870992938384,708600
2015-07-16,32.814640045166016,32.8879234860368,32.664004104485755,32.77799987780655,928000
2015-07-17,32.57443618774414,32.810568966231905,32.43601052544941,32.684359799613276,895400
2015-07-20,32.57443618774414,32.66807424486378,32.448223914973546,32.57443618774414,806800
2015-07-21,32.643653869628906,32.75764966908634,32.537799296067334,32.619227085788765,1562600
2015-07-22,32.75764465332031,32.84721365522303,32.570365424865585,32.63143548126763,1204000
2015-07-23,32.6110725402832,32.84313623254229,32.57036021124946,32.757639409725954,904000
2015-07-24,32.525569915771484,32.69249447303201,32.37493090844987,32.53371424381646,1204600
2015-07-27,32.49708938598633,32.57851407564806,32.354594626001884,32.44416364832148,1592600
2015-07-28,33.030418395996094,33.04670395030178,32.46450858501884,32.598862078426876,1579200
2015-07-29,33.140342712402344,33.16884165383665,32.961204734157214,33.00191706389884,1215800
2015-07-30,33.38869094848633,33.40904555966356,32.912347075896086,33.0100603916924,1241000
2015-07-31,33.38869094848633,33.498614546067735,33.27876424475337,33.494542381371666,2230200
2015-08-03,33.40090560913086,33.51082921090079,33.30726445446251,33.30726445446251,1695200
2015-08-04,33.63297653198242,33.76325787984282,33.28691699293004,33.33577055703247,1245600
2015-08-05,34.0116081237793,34.04417923818194,33.702188749259015,33.76325881222587,1013800
2015-08-06,33.96681594848633,34.07267049331732,33.783608907105375,34.07267049331732,938400
2015-08-07,34.02788162231445,34.04009500934921,33.79581795020016,33.82838594690906,1143200
2015-08-10,34.47166442871094,34.589732392101354,34.129677036395954,34.19888832681887,1651000
2015-08-11,34.447227478027344,34.51643874802219,34.12559479809931,34.2395905618912,1894200
2015-08-12,34.47166442871094,34.49609431827095,33.799899929632204,34.25181405958594,1888200
2015-08-13,34.406524658203125,34.60194513409878,34.34545459467856,34.47166378145086,1038000
2015-08-14,34.68743896484375,34.699655461408526,34.34545160868253,34.42687628220124,813200
2015-08-17,34.606021881103516,34.69966307172435,34.414670439600016,34.59380848801229,1085200
2015-08-18,34.50423049926758,34.72815300160566,34.43908827816848,34.60194072476417,1019400
2015-08-19,33.99939727783203,34.394313527610926,33.93018287800646,34.394313527610926,1552400
2015-08-20,33.38056182861328,33.942402778908836,33.35613504161016,33.85690591824494,1311800
2015-08-21,32.54594802856445,33.27877959822607,32.533734634993046,33.233995084362235,1670000
2015-08-24,31.479257583618164,31.629896639648603,30.81156535098129,31.267551578259763,2651600
2015-08-25,30.94998550415039,32.05737832274388,30.94998550415039,32.00852476708064,1900200
2015-08-26,31.79681968688965,31.86603097025282,30.986632689606388,31.405975661474326,1807000
2015-08-27,32.191749572753906,32.220248531330455,31.723549733721885,31.9841125281799,1523200
2015-08-28,32.537811279296875,32.545955614344756,32.081827913534724,32.19175158745132,2291600
2015-08-31,32.27724075317383,32.42787985401451,32.098102698785226,32.29759847977361,2083200
2015-09-01,31.597322463989258,32.15509102757473,31.462968976197235,31.971880878907857,1985000
2015-09-02,32.23651885986328,32.23651885986328,31.7723914074385,31.88638718787237,1491800
2015-09-03,32.602935791015625,32.85128507019933,32.24465979158889,32.334228791445575,1537800
2015-09-04,32.069580078125,32.305715865342975,31.845660781543007,32.25279016385647,1326800
2015-09-08,32.93271255493164,32.936784720587454,32.2120945414673,32.48894278916905,1744600
2015-09-09,32.521507263183594,33.282840638198685,32.43601043061269,33.12813252775876,1886800
2015-09-10,32.59478759765625,32.88792134202959,32.456365055119754,32.537789714711614,1099800
2015-09-11,32.91643142700195,32.93271698566395,32.37902041576671,32.5459450624377,1197400
2015-09-14,33.01820755004883,33.1607022785095,32.70878820671128,32.93678287840048,1635400
2015-09-15,33.311336517333984,33.37647873014761,32.74542674466019,33.05484604322158,1194800
2015-09-16,33.8731803894043,33.91796489245784,33.18920255913016,33.400911683774574,2004600
2015-09-17,33.87724304199219,34.268086962946384,33.72253496062012,33.81210394157551,1749600
2015-09-18,33.64518356323242,33.92610392832986,33.42940541282786,33.56782795982257,6071600
2015-09-21,33.86503982543945,33.9953211715514,33.5108359596887,33.685901809728406,1741600
2015-09-22,33.575965881347656,33.783602768361426,33.27876001930241,33.506754621060125,1683600
2015-09-23,33.608551025390625,33.67369014871671,33.43755422608567,33.58819330214046,1331400
2015-09-24,33.85282897949219,33.8935413208092,33.28691904857388,33.490483861311475,1313600
2015-09-25,33.96681594848633,34.37801763305338,33.81617690800191,33.983101502010456,1399000
2015-09-28,33.181060791015625,34.04010445385189,33.16477523506705,33.8813241660435,1528400
2015-09-29,33.05485153198242,33.36019871640797,32.737290957164205,33.27877093686985,2151000
2015-09-30,33.457908630371094,33.52711991271207,32.41972697064789,33.315413900212576,2590200
2015-10-01,32.03295135498047,32.94899279205663,31.613608438547665,32.56222098330741,4870600
2015-10-02,32.4156494140625,32.4156494140625,31.642102802351058,31.642102802351058,2505600
2015-10-05,33.25027084350586,33.31541306488909,32.554079659770984,32.554079659770984,2512000
2015-10-06,33.15663528442383,33.29913002175991,32.87571486928105,33.250273352036544,2110000
2015-10-07,33.311336517333984,33.506760049623196,33.107771761518904,33.246197410672025,1595000
2015-10-08,33.85548782348633,34.06823392641791,33.27043213865901,33.30316326877537,1414600
2015-10-09,33.96595001220703,34.20324601313667,33.87594409041063,33.87594409041063,1315800
2015-10-12,34.1009635925293,34.26461611467287,33.90049089164485,33.97004219909689,996000
2015-10-13,33.77774429321289,34.14596161762674,33.72046638957203,34.01504024910311,1178000
2015-10-14,33.45043182373047,33.90047369021044,33.389061768889874,33.79000696721523,1074200
2015-10-15,33.47090148925781,33.769567559126,33.34407227455003,33.687739742046745,1433200
2015-10-16,33.82274627685547,33.99457997492754,33.54863016972934,33.589542509068686,1341400
2015-10-19,33.80229568481445,33.93730610853721,33.66318996883627,33.75319899892595,1312000
2015-10-20,33.691837310791016,33.9332255080809,33.569100247627354,33.7204762710038,1256400
2015-10-21,33.929134368896484,34.10915247937735,33.65501815260073,33.765481824951394,1497800
2015-10-22,35.00104904174805,35.12787825699188,33.89230474587531,34.10096177854425,1658000
2015-10-23,34.8455810546875,35.18106733442344,34.677839475525715,35.103334802261216,735400
2015-10-26,34.866031646728516,34.951948504509886,34.74329149480556,34.90285181945836,1248800
2015-10-27,34.51828384399414,34.825131207277465,34.46509496998751,34.66965987884306,975400
2015-10-28,34.4896354675293,34.68192380738091,34.12141810781312,34.559186768416815,1249800
2015-10-29,34.62873840332031,34.6819241419099,34.24006642740044,34.3914424223908,1036400
2015-10-30,34.35871505737305,34.85785069085754,34.35871505737305,34.575553308274515,1790000
2015-11-02,34.591922760009766,34.64101633393651,33.91276585417418,34.51009493444455,1536000
2015-11-03,34.76375198364258,34.78011754662403,34.20324315682286,34.473270263898804,1360600
2015-11-04,34.79648208618164,34.91512695183664,34.63282958259242,34.80057113574776,1062400
2015-11-05,35.12788772583008,35.27108254315757,34.796493559813186,34.8578605376586,1342800
2015-11-06,34.42417907714844,35.01332695299925,34.080511563843785,34.960138084455096,1479200
2015-11-09,34.18278884887695,34.38326153471586,33.929127302521195,34.37507719244619,994400
2015-11-10,34.280982971191406,34.38326541120997,33.97004347953951,34.14187722963174,856400
2015-11-11,34.460994720458984,34.673740783111164,34.21142536304459,34.4078058637371,687600
2015-11-12,33.691837310791016,34.49782349002388,33.66319835057824,34.321897556884664,1121000
2015-11-13,33.45453643798828,33.89639729274443,33.38907730473483,33.646827909303205,948800
2015-11-16,34.08050537109375,34.09277876270837,33.294973972227,33.45453430604089,633000
2015-11-17,33.83912658691406,34.22780178358484,33.69183960396281,34.11324281352393,1011800
2015-11-18,34.64918518066406,34.71873646022903,33.84319940743773,33.978212918177476,1075600
2015-11-19,34.661476135253906,35.00923583073595,34.42827228097418,34.74739301615564,971600
2015-11-20,34.44053268432617,35.01740384461886,34.39552817491331,34.816931198132465,847400
2015-11-23,34.83330154418945,34.996954044412156,34.50599654374403,34.52236210590748,691600
2015-11-24,34.89057922363281,35.03786616073203,34.686014380040774,34.70237994209755,1369000
2015-11-25,35.07060623168945,35.18516207389939,34.73511992746924,34.87013350782207,725800
2015-11-27,35.197444915771484,35.205629261790484,34.86605069451091,35.09107026741851,498800
2015-11-30,35.15242004394531,35.38562382798151,35.07468753020766,35.38153477875065,3542600
2015-12-01,35.47974395751953,35.65566993208755,35.04197510751259,35.04197510751259,2111400
2015-12-02,34.98469161987305,35.5492896451448,34.93559491799223,35.303812378566334,1294800
2015-12-03,34.58781433105469,35.24651319053739,34.3464262608625,34.96830495720674,1290000
2015-12-04,35.37335968017578,35.39381741732204,34.702387104422876,34.706479276134615,885400
2015-12-07,35.7579460144043,35.782492804149555,35.27926488589527,35.365181771416424,1430800
2015-12-08,35.40608215332031,35.577915866246165,35.30379973542468,35.577915866246165,1294000
2015-12-09,35.25471115112305,35.745668742669736,35.07060400517579,35.27107671631585,984600
2015-12-10,34.84965896606445,35.23833083207089,34.825112189258896,35.20969188532738,1304800
2015-12-11,34.3055305480957,34.718752489283816,34.16233575305401,34.587831087901066,1449200
2015-12-14,34.608280181884766,34.63283008669821,34.19096925699929,34.37916854637211,1544400
2015-12-15,34.66964340209961,35.02558729805458,34.40370852269035,34.80874909714608,1430800
2015-12-16,35.356990814208984,35.42245306983622,34.75148055671779,34.82512403359235,1402400
2015-12-17,34.69011306762695,35.32017327881996,34.69011306762695,35.32017327881996,2456000
2015-12-18,34.23597717285156,34.62874135332601,34.23597717285156,34.538732310035826,1891600
2015-12-21,34.62464141845703,34.6573725398441,34.342344080375334,34.399621982096924,689000
2015-12-22,34.992855072021484,35.06649852673717,34.39143404541193,34.8128370446251,946800
2015-12-23,35.53700637817383,35.59428428708377,35.09923771926962,35.152423457139726,839600
2015-12-24,35.4715461730957,35.598378511350454,35.29562026517908,35.47563834437156,458600
2015-12-28,35.67201232910156,35.68019354802611,35.27515610091853,35.31606843836383,1028000
2015-12-29,35.87760925292969,35.9598395094636,35.626802892553094,35.799488313404225,715400
2015-12-30,35.60624694824219,35.885834237128854,35.536350910241396,35.87761246549255,693800
2015-12-31,35.178627014160156,35.47466085141581,35.13339944808598,35.42943328534164,704600
2016-01-04,34.65235900878906,34.915499598925756,34.35221574357844,34.72225504185091,1386400
2016-01-05,34.70990753173828,35.05528138465417,34.537222173721375,34.70168576382979,1488400
2016-01-06,34.648223876953125,34.8250216393168,34.38508345904643,34.508431902325725,2561200
2016-01-07,34.409759521484375,34.66467507011102,34.17128750635227,34.454987080798446,1582600
2016-01-08,34.385108947753906,34.69347714765554,34.315212908628254,34.52490416288876,2029400
2016-01-11,34.578338623046875,34.718133777949085,34.109619412101104,34.47554926736785,1675800
2016-01-12,35.15807342529297,35.236191205485405,34.69757596514641,34.78803110346826,1270400
2016-01-13,34.8990478515625,35.44177563200977,34.83737673539573,35.25264355637178,1622200
2016-01-14,34.960716247558594,35.2074100815449,34.65234817085514,34.92782289985848,1638400
2016-01-15,34.4179801940918,34.59477797391329,33.97804197037994,34.53310374618365,1448200
2016-01-19,33.41887283325195,34.04383383534673,33.22151903871403,33.920485361099026,3332200
2016-01-20,33.01593017578125,33.24617724415586,32.25528671355035,33.0282643920326,2706600
2016-01-21,32.802127838134766,33.176282474815814,32.296406132037596,33.015931383918556,2503400
2016-01-22,33.58745574951172,33.62857087038554,32.95838530318262,33.0776182126519,2261600
2016-01-25,33.279090881347656,33.65735504926844,33.122849015162544,33.575124799505815,1725400
2016-01-26,34.031497955322266,34.08906287951621,33.324309834508334,33.324309834508334,1560600
2016-01-27,33.79302978515625,34.126066295807,33.66556885024863,34.03561116035069,2158200
2016-01-28,35.11695861816406,35.52400360731548,33.899929829691175,34.02327831701334,3452200
2016-01-29,36.169517517089844,36.514888232515915,35.40476449078119,35.43354538373337,4335000
2016-02-01,36.251747131347656,36.486106723395274,35.88992974936176,36.11606443677219,2083000
2016-02-02,36.05439758300781,36.461442577795275,35.90226819812169,36.227082958144024,1978600
2016-02-03,35.762481689453125,36.34221214882366,35.338986818112566,36.025622245560484,1662000
2016-02-04,35.289649963378906,35.93516713093082,35.063512077310484,35.729588375189664,1671800
2016-02-05,35.31431198120117,35.63501427987141,35.03061234612413,35.326646202398905,1575800
2016-02-08,36.1284065246582,36.17774341141382,34.98949862318552,35.17040890630925,1955400
2016-02-09,36.28053665161133,36.527230522398455,35.67613462920907,35.84059825536141,2554400
2016-02-10,37.20975112915039,37.51811923243064,36.39977040929972,36.50667223009732,2139600
2016-02-11,37.14394760131836,37.34952624370834,36.498430789689074,36.78624277116373,2118600
2016-02-12,36.868492126464844,37.54279017284978,36.63824493117714,37.47289415097784,2388400
2016-02-16,37.160396575927734,37.17684324476562,36.72868328223815,37.106947254865595,1542400
2016-02-17,37.52223205566406,37.63324319371187,36.909605159214316,37.35365598517072,2361800
2016-02-18,37.38655471801758,37.43178229773958,36.74103751466532,37.27143111031904,1474800
2016-02-19,37.83470153808594,37.86759488204242,37.06172677640027,37.34131392626648,1854000
2016-02-22,37.633243560791016,38.02795436430812,37.555122635958185,37.92516499453129,1680800
2016-02-23,38.1841926574707,38.24997621682178,37.604459160222525,37.604459160222525,2564200
2016-02-24,38.19652557373047,38.24175314162506,37.41532583550287,38.01972775474676,1596400
2016-02-25,38.689910888671875,38.71869178132756,38.188298356488296,38.212969933680334,1043000
2016-02-26,38.45555114746094,38.825593435100636,38.22119155476947,38.685798287822514,1149600
2016-02-29,38.34455108642578,38.7927112762702,38.241761706712886,38.3938879810829,1446200
2016-03-01,38.39387893676758,38.70224700326505,38.29108958126842,38.6446852151361,1683200
2016-03-02,38.45143508911133,38.48432843090164,37.87992660725197,38.32808976272024,1225000
2016-03-03,38.546016693115234,38.554238463114636,38.052628934196505,38.31987880709581,1033200
2016-03-04,38.62002182006836,38.640580948607514,38.30754126019231,38.5665724775022,1385000
2016-03-07,38.3527717590332,38.59946563590793,38.18830812882244,38.43089268918195,1242000
2016-03-08,38.48433303833008,38.583009938633104,38.00327962036045,38.20063655784861,1173400
2016-03-09,38.59534454345703,38.833813440775735,38.42676851128294,38.62412543469628,925400
2016-03-10,38.5048942565918,38.81737478423227,37.97450079119969,38.796815657814,963200
2016-03-11,38.74337387084961,38.99417706811038,38.43089328231469,38.80093567177934,1199200
2016-03-14,38.77626037597656,38.879049744494694,38.303431790299236,38.64469010974866,837800
2016-03-15,38.554229736328125,38.68579998471759,38.31164836521842,38.57067640948708,1544200
2016-03-16,38.9571647644043,39.02706077155205,38.29108862807307,38.484333113502124,899400
2016-03-17,39.36421203613281,39.54923476442374,38.874936820474446,38.99416971643325,1658000
2016-03-18,38.825584411621094,39.55333146077465,38.813250194380046,39.364199477022204,3061600
2016-03-21,38.706363677978516,38.87082729209362,38.54601251685899,38.71869790008271,1464400
2016-03-22,38.65702819824219,38.8790536328725,38.27465158363714,38.66936555867962,1457600
2016-03-23,39.40531921386719,39.51222100399589,38.65290364175353,38.77624896554973,1951000
2016-03-24,39.606807708740234,39.66025706118414,39.117529218406865,39.2737679587774,2060200
2016-03-28,40.0302848815918,40.2153044576092,39.491669689151855,39.664355045019036,2381200
2016-03-29,40.947181701660156,41.33367082891823,40.19476571768794,40.66348510582147,4493200
2016-03-30,41.0129508972168,41.20619537828275,40.64702105996162,40.92249576677043,2239200
2016-03-31,40.901954650878906,41.091086748362244,40.75393768121661,40.99240667733193,2582200
2016-04-01,41.33367156982422,41.44468587456773,40.71282273737067,40.81150281645011,2378000
2016-04-04,41.40766143798828,41.48989480023747,40.922495579805144,41.32131876028815,1549600
2016-04-05,40.7415885925293,41.38710877473279,40.62235569723348,41.22264517390499,2835200
2016-04-06,40.955387115478516,40.955387115478516,40.27286435493016,40.63468485907893,1798200
2016-04-07,41.05448532104492,41.256828146400345,40.724135281523644,40.90995698184927,1786200
2016-04-08,41.306392669677734,41.31465323494242,40.94300656009554,41.174251979785794,1260800
2016-04-11,40.68698501586914,41.5665493904191,40.65807933668804,41.46331437184621,1531400
2016-04-12,40.83976745605469,40.864542848401456,40.37727351252746,40.686978518791044,1299800
2016-04-13,39.93955612182617,40.78608120647887,39.890002189119436,40.71588216467256,2584200
2016-04-14,39.15911102294922,40.04280259808577,39.15085045655562,39.95195527065403,3258600
2016-04-15,39.25407791137695,39.40273657295722,39.01044480797076,39.19213942778716,2221800
2016-04-18,39.2623291015625,39.32014043943102,38.95262415563186,39.24994140780234,2460200
2016-04-19,39.22517776489258,39.57617620680332,39.13846072516048,39.382097013393086,1341000
2016-04-20,38.704872131347656,39.638114372591666,38.448848167109034,39.282985678850125,1609800
2016-04-21,37.73858642578125,38.60989007961652,37.66012681746516,38.60163266581165,2827600
2016-04-22,37.891387939453125,38.056564624725524,37.511480618181636,37.76337435436332,2025400
2016-04-25,38.5231819152832,38.65119233682682,37.845960410209074,37.854217825912606,1778600
2016-04-26,38.428199768066406,38.849400380302946,38.33322532152069,38.66770575145718,1175800
2016-04-27,38.40343475341797,38.69662188799358,38.00288229546089,38.50666979307769,1438000
2016-04-28,38.55621337890625,38.6842237855089,38.15153074604257,38.234117495370235,1284200
2016-04-29,38.72550964355469,38.76267587887596,38.329087652858775,38.44058005785872,1586800
2016-05-02,38.94850158691406,39.1425838955404,38.72964388586129,38.816360909836035,874200
2016-05-03,38.65117645263672,39.08476463523182,38.51903580230476,38.837001309669596,906000
2016-05-04,39.11367416381836,39.2210394373335,38.531427298332865,38.609886900187995,1345400
2016-05-05,39.14671325683594,39.52661730068763,39.08064134461016,39.08890190887947,924600
2016-05-06,39.435768127441406,39.49770975459662,38.91959315195133,39.15496881475553,804600
2016-05-09,40.05105209350586,40.09234546585875,39.481195993878245,39.48945340815588,1509800
2016-05-10,40.459877014160156,40.459877014160156,39.856981626744,40.19559242147296,1181800
2016-05-11,40.26579666137695,40.612664890243884,40.10475024790538,40.44336105962554,927800
2016-05-12,40.819114685058594,40.83563266162533,40.26990377852153,40.26990377852153,1042200
2016-05-13,40.6085205078125,41.08340216620926,40.406180777889176,40.786084844413644,1305000
2016-05-16,40.794349670410156,40.83151276427535,40.30294998164127,40.62091559807385,856800
2016-05-17,39.795021057128906,40.724135873219495,39.555515148421094,40.5878649440773,1751600
2016-05-18,39.336666107177734,39.76199381202136,38.9154655340735,39.629853135269144,1690800
2016-05-19,39.67115020751953,39.70418616741053,39.093033511357085,39.22930448304558,1068400
2016-05-20,39.46055221557617,39.9602093239217,39.183883123848794,39.7289638920878,1514800
2016-05-23,39.52661895751953,39.7991577306694,39.444029063775396,39.48532558588862,1032600
2016-05-24,39.93544006347656,39.93957034696038,39.46881884526778,39.61747754585315,1263400
2016-05-25,39.93955612182617,40.03453055474481,39.60920287141209,39.9023898846756,1344200
2016-05-26,40.26991653442383,40.40618752140324,39.84458874216951,39.980859729148925,954800
2016-05-27,40.37727355957031,40.45573316940282,40.199709229753026,40.26990827513882,701800
2016-05-31,40.08408737182617,40.46812171411204,39.885874777218305,40.463991431802086,1390200
2016-06-01,40.16255187988281,40.38140961175876,39.91891560160846,40.100610239610845,1159400
2016-06-02,40.1295166015625,40.25752701661669,39.91065886596041,40.09235035657347,1064200
2016-06-03,40.66633605957031,40.70349915051301,40.063440835652024,40.08821938009627,1364600
2016-06-06,40.26991653442383,40.64982381483456,40.10474301739982,40.62917554996512,1088000
2016-06-07,40.414451599121094,40.61266109696531,40.22862665059858,40.3690279328478,1105200
2016-06-08,40.794349670410156,40.84390361271311,40.38140960266694,40.55484367500325,1003200
2016-06-09,41.33529281616211,41.38484674967185,40.56722417441284,40.7860818674038,662200
2016-06-10,41.21554183959961,41.35594308278213,41.029720093265226,41.13295509689151,835800
2016-06-13,40.86455154418945,41.409632345184754,40.827388447761166,41.23206797778946,811800
2016-06-14,41.03798294067383,41.09992458114697,40.49703245820593,40.81499492526012,1023600
2016-06-15,41.165992736816406,41.30226055280646,40.82325175465198,40.99668581171744,1850600
2016-06-16,41.48809051513672,41.66565487629841,41.05450216913079,41.13709207576577,1769200
2016-06-17,41.31877899169922,41.459180242182256,40.90996923821712,41.40962630369134,1159800
2016-06-20,41.36833572387695,41.83908714464287,41.35181774326448,41.50047641829401,978200
2016-06-21,41.636749267578125,41.88038240398034,41.35594988550611,41.52112654857485,915200
2016-06-22,41.36419677734375,41.711067996587765,41.33529110494691,41.56653963460359,1054000
2016-06-23,42.28506088256836,42.28506088256836,41.65326312310765,41.921671629714886,1989400
2016-06-24,41.942325592041016,42.318102593132075,41.294009764753696,41.294009764753696,2583000
2016-06-27,41.97535705566406,42.099237181387004,41.58719239733714,41.8390860819345,1946800
2016-06-28,42.12813186645508,42.21485202746029,41.69454681383784,42.18181607569466,1718400
2016-06-29,42.41306686401367,42.70212675322664,42.016644843547645,42.417197146133304,2298600
2016-06-30,44.048309326171875,44.25065219581578,41.706940267282725,41.85972920243547,4748800
2016-07-01,43.71796417236328,44.22174838632056,43.66015281747503,44.17219759669209,2441600
2016-07-05,44.21349334716797,44.531455816137736,43.63537661674022,43.80468355835464,2037600
2016-07-06,44.048309326171875,44.32497837182921,43.845969607010176,43.96985286799696,2526000
2016-07-07,43.91149139404297,44.525114445746276,43.74149921523349,44.23488775416143,1903000
2016-07-08,44.346832275390625,44.375854945101445,43.60053369858367,44.02758290857162,1736600
2016-07-11,43.9239387512207,44.35513504593574,43.88247507494792,44.30538053234903,1209200
2016-07-12,43.434696197509766,43.96539834506839,43.38494168496327,43.853451482647365,1572600
2016-07-13,43.641990661621094,43.84929633222681,43.376639656304455,43.513458994846765,1299400
2016-07-14,43.47615051269531,43.79954689006556,43.401520336130346,43.43054300683706,1301200
2016-07-15,43.542484283447266,43.66686895859201,43.40980877280192,43.57980095128416,1376200
2016-07-18,43.48858642578125,43.77052228442625,43.35176391425491,43.59223926847083,592600
2016-07-19,43.5383415222168,43.5383415222168,43.29786616472457,43.42225084294021,1003800
2016-07-20,43.13202667236328,43.675166634883794,43.11958883554742,43.675166634883794,1012600
2016-07-21,43.044952392578125,43.132020400863446,42.883254211014865,43.132020400863446,1161400
2016-07-22,43.22738265991211,43.351764173944446,42.97861646861368,43.057390478530706,1012400
2016-07-25,43.26884460449219,43.40981095773334,43.00764056942154,43.23152793477704,989800
2016-07-26,42.899845123291016,43.45956992055802,42.874969449752,43.33518522639461,868800
2016-07-27,42.11623001098633,42.91228320104693,41.995992316148914,42.91228320104693,1286600
2016-07-28,42.273780822753906,42.340120169591735,41.88404506816706,42.17427496573132,749600
2016-07-29,42.39402389526367,42.543284281352214,42.14111063901556,42.29451802561616,1392800
2016-08-01,42.364994049072266,42.418892393670035,42.016718819389865,42.3567032126857,1047000
2016-08-02,42.04988098144531,42.41059398290252,41.962812980383255,42.33181681674632,796600
2016-08-03,41.568939208984375,42.11207912237784,41.46528636058202,42.07890945171296,954800
2016-08-04,41.72233963012695,41.83428646769698,41.552350618988896,41.66015045729206,727600
2016-08-05,41.59381103515625,41.979399722095955,41.46528252725422,41.809407548079044,853800
2016-08-08,41.75966262817383,41.83014581022828,41.531625082428135,41.69747028267645,1095200
2016-08-09,41.830142974853516,41.884041316906334,41.46113909001113,41.718199291133395,813000
2016-08-10,42.091346740722656,42.10378773948583,41.78453519914205,41.82599570531772,765800
2016-08-11,42.1203727722168,42.248904463821134,41.94623673444408,42.20329695441865,993600
2016-08-12,42.19915008544922,42.290365104537244,42.09549722980084,42.141104739344854,802600
2016-08-15,41.954532623291016,42.14525350609134,41.79283441475956,42.14525350609134,792000
2016-08-16,41.61039352416992,42.07890319047121,41.58966169228074,42.000129188405865,726000
2016-08-17,41.92136001586914,41.93379785208069,41.535771277141045,41.68917863796286,877800
2016-08-18,42.06646728515625,42.1659731236726,41.89647827615889,41.97939928105025,826600
2016-08-19,42.2322998046875,42.23644680265963,41.830126408671596,42.0167001953934,1026400
2016-08-22,42.510108947753906,42.547425620928344,42.14939903206119,42.24475788850914,1251600
2016-08-23,42.46035385131836,42.66765954574745,42.228169322558756,42.622052039914344,1133600
2016-08-24,42.1411018371582,42.52254356049879,41.95867181154579,42.3774302052316,790200
2016-08-25,42.1411018371582,42.48523005338747,42.00842631759478,42.13281100110032,772200
2016-08-26,42.00012969970703,42.460348536795316,41.92135253344924,42.033296202606685,717200
2016-08-29,42.37327194213867,42.38571293776934,42.033290815927344,42.116214970633195,706800
2016-08-30,42.02915954589844,42.364993773969154,41.925506693952265,42.257193922239615,628600
2016-08-31,42.273780822753906,42.315241332910475,41.925508741557785,42.041599435289825,1266400
2016-09-01,41.94209671020508,42.22817646591168,41.6684516289164,42.22817646591168,695000
2016-09-02,42.2322998046875,42.30278295405061,41.987677536053724,42.01255636065389,858200
2016-09-06,42.28207015991211,42.381576005961314,41.991840294354034,42.232315655270604,690800
2016-09-07,41.705772399902344,42.182576293370424,41.47773795571149,42.182576293370424,899400
2016-09-08,41.29529571533203,41.643570943871374,41.19164286305297,41.535771091795624,1075800
2016-09-09,39.87730407714844,41.009194009053736,39.86901324523379,41.009194009053736,1425600
2016-09-12,40.648502349853516,40.702400693506,39.85244921487514,39.877324886832604,1091400
2016-09-13,40.3624267578125,40.822645751532896,40.320966242652055,40.403887272972945,1634200
2016-09-14,40.17584228515625,40.53655215168444,40.05560460856895,40.48265381248339,950000
2016-09-15,40.65264129638672,40.689954796931175,39.96438498505547,40.101207480185174,1228800
2016-09-16,39.74464797973633,40.022436851030406,39.429542438572106,39.678308639182234,2696400
2016-09-19,39.96023941040039,40.08047707738473,39.59123557455311,39.699035407579316,1224400
2016-09-20,39.89806365966797,40.22975094196498,39.881478821067944,40.10951323454066,918400
2016-09-21,39.99755859375,40.04730993271485,39.59953206586289,39.94780409155149,1826000
2016-09-22,40.30023193359375,40.44534847261344,40.08878237026412,40.28779409613134,1092400
2016-09-23,40.09707260131836,40.34169499957353,40.018295414268245,40.27120864962823,976600
2016-09-26,40.076332092285156,40.14681525818227,39.844147599869096,39.997554928498154,956400
2016-09-27,40.445335388183594,40.5241093877062,40.05559973652795,40.26705239468509,1417200
2016-09-28,40.53654861450195,40.58215611416691,40.30851427941063,40.39143528067412,1063800
2016-09-29,40.379005432128906,40.76459417440141,40.267061741961946,40.441197776992354,1603000
2016-09-30,41.4279670715332,41.805264934220304,40.91799686104083,41.477721574385455,4431400
2016-10-03,40.18827438354492,41.41967047971008,40.18827438354492,40.698247686397465,2782200
2016-10-04,39.99755859375,40.62362263600487,39.87317391987055,40.62362263600487,2073000
2016-10-05,39.732215881347656,40.06390314231072,39.632706856147855,39.98512911807044,3781600
2016-10-06,39.661407470703125,39.698889160319084,39.26574940786069,39.55728742955903,1702600
2016-10-07,39.798851013183594,39.96127805379055,39.45317482631027,39.736381518713294,2200200
2016-10-10,39.69888687133789,40.311113186363684,39.603095040912294,39.87797345887951,1368800
2016-10-11,39.21577072143555,39.75302729507279,39.10331930649473,39.54895292026145,1195800
2016-10-12,39.31990051269531,39.43234877805211,39.15330778319204,39.15330778319204,958200
2016-10-13,39.4031867980957,39.52813211267293,39.144967964132064,39.19494672546122,1135400
2016-10-14,39.33238983154297,39.615596485474775,39.3198959343461,39.449003775369306,783400
2016-10-17,39.28657531738281,39.42401453649598,39.18245527456826,39.32822269901032,727800
2016-10-18,39.50316619873047,39.67392469179269,39.41154000025741,39.528157183991624,1186400
2016-10-19,39.236595153808594,39.70305407288139,39.12830942344516,39.56561485866913,1127800
2016-10-20,39.00337219238281,39.30323845113876,38.91174603804163,39.30323845113876,1775200
2016-10-21,38.95755386352539,39.053342519247934,38.674347232599416,38.978375964664835,1007000
2016-10-24,39.09916305541992,39.315734555561555,38.89508863133769,39.05334997567812,1148000
2016-10-25,39.944602966308594,40.5734855515847,39.786338514326296,40.5734855515847,2426400
2016-10-26,39.74887466430664,39.93212380710016,39.661414196213634,39.90297031773582,998200
2016-10-27,39.369873046875,39.85299160712995,39.29907217502474,39.723880583618076,1023600
2016-10-28,39.732215881347656,39.91130251322423,39.37820830972897,39.37820830972897,1040600
2016-10-31,39.927955627441406,39.994590803323185,39.644748980587806,39.81550420049677,1728800
2016-11-01,39.48648452758789,40.161183557592906,39.39485838033506,39.93628388092457,1351400
2016-11-02,39.48231506347656,39.665564148232995,39.365697965461166,39.46981799128522,931200
2016-11-03,39.5073127746582,39.565619749563474,39.38236744129443,39.49898139110498,1124000
2016-11-04,38.87841796875,39.573938995858555,38.874252277916526,39.46565645411702,1042800
2016-11-07,39.24909591674805,39.261589815227445,38.69934214121076,39.19078893884954,1520600
2016-11-08,39.88629150390625,40.03622457051774,39.24907755955269,39.24907755955269,1485400
2016-11-09,39.378204345703125,39.50314649973066,38.12043235704688,38.94922706881577,1579000
2016-11-10,38.137088775634766,39.319894102537376,38.09127570305277,39.228267957373404,1777400
2016-11-11,38.116268157958984,38.37865272892612,37.75809809372741,38.13292774798006,1204600
2016-11-14,38.2786979675293,38.49943197239832,37.80807329243916,38.0662921688381,1128200
2016-11-15,38.34117126464844,38.72016982195544,38.23288868612545,38.470282304413814,1231200
2016-11-16,38.26203155517578,38.49942510756268,38.15791152031326,38.24537196829883,959400
2016-11-17,38.06629180908203,38.307851093350514,37.82473252481355,38.307851093350514,1434600
2016-11-18,37.98299789428711,38.266204594110405,37.91636270594219,38.02464846168138,1159200
2016-11-21,38.26620101928711,38.42446553461907,37.94134695990954,37.98299434592094,1100200
2016-11-22,38.666011810302734,38.728484462176695,38.3411578335474,38.486928413750334,1674400
2016-11-23,37.933013916015625,38.67018240462941,37.87886946136329,38.39946966384212,978400
2016-11-25,38.441123962402344,38.441123962402344,38.016312376449704,38.016312376449704,657000
2016-11-28,38.47443389892578,38.69517104055251,38.3161725908171,38.38697345148483,1124600
2016-11-29,38.786800384521484,38.86176694859222,38.38697976864148,38.486937305730336,1102800
2016-11-30,37.98299789428711,38.736829314731395,37.96634148032001,38.63270925123007,1869000
2016-12-01,36.9751091003418,38.012143837201535,36.916802130557976,37.84138861926078,2767000
2016-12-02,37.08757019042969,37.358279830329465,36.979284427974356,37.100064090426,1423200
2016-12-05,37.31245422363281,37.533191366962356,37.0792263619911,37.09172025779458,1835800
2016-12-06,37.6414794921875,38.04963148801969,37.175023699798444,37.84555707884948,1684400
2016-12-07,38.28285217285156,38.316171345314935,37.59982502480828,37.73726422810132,1547600
2016-12-08,38.07462692260742,38.37449323644646,37.94551905095155,38.2995266579867,1102600
2016-12-09,38.495262145996094,38.524415630725095,38.02464069894473,38.02464069894473,1779200
2016-12-12,38.88675308227539,38.95755394578353,38.44944765003542,38.453613341268664,953200
2016-12-13,39.024192810058594,39.2282703924067,38.90341635029072,38.99087680951489,980000
2016-12-14,38.35365676879883,39.23243016883732,38.28285590353297,39.09915664348743,1336000
2016-12-15,38.461936950683594,38.83260398886874,38.24536869480223,38.386970404899465,1521600
2016-12-16,38.499420166015625,38.96587582873392,38.38696876340254,38.56605532747928,2304000
2016-12-19,38.57855987548828,38.845106949934156,38.25787151880838,38.52441859325426,990200
2016-12-20,38.63685989379883,38.72015782549974,38.12042542721793,38.49942386710191,941000
2016-12-21,38.82427978515625,39.074167237686886,38.67018098697487,38.67018098697487,834600
2016-12-22,38.674346923828125,39.06167358983318,38.607708574734566,38.84093961907066,1423000
2016-12-23,38.75347900390625,38.89508072888976,38.53274185659274,38.67018106789416,686800
2016-12-27,38.75347900390625,38.9950350746129,38.67851245024105,38.80762027919559,705000
2016-12-28,38.84138870239258,39.18882294558266,38.736740064826144,38.79534304637351,1028800
2016-12-29,39.209747314453125,39.25997980577906,38.89161778359029,38.89161778359029,1158800
2016-12-30,39.06743621826172,39.22650102239506,38.950230236939944,39.15534070425305,1144400
2017-01-03,39.17626190185547,39.26416956662239,38.94603681846585,39.24742540160121,1026800
2017-01-04,39.063232421875,39.33113260393085,39.038117777814165,39.28927379928876,1335800
2017-01-05,38.29722595214844,39.067441815448554,38.27211129358802,39.029766633983996,2789800
2017-01-06,38.25954818725586,38.45628816593594,38.10885387139978,38.3223380177998,2560200
2017-01-09,37.73211669921875,38.355821754222276,37.65676954405151,38.26373362557193,1672200
2017-01-10,37.58560562133789,37.74467040314579,37.568861455838686,37.60653343299463,1867600
2017-01-11,37.769779205322266,37.9120997875564,37.526993654146345,37.59396710648527,1001000
2017-01-12,37.96651840209961,37.995819888219856,37.60652689055235,37.67769037994934,1415800
2017-01-13,38.24698257446289,38.38093269358153,37.89954835519109,37.89954835519109,2049200
2017-01-17,38.79533386230469,38.79533386230469,38.09628189531788,38.23441563705154,1474200
2017-01-18,38.95439910888672,38.975330109165434,38.78277704236584,38.853937333517855,930600
2017-01-19,38.93348693847656,38.97534576222284,38.82465144183741,38.904185442491816,1559800
2017-01-20,39.059051513671875,39.2641651167181,38.8623115889987,39.11347084222896,1173000
2017-01-23,39.000450134277344,39.059053110794665,38.84557220789131,39.05486946505964,921800
2017-01-24,39.36882019042969,39.5529996277156,39.01719909447823,39.02138593435064,2446200
2017-01-25,40.0971794128418,40.277175228891686,39.20975766033153,39.27673433310523,2777800
2017-01-26,40.01763916015625,40.24368060501649,39.912990520514825,40.084615822465814,1909800
2017-01-27,40.13483810424805,40.23530308013671,39.85438056554276,40.206001593908134,1794000
2017-01-30,39.967403411865234,40.16414014002181,39.69949999945236,40.118094490515105,1646000
2017-01-31,39.99671173095703,40.10136037159939,39.753926118197235,39.99252489111688,2460600
2017-02-01,39.57810974121094,40.03856303490461,39.45253011855699,39.87949508705996,1805600
2017-02-02,39.799964904785156,40.01344579543312,39.60322498336163,39.67438528024429,1533000
2017-02-03,40.12647247314453,40.37762855599927,39.883686875815044,40.06786949359919,1168600
2017-02-06,39.56135559082031,40.092969046114455,39.55298191482545,40.092969046114455,1494200
2017-02-07,40.00090026855469,40.10973576234579,39.60323666293596,39.60323666293596,1478200
2017-02-08,40.39436721801758,40.5157600001458,39.95484173767826,39.95484173767826,1884800
2017-02-09,40.62459945678711,40.833896716855826,40.24367691052313,40.39437119326242,1383000
2017-02-10,40.70832443237305,40.96366739124335,40.35670650491951,40.5911184565552,1277200
2017-02-13,40.72087478637695,40.82133657792908,40.50320703907688,40.70831746163579,1440000
2017-02-14,40.54087829589844,40.72087406578984,40.28972222465113,40.632969600534416,1121400
2017-02-15,40.62041473388672,40.6329720591655,39.79996981490302,40.46553360366165,1831000
2017-02-16,40.3692512512207,40.81296036243262,40.13483617901432,40.49064402937954,1777400
2017-02-17,40.85063934326172,40.9343601668567,40.04693859848717,40.130659422082154,2576200
2017-02-21,41.23992919921875,41.32783685559657,40.829708373027806,40.95110116262955,2110400
2017-02-22,41.02644729614258,41.17714156963763,40.91342499421002,41.07667659155923,1339000
2017-02-23,41.4031867980957,41.61248406462667,40.97203174639871,41.09342454422142,2630400
2017-02-24,41.57899475097656,41.63341088928189,41.21062952668584,41.39899897827708,1542400
2017-02-27,40.812965393066406,41.71713108240555,40.75436241619695,41.5371353124143,1769800
2017-02-28,41.19807052612305,41.3696958065722,40.850636319571805,40.850636319571805,1618200
2017-03-01,41.465965270996094,41.583171206231235,40.821329433580615,41.16457675546447,1380200
2017-03-02,41.591552734375,41.72550285615951,41.29435100146634,41.42411428373866,1130400
2017-03-03,41.62086486816406,41.63342219628931,41.37389237174763,41.57481920262242,1033800
2017-03-06,41.54130935668945,41.63340064009137,41.315267986599835,41.44921807328753,1030400
2017-03-07,41.440860748291016,41.7255051720848,41.41574609706959,41.541322546799705,1094000
2017-03-08,41.41992950439453,41.57062379810027,41.25249423905302,41.319467706465026,1191200
2017-03-09,41.855262756347656,41.909682084740275,41.47434342571214,41.51620223658315,1316200
2017-03-10,41.993408203125,42.19433500703151,41.82178608574232,42.06038486896824,1186200
2017-03-13,42.018516540527344,42.02270337991906,41.809219281659885,41.88038277682809,1240400
2017-03-14,42.13573455810547,42.18596386688886,41.91806357463279,41.92643725517895,988200
2017-03-15,42.64222717285156,42.73013164349785,42.11479715535094,42.1943311403455,1484000
2017-03-16,42.47896194458008,42.73011795074762,42.374313342541775,42.658957667830826,1135200
2017-03-17,42.6966438293457,42.80966295193517,42.40362892365231,42.566880541627626,1728200
2017-03-20,42.70500183105469,42.78872263222348,42.541750260803056,42.688260864442945,1132400
2017-03-21,42.55849838256836,42.87244423052526,42.49152492902116,42.629658674969235,1418600
2017-03-22,42.42874526977539,42.71338970108892,42.18595965614439,42.54176439688054,1185000
2017-03-23,42.3701286315918,42.65058613266657,42.30733882849185,42.39105643687708,1008600
2017-03-24,42.28224182128906,42.566886279599395,42.24038299963647,42.45805078840396,1054200
2017-03-27,42.42874526977539,42.49571873934283,42.06456684932889,42.10642566701142,1742200
2017-03-28,41.20225143432617,42.24455071031807,41.122717467652556,41.85944458659076,3053400
2017-03-29,41.04320526123047,41.30691873171752,40.87995360898273,41.02646109258665,2914600
2017-03-30,40.82552719116211,41.01389666056023,40.64553140144732,40.91761850594033,1728200
2017-03-31,40.83389663696289,40.984590919407346,40.708317003718264,40.75854949574066,1729400
2017-04-03,41.08505630493164,41.40737270781677,40.85901486148545,41.105984116555184,1966000
2017-04-04,41.19807052612305,41.21900152887823,40.74598769304114,41.13528071148012,1719800
2017-04-05,42.127349853515625,42.22781163841658,41.46596978287065,41.52875959604221,2793200
2017-04-06,42.089500427246094,42.27454400727535,41.93389260874669,42.27454400727535,1771000
2017-04-07,41.8834342956543,42.17362079009324,41.87081804956701,42.17362079009324,1775600
2017-04-10,41.95912170410156,42.102113267930456,41.76146189693111,41.91286321928789,1226400
2017-04-11,41.91707229614258,42.030624907930815,41.62688906196579,41.82034562095274,1764000
2017-04-12,41.98855209350586,42.295561159064164,41.77406960449203,41.929674170018984,2548200
2017-04-13,41.7152099609375,42.127355605951095,41.68156450174238,41.94651527353684,931400
2017-04-17,42.10212326049805,42.11053302102192,41.65633215475784,41.81193678900654,1380600
2017-04-18,42.34603500366211,42.62360193608804,42.12313951934564,42.12313951934564,1244000
2017-04-19,42.2745475769043,42.46380086542836,42.11052998534786,42.33763200641232,978800
2017-04-20,42.240909576416016,42.38810445433189,42.169412171193144,42.27034855199919,1058800
2017-04-21,42.22407150268555,42.29977215647775,42.16519357291455,42.20724877866433,944400
2017-04-24,42.51005935668945,42.52688208386185,42.21566644408318,42.37968402325515,1590000
2017-04-25,42.34184265136719,42.560531725395975,42.135769822758256,42.51427001978471,1136200
2017-04-26,41.93810272216797,42.434361982144566,41.93389623789661,42.362867792568395,1207200
2017-04-27,42.06427001953125,42.24931683142643,41.89184266094416,42.02221480099348,661600
2017-04-28,42.01380157470703,42.072679517524136,41.85398726539725,42.05585678977536,1321000
2017-05-01,41.7152099609375,42.152591304651224,41.7152099609375,42.06847765666344,611600
2017-05-02,41.786705017089844,41.90446091809378,41.593248435639424,41.7362368272563,1029000
2017-05-03,41.790897369384766,41.95491492011872,41.66052205855545,41.8245396092894,820400
2017-05-04,42.194644927978516,42.90959326148411,41.87081301054044,41.87081301054044,1467000
2017-05-05,42.12314987182617,42.49744675985811,41.98015828289529,42.26613825214965,987800
2017-05-08,42.23249053955078,42.37968539631934,41.96753979736739,42.10632489458084,854000
2017-05-09,41.93810272216797,42.28296063444951,41.87922477679849,42.21987620480867,742000
2017-05-10,42.04323196411133,42.051641721965474,41.85818520525436,41.93388586036797,804400
2017-05-11,42.07267761230469,42.09370361458309,41.803520397727226,41.8834243401565,825800
2017-05-12,41.80352020263672,42.07688389983696,41.76566826494089,42.01800595996085,766000
2017-05-15,42.18623352050781,42.228291948770874,41.7698813912857,41.795113881357466,1291000
2017-05-16,41.84136962890625,42.257724907462446,41.82454690171747,42.23248921237571,824400
2017-05-17,42.203041076660156,42.43014303147794,41.72360468602476,41.84136054216588,1187600
2017-05-18,42.10212326049805,42.2535246187886,41.89605043728329,42.228292128609375,1056400
2017-05-19,42.47221374511719,42.51426896500922,41.917076500162594,42.10212331801666,1024600
2017-05-22,43.010520935058594,43.06098911549811,42.32080517875384,42.47641299532039,747800
2017-05-23,43.11986541748047,43.39743558644595,42.89696991073318,43.05257772139022,854200
2017-05-24,43.53202438354492,43.54464062897896,43.08202678095411,43.20819244390215,695800
2017-05-25,43.81378936767578,43.93995821467975,43.452108762111955,43.56986464139189,761400
2017-05-26,43.939964294433594,44.082952679456085,43.73809475301698,43.851644164146165,669200
2017-05-30,43.620338439941406,43.88108271804147,43.43949811386839,43.88108271804147,612200
2017-05-31,43.80116653442383,43.96518408568685,43.64976522424156,43.68761394748383,938600
2017-06-01,44.3563232421875,44.3563232421875,43.763333979977126,43.96099706738058,1019400
2017-06-02,44.33528137207031,44.516121676103445,43.965191004828895,44.398365796008775,925200
2017-06-05,44.326873779296875,44.39416148180794,44.02407109647897,44.276405595958146,656200
2017-06-06,44.27640151977539,44.46985805851963,44.162852128475905,44.32686969846791,669400
2017-06-07,44.545562744140625,44.67593808204909,44.23435030228901,44.39416140300044,883600
2017-06-08,43.952579498291016,44.5708011440175,43.79697166362143,44.54556544655835,876000
2017-06-09,43.906314849853516,44.04089346237706,43.74229726610942,43.82640769570893,773600
2017-06-12,43.965187072753906,44.11658839322263,43.62453570600268,43.86425392864369,761000
2017-06-13,44.15024185180664,44.29323023117983,43.5824851927696,43.94837231836566,632600
2017-06-14,44.331092834472656,44.78950026418072,44.11240051993027,44.255392142301545,867800
2017-06-15,44.381553649902344,44.49930955807079,44.061928178725225,44.28062047270193,924600
2017-06-16,42.82547378540039,44.112381797504355,42.40491527596963,44.078736346684266,2611600
2017-06-19,42.964263916015625,43.10725228590572,42.379684567244254,42.985289918795665,1184800
2017-06-20,42.51847839355469,43.0063279621822,42.46380692477036,42.964272739378266,1153400
2017-06-21,42.06427001953125,42.81707030320502,42.02221480099348,42.69931440785628,1242200
2017-06-22,41.93389129638672,42.139964080896185,41.76146396486856,42.06426341596926,1279800
2017-06-23,42.152591705322266,42.33343203945546,41.95072215684034,42.05165532677749,1215400
2017-06-26,42.22829818725586,42.51427500660415,42.173623505879696,42.33343785623087,997800
2017-06-27,41.43764114379883,42.16941225882099,41.43343465910458,41.82455431186961,1281000
2017-06-28,41.6142692565918,41.96333364008077,41.2778243254446,41.673147199757736,2153200
2017-06-29,40.104461669921875,41.39978271214315,39.99511555373256,41.244174900974,3629800
2017-06-30,41.008670806884766,41.311473518335006,40.331571190616174,40.482972546341294,2569800
2017-07-03,40.920352935791016,41.21474267142967,40.84044577528589,41.16007120869891,1051600
2017-07-05,40.68904113769531,41.32408546884869,40.68904113769531,40.97502109005648,2001800
2017-07-06,40.4608268737793,40.676359656312265,40.37207883962339,40.5453511141207,1416000
2017-07-07,40.46505355834961,40.88766508376318,40.44392169237091,40.5833842695822,1244000
2017-07-10,40.13542175292969,40.62142570854089,40.12696771584682,40.62142570854089,1011600
2017-07-11,40.67636489868164,40.73130324378144,39.9536994780435,40.10583990599579,2514000
2017-07-12,41.077842712402344,41.26801985067803,40.866536930498484,40.95106117782224,2647600
2017-07-13,40.96796417236328,41.15391105951564,40.74398056956984,41.15391105951564,2043200
2017-07-14,41.2764778137207,41.36100207568685,41.06939901437775,41.090530885937014,1474600
2017-07-17,41.11165237426758,41.25111496402327,41.01022650184086,41.25111496402327,1266800
2017-07-18,41.05248260498047,41.23843270468681,40.99754426837178,41.1496846728097,1831000
2017-07-19,38.90984344482422,39.2225750742824,38.14069058906268,38.24634347158086,9789200
2017-07-20,39.08312225341797,39.44656526370961,38.969015315631566,39.00705203631725,3731800
2017-07-21,39.58602523803711,39.590252256559516,39.05776077220143,39.05776077220143,3504600
2017-07-24,39.70436096191406,39.915666774855104,39.44234381740049,39.58180642776658,2155800
2017-07-25,40.06781768798828,40.08472254435337,39.6536599919945,39.80580047500862,2093600
2017-07-26,40.02131652832031,40.37208492399281,39.87763013449047,40.06780406144657,2232400
2017-07-27,40.253761291503906,40.253761291503906,39.780435063611606,40.11007487233924,1495400
2017-07-28,40.367855072021484,40.82427633380655,39.94101971494078,40.807371484377065,2025800
2017-07-31,40.2748908996582,40.52845724080579,40.16923798882413,40.380543810492284,2090600
2017-08-01,40.253761291503906,40.50732764691112,39.95793441424068,40.27489316456749,1239600
2017-08-02,40.414344787597656,40.54958036607709,39.860724641989776,40.21994384505039,1915000
2017-08-03,40.22417068481445,40.64678226871699,40.16500532100974,40.42279864513193,1135600
2017-08-04,39.94102096557617,40.296013141899856,39.7973313530615,40.296013141899856,941600
2017-08-07,40.16922378540039,40.25797181220811,39.945236985243966,39.95791803844777,858000
2017-08-08,39.30711364746094,40.0931716379591,39.27330393890222,39.704366438076406,3259200
2017-08-09,40.469276428222656,41.17926384711322,39.53530543970485,39.53530543970485,11451800
2017-08-10,40.23262023925781,40.629876147465815,40.0551241533961,40.304466656719335,2850600
2017-08-11,41.00599670410156,41.30182671301167,40.24529787605442,40.37630642007068,3925200
2017-08-14,41.428611755371094,42.142826341543625,41.137008739853,41.17504545783252,2302200
2017-08-15,40.887672424316406,41.51736280743516,40.74398602752944,41.4751022921608,2574200
2017-08-16,41.403255462646484,41.60610720788132,40.85808615788853,40.88766883841321,2051600
2017-08-17,40.83695602416992,41.53003876098403,40.80737334238897,41.25534381199113,1764000
2017-08-18,40.60874938964844,40.904579460917226,40.439707319518625,40.790472516881714,1377000
2017-08-21,40.667911529541016,40.78201523119808,40.443924696049976,40.731300683644776,1913600
2017-08-22,41.12009811401367,41.20039210235938,40.62141644082212,40.739747138821855,1598800
2017-08-23,41.018672943115234,41.16236253598806,40.8876644041809,41.03557779076321,874400
2017-08-24,40.055118560791016,41.10742032206927,40.05089154287867,40.97641178521602,2054400
2017-08-25,40.11006546020508,40.25375184565264,39.91143750739314,40.19035946560856,1624000
2017-08-28,40.000186920166016,40.241075393170135,39.93679453795009,40.241075393170135,1463600
2017-08-29,40.30023956298828,40.38053679303458,39.93679335493822,39.99595871678168,1368600
2017-08-30,40.393211364746094,40.519992890921365,40.114286203474244,40.22839312372914,1145800
2017-08-31,40.20302963256836,40.405884565183634,40.05934327451277,40.1945788214997,1611200
2017-09-01,40.629878997802734,40.68481734510823,40.232623061725754,40.410122384310114,1560400
2017-09-05,40.684818267822266,40.93838781318773,40.39321844948511,40.57071455182437,1474000
2017-09-06,41.22154235839844,41.22999317305346,40.60875350709745,40.81583554526354,1612000
2017-09-07,40.83695602416992,41.496232284856156,40.51154652457947,41.29337730673643,2199800
2017-09-08,41.246883392333984,41.2764660695374,40.59183747589556,40.71439197840256,2059800
2017-09-11,41.432830810546875,41.67794624824054,41.26378556992126,41.36098763116867,1928800
2017-09-12,41.69908142089844,41.73289111917428,41.052486256656756,41.39057679087464,2303800
2017-09-13,41.568077087402344,41.944201152134745,41.508911721552565,41.66527594946813,1265600
2017-09-14,41.61456298828125,41.73289371533766,41.284926470261105,41.50891009279938,1815400
2017-09-15,41.81319808959961,41.994921229838575,41.58076039012964,41.61034307694663,4597600
2017-09-18,41.80896759033203,42.066760935824796,41.63992229790338,42.04140527045527,1741200
2017-09-19,41.69063949584961,41.83855292699996,41.41594128127269,41.834325907746816,1600000
2017-09-20,41.29759979248047,41.59342657781967,41.128554533313725,41.47932288183745,1807000
2017-09-21,40.92992401123047,41.48777107426826,40.85808082850869,41.28491935549266,1397600
2017-09-22,40.5960578918457,41.22152430330957,40.57915304566887,41.03980123724579,1382200
2017-09-25,40.90034103393555,40.90034103393555,40.40165932789525,40.6129650808908,2214000
2017-09-26,41.11165237426758,41.26801981347278,40.807371532717085,40.96796599035226,2123200
2017-09-27,40.760887145996094,41.14546524602018,40.34672958749235,41.14546524602018,2743400
2017-09-28,42.958473205566406,43.38531185835064,41.86813441691958,41.872361436051946,5198000
2017-09-29,43.37685775756836,43.76988670526897,43.12751844172315,43.21626649774963,6363200
2017-10-02,42.16395568847656,43.42756662727509,42.03294713115603,43.37685207721369,3230400
2017-10-03,41.44974136352539,42.16395268648446,41.31872959126218,42.15127485593936,3540000
2017-10-04,42.16395568847656,42.320323132963026,41.37790112028289,41.635691216351226,4527800
2017-10-05,41.55116653442383,42.32454642739037,41.5089060252264,42.14705035419909,3427400
2017-10-06,41.69130325317383,41.72102802904951,41.40254689905677,41.52569332475821,3119200
2017-10-09,41.118038177490234,41.87389954668358,41.10954353302873,41.7634918469873,2456200
2017-10-10,41.381309509277344,41.508703244806256,41.139264003578226,41.279396464708576,1839400
2017-10-11,41.738006591796875,41.82293358199241,41.419525518928126,41.419525518928126,1388400
2017-10-12,42.04798889160156,42.14141051549445,41.73800249205518,41.79745202730398,1283200
2017-10-13,41.831424713134766,42.115933670138084,41.77621925836084,42.09470030449323,1444600
2017-10-16,42.09471130371094,42.205119002351246,41.82718832136923,41.8484216925623,1041200
2017-10-17,42.111690521240234,42.20511215572249,41.76773199406198,42.05648830075393,1339000
2017-10-18,42.09894943237305,42.26455932428899,41.946078264488044,42.16264629228461,1310200
2017-10-19,42.196624755859375,42.29429048135167,41.78472200461241,42.043753564886124,1819400
2017-10-20,42.149906158447266,42.36647093924342,41.95032418261975,42.34524081315424,1897400
2017-10-23,42.132930755615234,42.158408209260024,41.83992707966982,42.10320597977712,1668600
2017-10-24,42.10746765136719,42.239105526401644,41.89514682595229,42.11171173524923,1494400
2017-10-25,41.984310150146484,42.02252633359357,41.623362249993306,41.937599321650374,1492600
2017-10-26,42.05649185180664,42.22634908886568,41.89088193660734,42.22634908886568,1252000
2017-10-27,42.1923828125,42.22210759010305,41.81020478634809,42.001295419302934,1338400
2017-10-30,41.60637664794922,42.28155509494461,41.59788200347012,42.251830318783,1826400
2017-10-31,42.26456832885742,42.53633863194166,41.75924390292381,41.89937637663343,1969800
2017-11-01,42.400455474853516,42.60852891424288,42.09046897695311,42.438674896643725,2596200
2017-11-02,41.63610076904297,42.4174395814308,41.47898224622783,42.34949862545504,1767600
2017-11-03,41.14775848388672,41.76348731039977,41.07981429460561,41.619110767813304,2217400
2017-11-06,39.912044525146484,41.19021605416537,39.88656707771144,41.1477525618547,2700800
2017-11-07,40.417388916015625,40.506563266109396,39.78891790233208,39.844123385550894,2982600
2017-11-08,40.948177337646484,41.0076268846375,40.4768250438196,40.4768250438196,1714600
2017-11-09,40.55751037597656,41.122281106029334,40.50230490779874,40.952427098656855,1663800
2017-11-10,41.15624237060547,41.22418654747678,40.52352761233557,40.54476097754702,1679200
2017-11-13,41.173240661621094,41.52144657226719,41.14351588533756,41.18173530613503,1564200
2017-11-14,41.861148834228516,41.87388755751586,40.99912733438027,41.10953176270837,2473000
2017-11-15,40.97365951538086,41.81020383136206,40.93544333351745,41.75924568245315,1598200
2017-11-16,42.27306365966797,42.4471649942722,41.185979189920204,41.25392338667339,2719800
2017-11-17,42.17962646484375,42.70618083660307,42.06497148501515,42.06497148501515,4644800
2017-11-20,42.49811935424805,43.00768782545191,42.196624297480746,42.196624297480746,2035800
2017-11-21,42.4896240234375,43.130833543810006,42.383463657006956,42.49387134522676,1739600
2017-11-22,42.043758392333984,42.52360215035488,41.912117316251425,42.41744176886513,1357800
2017-11-24,42.09471130371094,42.357990203620105,42.06498652789519,42.1753942265355,428600
2017-11-27,42.51510238647461,42.57455192923994,42.09046094400396,42.22634607600428,1446200
2017-11-28,42.808101654052734,42.87604583814636,42.43017103936374,42.57455081068419,1890600
2017-11-29,43.36438751220703,43.895189342723754,42.66797576974967,42.91426535689391,2312800
2017-11-30,43.389854431152344,44.137224134239815,43.194519793707435,43.55121698214862,3103800
2017-12-01,43.67436599731445,43.73381553230346,42.80385309797162,43.41109041086504,1849400
2017-12-04,44.366554260253906,44.476958739812524,43.69561977789838,43.86122973699449,1948000
2017-12-05,43.72108840942383,44.48544440459598,43.60643663002677,44.4472249849586,2025000
2017-12-06,43.738075256347656,43.99285951280205,43.64465360637094,43.71684188507746,1392800
2017-12-07,43.37287902832031,43.80601513740768,43.29219611315051,43.79327317204618,2133000
2017-12-08,42.95673370361328,43.46205486215151,42.842078689664454,43.326169718041434,2075400
2017-12-11,42.68496322631836,42.96098085620062,42.21361413005981,42.85057639605381,2414600
2017-12-12,42.91852569580078,43.16481859740259,42.5703197189617,42.88880091386665,1951400
2017-12-13,42.87181091308594,43.088379012808765,42.61277930590478,43.088379012808765,1367800
2017-12-14,42.56605911254883,42.89727893352676,42.561815030567125,42.89727893352676,1174400
2017-12-15,43.07139205932617,43.23275468018971,42.67647529269894,42.71469147668324,2674200
2017-12-18,43.18178939819336,43.674371787659766,43.14781730519372,43.20726684806454,1555000
2017-12-19,43.13084411621094,43.67863213003934,43.13084411621094,43.33467349521423,1346600
2017-12-20,43.05865478515625,43.30070034450288,42.57031634373537,43.30070034450288,1511000
2017-12-21,42.95249557495117,43.21577127565073,42.8845513684751,43.15632171486321,1251800
2017-12-22,43.27946472167969,43.457813389876364,42.88030387949063,43.16481293205549,955800
2017-12-26,43.31768035888672,43.6106807911002,43.270969534666484,43.30494163223712,695000
2017-12-27,43.36863708496094,43.64465471972661,43.232751928735055,43.48753943144656,871600
2017-12-28,43.63752365112305,43.67166960053351,43.424116351813105,43.488139192873476,1761400
2017-12-29,43.496681213378906,43.98751544078763,43.466801062709486,43.73569636803618,1454600
2018-01-02,43.20644760131836,43.67167399761359,42.90767539840039,43.53936250074747,1736800
2018-01-03,43.30887985229492,43.34302580328959,42.83938442329814,43.14242241161731,1643200
2018-01-04,43.58203125,43.89360402857022,43.08265903908408,43.24911644272272,1523000
2018-01-05,44.00885009765625,44.089945907107705,43.42411297079357,43.752762009690834,1822200
2018-01-08,44.05581283569336,44.21373218698342,43.82533251226546,43.88508630837592,1465600
2018-01-09,44.01313018798828,44.311899156118464,43.99605721033262,44.089956959269976,1139000
2018-01-10,43.3558235168457,43.87653779782311,43.21070487405261,43.71861523932346,1097200
2018-01-11,43.108272552490234,43.471064293991354,43.03144579788579,43.3302147011604,1529400
2018-01-12,43.11254119873047,43.526551858130134,42.94608377473179,43.22777970136925,1145400
2018-01-16,43.232051849365234,43.52655496964797,43.08266738847436,43.12961725565964,1868800
2018-01-17,43.812522888183594,44.004588171197774,43.291808513014374,43.43265812393796,1384800
2018-01-18,43.923500061035156,44.07288454701667,43.57777795766357,43.87228112741111,1981000
2018-01-19,42.33574295043945,43.49241017306538,42.071116715316926,43.488141115116136,5783000
2018-01-22,42.31012725830078,42.681457107416534,42.00708930359853,42.39975792746595,2562000
2018-01-23,42.207698822021484,42.42537519675565,41.972949471196664,42.21623693823542,2847000
2018-01-24,42.71987533569336,43.10400915919442,42.25037988756418,42.39549855703669,3562200
2018-01-25,44.853946685791016,45.32344537111303,43.961905696353426,44.26067462670642,5561200
2018-01-26,45.86122512817383,45.908174992285964,44.499688837932275,44.70882706949019,3120800
2018-01-29,46.00209045410156,46.510001017936965,45.477110166875214,45.82282905145539,2908200
2018-01-30,46.083160400390625,46.36059046651007,45.85268018806075,46.01486851984721,2478600
2018-01-31,46.42462158203125,46.80875536479939,45.99354119013186,46.151460504582104,3799400
2018-02-01,45.8911018371582,46.55266573333519,45.84415522956828,46.39901222527262,2453200
2018-02-02,44.20091247558594,45.66488646993186,44.179573702506026,45.66488646993186,2493000
2018-02-05,43.33448791503906,44.495424204260075,43.33448791503906,44.128363369981756,3203200
2018-02-06,43.73142623901367,43.94056449421749,42.463786277335764,42.903404821602585,3207600
2018-02-07,43.81678771972656,44.54664028365083,43.54789244183973,43.55216149954789,2069200
2018-02-08,43.26192855834961,44.5978570977124,43.249124641232754,43.93202735693998,2191200
2018-02-09,43.466800689697266,43.76984194489937,42.62597859746853,43.59911544032187,2126000
2018-02-12,43.66313934326172,44.01739302263699,43.54362850772915,43.61618947195825,1394200
2018-02-13,43.8381462097168,44.05582266200604,43.22353187682406,43.4966963352618,1189000
2018-02-14,44.28627014160156,44.341754850198384,43.31313367491286,43.620437356759844,1252000
2018-02-15,44.734439849853516,44.77285485943803,43.61618761526863,44.38872104527876,1184600
2018-02-16,45.0289421081543,45.18686468877705,44.28628558610699,44.55517762262315,1176000
2018-02-20,44.644805908203125,45.09723159242657,44.41432563654294,45.02467063658651,1800600
2018-02-21,44.414337158203125,45.18260492970245,44.38872931793241,44.60213667042247,1641800
2018-02-22,44.84114456176758,45.178328514559254,44.41006412449303,44.525302643284924,1896800
2018-02-23,45.33625030517578,45.511242609352735,44.45701321356243,44.85394769150124,1777200
2018-02-26,45.848426818847656,45.98074156858904,45.127112307736894,45.33198150679257,2212000
2018-02-27,45.49416732788086,46.28804275620015,45.49416732788086,45.98073897495073,2137600
2018-02-28,45.57526397705078,46.15573211279064,45.48990235675725,45.72038263915429,2484000
2018-03-01,45.558197021484375,46.18988416666958,45.31918184801093,45.37893564137929,2567200
2018-03-02,46.21975326538086,46.27950704866785,45.3319781189213,45.366124068324424,1297600
2018-03-05,46.83863067626953,47.01362621553771,46.07890125171464,46.07890125171464,2473600
2018-03-06,46.9752197265625,47.06485041304537,46.38194761864917,46.80876227218897,1840600
2018-03-07,46.60389709472656,46.91546999522244,46.43743962594928,46.60816289706817,1595800
2018-03-08,46.78742599487305,46.79169179707361,46.394754017805234,46.599626495246596,1205200
2018-03-09,47.180084228515625,47.19288814494639,46.68497775094711,46.949603963751336,2540400
2018-03-12,47.24412536621094,47.572771288464374,47.07766787546284,47.25266022835834,1111000
2018-03-13,47.26544952392578,47.500198864564595,47.167283986085614,47.500198864564595,1311400
2018-03-14,47.188621520996094,47.538609365613084,47.06484489522048,47.384955847845916,1553800
2018-03-15,46.5099983215332,47.350823800490005,46.35207571045019,47.21424322691525,1295200
2018-03-16,46.014888763427734,46.757548637547316,45.96793888898325,46.44170343558668,2559000
2018-03-19,46.040496826171875,46.48011538853147,45.792943551100755,45.94232802525149,1400800
2018-03-20,45.98927307128906,46.33926091243658,45.77586577165431,46.125853612801826,1355600
2018-03-21,45.68623733520508,45.95939843161557,44.78138916813464,45.669164359637286,2303800
2018-03-22,45.48136520385742,46.18987904137532,45.46856128617601,45.6051418353396,2141400
2018-03-23,45.12284469604492,46.14720049317007,45.0929678012109,45.59660921151109,2213000
2018-03-26,45.65636444091797,45.780141082372786,45.084431106483216,45.46856494956067,3519400
2018-03-27,45.818538665771484,47.40628922180519,45.32343550943656,46.96667078150975,4693400
2018-03-28,45.22100830078125,46.774613278179615,45.037477881434555,46.774613278179615,5050800
2018-03-29,45.408809661865234,45.788674434076654,45.2722291061975,45.30637505919876,2432600
2018-04-02,44.316165924072266,45.47710229395208,44.06007778514874,45.42588336363243,2637200
2018-04-03,44.40153121948242,44.64054640137707,44.08568926393054,44.43567717584955,3245000
2018-04-04,44.832603454589844,45.1911261353945,44.11982389417812,44.11982389417812,2347200
2018-04-05,44.943580627441406,45.139914961177226,44.50395883509398,45.063088199599115,1617400
2018-04-06,44.694793701171875,45.54837227685404,44.47604034282883,44.86636746511538,1857600
2018-04-09,45.21808624267578,45.59554912804997,44.64760494364211,44.82346892841816,1886200
2018-04-10,45.34677505493164,45.50547809273712,45.04652013861502,45.33819456653825,1967600
2018-04-11,45.71995162963867,45.822897871456,45.22668146238044,45.22668146238044,1651200
2018-04-12,45.07227325439453,45.88295623361483,45.033667588837176,45.78001324629281,1828600
2018-04-13,45.38108825683594,45.522633583469414,44.87923443014469,45.230959169728976,1414600
2018-04-16,46.00734329223633,46.20894227674124,45.23955301651465,45.65561844879104,1218400
2018-04-17,46.51776123046875,46.723650416047214,45.95586030508427,46.17461695116809,1738400
2018-04-18,46.38050079345703,46.70220038171808,46.22179775764661,46.50060472197234,1024200
2018-04-19,45.65989303588867,46.256109337164446,45.48403229811899,46.174614334416376,1616400
2018-04-20,44.28302001953125,45.89580821516726,44.18865428277898,45.702789769990304,3138200
2018-04-23,44.51036071777344,44.5532566210736,44.068560402764625,44.30876502575329,1443600
2018-04-24,44.46318054199219,44.81061510126272,44.12432319977245,44.67335672096467,1441600
2018-04-25,45.11943435668945,45.2524024541424,44.36451184494678,44.45458732443075,2089600
2018-04-26,45.83146667480469,45.87435929810521,44.904973576023245,45.531215039203616,2004000
2018-04-27,45.76284408569336,45.994468203585576,45.6255857127755,45.90438943065715,1509200
2018-04-30,45.21380615234375,46.05880098456387,45.1794907443609,45.87865000140003,2786000
2018-05-01,44.909263610839844,45.05510246700609,44.52751367418066,44.95644648143796,1612000
2018-05-02,43.58816146850586,44.8835373566624,43.4852152186868,44.81490979594794,2550200
2018-05-03,43.33509063720703,43.85409905678652,43.245015120337705,43.639632605431444,2178200
2018-05-04,44.2658576965332,44.48461431140625,43.28360459645985,43.287891567684945,1369600
2018-05-07,44.63046646118164,44.857800358828044,44.27016114845107,44.27016114845107,1070000
2018-05-08,44.77630615234375,44.87067191601545,44.5275242794817,44.5275242794817,1608600
2018-05-09,45.1923713684082,45.47117841261266,44.77201567941556,44.90498710595828,1081200
2018-05-10,46.06737518310547,46.153160418852686,45.346768076339124,45.586969354428916,1624800
2018-05-11,45.904380798339844,46.35476148829693,45.767122451233405,46.06737733537051,1630000
2018-05-14,45.86578369140625,46.02449000293271,45.65989451084483,45.95156894101663,1133400
2018-05-15,45.45401382446289,45.762845994534395,45.166629605506635,45.57411449671339,1514600
2018-05-16,45.73282241821289,45.737109390586845,45.20952380876685,45.41969999252046,1234800
2018-05-17,45.102291107177734,45.73710991052713,44.8835344311934,45.6513246471009,2069000
2018-05-18,44.158634185791016,44.887821970961824,43.22785071646786,44.609014972881745,3669600
2018-05-21,44.14575958251953,44.44172423887009,43.79403484457281,44.32162358774155,1694600
2018-05-22,43.888397216796875,44.711947280767966,43.806898950128875,44.26156987351677,1784600
2018-05-23,44.175777435302734,44.317326010351714,43.86694537064923,43.90126077172113,1572200
2018-05-24,44.26158142089844,44.274448882677305,43.73828282523837,44.23584322484279,1193200
2018-05-25,44.36882019042969,45.02937724864161,44.16293095868249,44.2401390115254,1337600
2018-05-29,44.158634185791016,44.44602167319543,43.96990596312735,44.120031801324984,1360800
2018-05-30,44.61759567260742,44.76343455002506,43.879833885517435,44.25729363280753,1635400
2018-05-31,43.322208404541016,44.647609051267416,42.996218593316534,44.647609051267416,2797800
2018-06-01,43.1120491027832,43.43803576878832,42.96621020694007,43.43803576878832,2263000
2018-06-04,43.42085647583008,43.798316054736325,43.12918212360814,43.27072742038759,1544400
2018-06-05,43.25358200073242,43.47662888943177,42.90185723547351,43.47662888943177,1764800
2018-06-06,43.407997131347656,43.442312540020055,42.910436795587835,43.309344422036375,2147000
2018-06-07,43.343658447265625,44.01708277660401,42.691678793289896,43.184952141594486,1990800
2018-06-08,44.38596725463867,44.42456963555348,43.40799772899541,43.46804805875015,2171200
2018-06-11,45.110862731933594,45.39824692853106,44.55325204379641,44.55325204379641,2592000
2018-06-12,45.11514663696289,45.252404985640304,44.5360880807456,45.102279178102066,1384800
2018-06-13,44.91783905029297,45.372506727676495,44.754842507459436,45.17948829510729,1437600
2018-06-14,45.406829833984375,45.462589924016505,44.70338025166571,44.98647421894137,1659000
2018-06-15,45.63845443725586,45.74139740166945,45.26528169157207,45.441145725255716,2676600
2018-06-18,45.27385711669922,45.71565736507434,44.98646966142341,45.50119097091186,1459400
2018-06-19,45.359642028808594,45.582685637183765,45.025074979997115,45.17091055614676,1823600
2018-06-20,45.38539123535156,45.561255303418065,45.119454919248916,45.35965630734124,1700800
2018-06-21,45.067962646484375,45.531210788879726,44.96501970567332,45.4239776043899,1427000
2018-06-22,45.50547790527344,45.67276470328064,44.836343803234506,44.836343803234506,3755400
2018-06-25,45.835758209228516,45.92583370244459,45.18377853571572,45.48832369646685,1973800
2018-06-26,45.6984977722168,46.26468889850634,45.295299920655474,45.852913831431884,2120800
2018-06-27,45.436859130859375,46.44485072265358,45.321048695652436,45.741401076401566,2415000
2018-06-28,49.25434875488281,50.53685676855621,46.41052251141489,46.860903210537934,8311600
2018-06-29,49.794803619384766,50.24089409217567,48.85115283588301,49.36587085006627,4227200
2018-07-02,49.61893844604492,50.433911289330425,49.245765792028145,49.82911456790637,3173800
2018-07-03,49.460235595703125,50.01784949368627,49.31440002784439,49.81625057253087,1892000
2018-07-05,50.66554641723633,50.68699109496657,49.58034362215623,49.75620765103207,3281600
2018-07-06,51.432411193847656,51.63921074650495,50.59660441565257,50.95849952409361,2583400
2018-07-09,51.56166076660156,51.7986182423955,51.346246074777014,51.64351940132444,2304400
2018-07-10,50.80339813232422,51.69952400393115,50.59660187701013,51.49272446164986,2063600
2018-07-11,50.971431732177734,51.10499109826884,50.44151334361486,50.77755979235578,1667800
2018-07-12,50.855125427246094,51.52721853884524,50.65694420938914,51.324728104717565,1224800
2018-07-13,51.32901382446289,51.38502046246874,50.66122694785368,50.67415459074804,1086400
2018-07-16,51.04035568237305,51.41086920129863,50.889566061174776,51.33331978368706,1434200
2018-07-17,51.449649810791016,51.47980773945279,50.893879450908855,50.893879450908855,1242800
2018-07-18,50.63106918334961,51.3979482694594,50.49751312238834,51.3979482694594,1251200
2018-07-19,50.889564514160156,51.225610884605594,50.480274655387355,50.52335693342472,1332200
2018-07-20,50.76463317871094,51.018820967935824,50.493208530660525,51.018820967935824,1222800
2018-07-23,50.49321746826172,50.85942518286702,50.16578940591033,50.773257308325874,1104400
2018-07-24,50.480281829833984,50.67846296654582,49.95466941696157,50.51043975744301,1716200
2018-07-25,50.70001220703125,50.768943213070365,50.12700822253959,50.39843289254512,1589000
2018-07-26,51.173919677734375,51.51427532525084,50.70431717211487,51.03174517555008,1550400
2018-07-27,50.725852966308594,51.32901478763383,50.68277068342125,51.29885686091595,1160600
2018-07-30,50.26918029785156,50.50613780985763,49.97621614072035,50.48890423744193,1865400
2018-07-31,50.63969039916992,50.799098467808804,50.131311552312745,50.458742831721,1947600
2018-08-01,50.605224609375,51.01020532665318,50.256253821828814,50.70431682484627,1364800
2018-08-02,51.540122985839844,51.673682342873995,50.605223921439055,50.61384235065038,1430800
2018-08-03,52.354393005371094,52.811074454784524,51.65214218936937,51.716767263877365,1691800
2018-08-06,52.500877380371094,52.690443391429945,52.307005441401174,52.52672609570898,978200
2018-08-07,52.11743927001953,52.50087721886878,51.89771532941977,52.4750285036104,2723400
2018-08-08,52.27684020996094,52.46640620646332,51.81585286234912,52.12174464287527,1210200
2018-08-09,52.05280685424805,52.44486317753959,51.81154344727935,52.263912335345665,1110000
2018-08-10,52.1303596496582,52.31992564566841,51.544431377415385,51.828780371430696,928200
2018-08-13,52.164833068847656,52.35870501575511,51.85463532422133,52.20791535849732,800000
2018-08-14,52.591346740722656,52.6516625960753,52.07865868325757,52.15620810970634,1156800
2018-08-15,53.478851318359375,53.49608488849889,52.58703460718559,52.59995896304838,1563600
2018-08-16,54.02170181274414,54.2198829555504,53.638263884080416,53.638263884080416,2529200
2018-08-17,54.45683670043945,54.517152553352524,53.86229002605715,53.978615804509104,1259400
2018-08-20,54.51284408569336,54.659327792608295,54.26727145633576,54.52576844192784,1606600
2018-08-21,53.3625373840332,54.646407339074784,52.99202378404909,54.49561768488775,1491400
2018-08-22,53.23759460449219,53.349611181000434,52.70336701086241,53.20743667469779,929200
2018-08-23,53.396995544433594,53.40561068595117,52.983399725275206,53.05663993256039,893000
2018-08-24,53.534873962402344,53.64258133613897,53.09542603685473,53.37977508126415,625400
2018-08-27,53.31083679199219,53.81490976142645,52.95325083606128,53.72874189670917,894800
2018-08-28,53.048038482666016,53.35823626805877,52.798159855071574,53.1471307201542,814800
2018-08-29,53.52193832397461,53.569326534421144,53.02648385180718,53.302214407506575,910800
2018-08-30,53.2763671875,53.61671953378225,53.10403476361851,53.29790668613044,832000
2018-08-31,53.80198287963867,53.853683599202384,53.30222240506143,53.448702846706624,1093000
2018-09-04,54.38791275024414,54.63779463804666,53.651194732317215,53.651194732317215,1198600
2018-09-05,55.02984619140625,55.08585283567843,54.25435187934948,54.37929281223462,1179000
2018-09-06,55.81827163696289,55.90443622629531,54.624875311170044,54.93076387635905,2016200
2018-09-07,56.266319274902344,56.37833254632407,55.36157495348173,55.641611419003326,1981800
2018-09-10,56.65837478637695,56.78762492745781,56.27493686466275,56.365413935599925,1162400
2018-09-11,56.09398651123047,56.817783320980084,56.00782194610038,56.636835762026415,1852800
2018-09-12,56.511898040771484,56.60668104547357,55.887196654460936,56.21893717091825,1618400
2018-09-13,56.55928421020508,56.66268563484021,55.98197438067953,56.66268563484021,1572200
2018-09-14,56.99443054199219,57.02028583359051,56.35680473522973,56.55498919386559,1081200
2018-09-17,57.15814971923828,57.22708401787924,56.615306908797926,56.959971828066195,1183200
2018-09-18,56.54206848144531,56.99443421757607,55.78811682264503,56.99443421757607,1138200
2018-09-19,55.960445404052734,56.74455827633315,55.844119594376,56.48175200939635,1215000
2018-09-20,56.05091857910156,56.106921941825995,55.47360207351444,56.00783300106472,1458000
2018-09-21,56.10260772705078,56.408492934548946,55.91734765757935,56.072446512092654,2203200
2018-09-24,55.84410095214844,56.36110145637371,55.73639360942392,56.00781821674874,1120200
2018-09-25,55.69332504272461,56.296483645321985,55.6502394679952,55.91735162429751,1516800
2018-09-26,55.960445404052734,56.2835675400929,55.6200929799559,55.71487599910928,2526800
2018-09-27,55.27110290527344,55.82257060596502,52.56118877022527,53.63826231059874,3519000
2018-09-28,56.76177978515625,56.86086871751374,55.22802800180451,55.365890006745055,2262400
2018-10-01,57.136600494384766,57.352015222925125,56.35249430094449,56.869488334654186,1656800
2018-10-02,57.47264099121094,58.47216838358301,56.95134108355051,57.18398607374188,3472600
2018-10-03,57.739768981933594,58.08873981030375,57.218462416510384,57.66221625677567,2540600
2018-10-04,58.46786880493164,58.49802344863126,57.218459428796805,57.45541694616167,2310400
2018-10-05,58.71005630493164,58.921977115932656,58.37703977313628,58.37703977313628,1647200
2018-10-08,58.84844207763672,58.99548590596026,58.46352275179275,58.658146958996674,1690800
2018-10-09,58.740333557128906,59.306889950894465,58.506787096063775,58.99982155926346,1367800
2018-10-10,58.082950592041016,59.39338443710966,58.0094286633499,58.878724337050166,2075400
2018-10-11,56.94552230834961,58.33812999344419,56.8244265617521,58.23865990142979,2164800
2018-10-12,57.442874908447266,57.63749256378258,56.621146387044185,57.23960567309959,2492000
2018-10-15,58.069976806640625,58.515437470388484,57.32609933724734,57.43422098571472,1212000
2018-10-16,59.2679557800293,59.436625275887046,58.1218690260242,58.325138238881145,1497600
2018-10-17,59.549076080322266,59.60097235627525,58.46353058068324,59.22038206803005,1916000
2018-10-18,59.453941345214844,60.03780097263451,59.08632504658429,59.700455308438634,1237800
2018-10-19,60.82923889160156,61.01521156499188,59.86911809207145,59.903717812684114,2645600
2018-10-22,61.157936096191406,61.426075695759664,60.33188504686189,60.84221610400435,1963000
2018-10-23,60.99359130859375,61.253085936525814,60.020496352682265,60.535156518573274,2067600
2018-10-24,61.10601806640625,62.113712459135485,60.7643566161363,61.118998733407985,2365400
2018-10-25,60.40538787841797,60.84652595046919,59.964249806366745,60.76002997143684,3044600
2018-10-26,59.8518180847168,60.17618302265678,59.099289052976275,60.05508730709691,2443600
2018-10-29,60.734073638916016,61.248733609551486,60.13291769152618,60.27563902281988,1595000
2018-10-30,62.602439880371094,62.727858099789685,60.634624388121196,60.734094465537474,3325800
2018-10-31,62.27806854248047,62.68460699023045,61.19685207472907,62.06182524893019,3973800
2018-11-01,62.79704666137695,63.38955773103929,62.00559547135999,62.40348231129039,2551400
2018-11-02,62.04452896118164,63.12574543367439,61.4520178467849,62.90085055961384,2704200
2018-11-05,63.51065444946289,63.66202078705933,62.278065104579596,62.30834233163163,1947000
2018-11-06,64.22425842285156,64.25885814185465,63.21224138909255,63.51930317150975,1816800
2018-11-07,64.8773193359375,65.12816238231231,64.2934663238642,64.55728344167024,2170600
2018-11-08,65.4525146484375,65.48711436527189,64.35400168563577,64.87298423970918,2089800
2018-11-09,65.0459976196289,65.4395621039477,64.50971833035558,65.2838666265921,2343400
2018-11-12,64.53995513916016,65.45250186994157,64.16801650483171,65.05893759191102,2529400
2018-11-13,64.0988540649414,64.6740555448831,63.54094254940446,64.44483813128205,3250000
2018-11-14,63.873939514160156,64.50104369072406,63.51065239660575,64.13342748417573,2702000
2018-11-15,64.28479766845703,65.05462316527529,63.42847618533059,63.86528520568048,2781200
2018-11-16,64.87300872802734,65.18007720633177,63.969113056897186,64.21562705846736,3743600
2018-11-19,64.50537109375,65.46116934404441,64.33237910056314,64.84271009991943,1870600
2018-11-20,63.43281173706055,64.66972373371401,63.35928980359784,64.4837576548181,2670000
2018-11-21,62.468353271484375,63.843657221316555,62.32130944022317,63.41549979504301,2735800
2018-11-23,62.788394927978516,63.099785775718075,62.01424689768394,62.282386450207014,1839000
2018-11-26,62.59812545776367,63.177656034582554,62.21321257026778,63.02628305442961,2979000
2018-11-27,63.62741470336914,63.74851040101764,62.481328065188514,62.96138836630241,2293200
2018-11-28,63.990726470947266,63.99072647094726,63.16899789139589,63.700954613414666,1825000
2018-11-29,64.46214294433594,65.04167352943762,63.9042314145167,63.973430869245526,1762000
2018-11-30,64.87300872802734,64.95950475315331,64.2588783706422,64.42754792936613,2676200
2018-12-03,65.521728515625,65.62119859892248,64.68270334542387,65.15411221759744,2298200
2018-12-04,65.54766845703125,66.74133570412535,65.3919730160721,65.5736165973208,2106200
2018-12-06,65.57794952392578,65.94555919824029,64.07722039663268,65.60822015629417,2571600
2018-12-07,65.04165649414062,65.77688236020487,64.63511805311575,65.63416099691604,1566600
2018-12-10,65.4135971069336,65.43954524660468,63.835023684207016,65.22330195038342,2306600
2018-12-11,66.13151550292969,66.90566347178076,65.51305634637038,65.82012467990496,1848800
2018-12-12,66.98785400390625,67.37708933207252,66.51211607017213,66.78890725001136,2281200
2018-12-13,67.39439392089844,67.46791585781116,66.49914340823534,66.88838534387155,1733400
2018-12-14,65.55199432373047,67.25598591144627,65.43954358904188,67.16083833558125,2120200
2018-12-17,63.199256896972656,65.56495867499697,62.79704100421151,65.26221283345222,3624400
2018-12-18,63.0046501159668,64.10316986960606,62.59378913062584,63.385240468310776,3058000
2018-12-19,61.391456604003906,64.27181824257426,61.27901249109901,63.601462855932304,5363600
2018-12-20,60.13724899291992,61.888820633338995,59.488519244558795,61.149265816550404,4507800
2018-12-21,59.74370574951172,62.21752992300555,59.583687800274184,60.11132204282359,4312000
2018-12-24,57.974822998046875,59.76098795131495,57.974822998046875,59.7004400986486,1425600
2018-12-26,59.8302001953125,59.8302001953125,57.96186134206051,58.2040528045911,1690200
2018-12-27,60.5654182434082,60.591372981761616,58.46786227318343,59.39338329780869,2011600
2018-12-28,60.36564636230469,61.04742832522216,59.683871025577425,60.84766856901105,2586200
2018-12-31,60.46554946899414,60.72609797999329,59.84022244068835,60.55239897266052,1316600
2019-01-02,58.89354705810547,59.99220955279676,58.4028443631224,59.831537633980346,3677000
2019-01-03,59.17146301269531,59.97049561599106,58.85445936574935,58.91525467648134,2306200
2019-01-04,59.349517822265625,60.21802617987752,59.09764960341502,59.353857978624234,2890600
2019-01-07,59.85759353637695,60.86071961448117,59.18449824388413,59.36254404486346,2660800
2019-01-08,60.92584991455078,60.96059103675824,59.614400712533445,59.89232306400154,2451600
2019-01-09,60.9215087890625,61.486040481511445,60.60450513050117,60.82597897686211,2091600
2019-01-10,61.17771911621094,61.21680039453386,60.06602969152565,60.7825462988792,2475200
2019-01-11,60.84767150878906,61.37746194630357,60.36130912399825,61.26455828588871,1898000
2019-01-14,60.53068161010742,60.769522701694456,60.09208733369635,60.26578633147308,1932800
2019-01-15,61.13862991333008,61.55985690726508,60.391718980762086,60.75649082307956,1526000
2019-01-16,60.60886001586914,61.334063712485985,60.37869920082974,61.11693661914467,2424200
2019-01-17,61.00400161743164,61.012688552986,60.191948737142916,60.5958017868511,1846400
2019-01-18,60.55238723754883,61.646709325003265,60.16590138887122,61.44260938653622,3209000
2019-01-22,60.27445602416992,60.75647822521042,59.31475177662436,60.59145958620138,3455800
2019-01-23,60.36132049560547,60.56108029910092,59.75770755569709,60.56108029910092,2354600
2019-01-24,53.99949645996094,54.66390470025199,51.6762376967192,52.19300113387706,15281000
2019-01-25,52.701080322265625,54.38164496110275,52.54474857385771,54.29479214915612,6080600
2019-01-28,52.91386795043945,52.91386795043945,51.98890779604032,52.158266650886695,4483000
2019-01-29,52.627262115478516,53.2439022205624,52.136552799845845,52.92689522958475,3248200
2019-01-30,53.24824142456055,53.86922494912108,52.86175552253644,52.8834662406941,3182800
2019-01-31,53.69118881225586,54.4120523717134,53.06152154996546,53.06152154996546,4295200
2019-02-01,53.43931198120117,53.791060078113716,53.20915782324244,53.721577827282964,2822400
2019-02-04,52.88346862792969,53.812772222285616,52.32328038987652,53.604332090463515,4371800
2019-02-05,54.190574645996094,54.281767618022826,52.98768882024685,53.00505938345616,3987200
2019-02-06,53.48274230957031,54.13412352976296,53.34812127115841,54.008189429620835,1977800
2019-02-07,54.21662902832031,54.277424343222414,52.84872781683076,52.91821006991669,2200400
2019-02-08,55.015655517578125,55.04170970458484,53.89527909294531,53.91699312418158,2737400
2019-02-11,55.36305236816406,55.39345002158978,54.676933431826974,55.0113076195099,2507600
2019-02-12,55.910213470458984,56.32710030778239,55.124214636424135,55.484643009193555,2610800
2019-02-13,55.840728759765625,56.235901550133526,55.51938167857448,55.94929227627167,1935400
2019-02-14,55.323970794677734,55.75822156425124,55.13289793811265,55.562808552288374,1859400
2019-02-15,55.78862380981445,56.12300131647046,55.63663222691856,55.7712499354421,3832200
2019-02-19,56.318416595458984,56.76569779873803,55.758225082798354,55.884162485386746,2660400
2019-02-20,56.63541793823242,56.9437412593747,56.118654508062335,56.240245123844524,2031000
2019-02-21,58.085838317871094,58.16400751802646,56.709253324815535,56.74399445530757,3491800
2019-02-22,58.94567108154297,58.98909252847016,56.96112608616792,57.378013059069495,3914600
2019-02-25,57.942527770996094,59.03685007898644,57.621183942328386,58.984741701622475,2688200
2019-02-26,57.77316665649414,58.35072544570504,57.65592281201543,58.34204513394585,1486400
2019-02-27,58.515743255615234,58.559171318526666,57.41274069530107,57.52564438220186,1524200
2019-02-28,59.049869537353516,59.15409290479634,58.467970644728766,58.52442579703425,1639600
2019-03-01,59.36687469482422,59.63176993306602,58.8848524293741,59.12803363965686,1488800
2019-03-04,58.82840347290039,59.64480330150108,57.9164672121787,59.6230892712569,1526000
2019-03-05,58.9847297668457,59.19751664168136,58.60693085501467,58.75457564513356,2349800
2019-03-06,59.262672424316406,59.35820888037897,58.806704179689355,59.01514434464704,1102400
2019-03-07,58.897884368896484,59.64914208954111,58.82840212418478,59.34081877000262,1854800
2019-03-08,59.5145263671875,59.57966183240792,58.95433486152474,59.04119098340768,1463400
2019-03-11,60.396060943603516,60.4264552849438,59.323452787920765,59.418989219890285,1721600
2019-03-12,60.100772857666016,60.60016911542178,59.77508223894414,60.40475606942717,2182800
2019-03-13,60.448158264160156,60.656598338445434,60.12681453009337,60.300513487632685,2063800
2019-03-14,60.56108093261719,60.73912008133069,60.27881178616416,60.59581543027457,1263000
2019-03-15,60.791236877441406,60.799917189016455,60.148536006517574,60.495940629088715,2824800
2019-03-18,61.1038932800293,61.29930628685008,60.63055130646982,60.63923824322822,1401200
2019-03-19,60.92584991455078,61.420899310171805,60.58278547412189,61.12126292905011,1897800
2019-03-20,60.53068161010742,61.06481232315332,60.33526858106059,61.060472167376105,2290600
2019-03-21,62.219913482666016,62.31110973949822,60.26577045462703,60.65659640975871,1691200
2019-03-22,61.82475280761719,62.61509843371107,61.646713666234874,62.20689852803107,2691200
2019-03-25,62.502201080322266,62.684593667361604,61.638039501040026,61.924648850738485,3275400
2019-03-26,63.1231803894043,64.03945686566821,62.51088047787889,62.93210751265661,3047200
2019-03-27,64.00472259521484,64.38252160712452,63.25780488403758,63.54007407353422,2058800
2019-03-28,64.57359313964844,64.62136136294187,63.85707641643983,64.12631187889764,5767400
2019-03-29,65.41170501708984,65.52460871114766,64.48240139712821,64.64307331293982,2500600
2019-04-01,65.29013061523438,65.49423064744788,64.5345258177082,65.381320299129,2445600
2019-04-02,65.57672882080078,65.58975591759216,64.80375682227506,65.34223445236226,2097000
2019-04-03,65.66356658935547,65.8546328308835,64.94704333540598,65.4811740329379,2645400
2019-04-04,66.0066146850586,66.12386513226681,65.44642988384753,65.72000542574555,3507200
2019-04-05,66.20713806152344,66.53841109755135,65.61868562332131,66.0109894658341,2179200
2019-04-08,66.81300354003906,66.81736003159654,64.85586134732863,65.99789399293891,3392800
2019-04-09,66.82174682617188,66.96559091206836,66.40329069891531,66.60380245077741,2108200
2019-04-10,67.37532043457031,67.50172523272815,66.76942874854107,66.94378822150648,2327800
2019-04-11,67.144287109375,67.56274315476765,66.83916637374139,67.25762241913405,1250600
2019-04-12,67.06583404541016,67.5583903930026,66.71712176351639,66.79558518623094,989400
2019-04-15,67.55406188964844,67.56278153022876,66.98740497239332,67.04843580531858,1269800
2019-04-16,66.77815246582031,67.60634504796619,66.55585160673004,67.51916198058878,2169000
2019-04-17,66.45561218261719,67.17918256632925,66.19843272488714,67.02226232565309,1154400
2019-04-18,67.29251098632812,67.49737924197923,65.87587247234713,66.74328687495073,1359000
2019-04-22,66.54712677001953,67.38403227260306,66.11559456430287,67.27070360545542,2227400
2019-04-23,65.9412612915039,66.71714287235594,65.80178032529574,66.6517622086858,1579400
2019-04-24,65.96306610107422,66.40331148275682,65.57076211189465,66.15485827563268,1361000
2019-04-25,65.80612182617188,66.03714232001916,65.18279748627764,65.49228140978798,1299000
2019-04-26,66.62122344970703,66.63429957785831,65.67534582367544,65.88893366870192,1025600
2019-04-29,66.85224914550781,67.03096511240187,66.37713204915087,66.37713204915087,1146800
2019-04-30,67.11377716064453,67.4276175262908,66.72148002915324,66.85224130556162,2815000
2019-05-01,66.46868896484375,67.23149440453331,66.41202128953199,67.05277839096206,1214000
2019-05-02,66.61687469482422,66.92635196519434,65.67970994462088,66.25944274748508,1327400
2019-05-03,66.3248062133789,66.8129992819881,66.23326668744882,66.74325551472057,899400
2019-05-06,66.74765014648438,67.0353316827011,65.82792456653422,66.1068931160808,1798000
2019-05-07,66.73019409179688,66.8958339127682,66.13302874943865,66.54712165073377,1745200
2019-05-08,67.23582458496094,67.56274107402882,66.50789133410575,66.69096376984781,1234200
2019-05-09,67.53223419189453,67.85915072218775,66.75635282542265,67.11814125041654,2126000
2019-05-10,68.29067993164062,68.43452399677625,66.94378548237103,67.45813094152244,1141400
2019-05-13,67.13121032714844,67.56274249620958,66.25507651241197,67.54094673291965,2596200
2019-05-14,67.35789489746094,67.95942356237232,67.1399505001609,67.3360991275039,1674200
2019-05-15,67.5671157836914,67.90275199861308,67.00046570409907,67.0832789833728,1219200
2019-05-16,67.92890167236328,68.3778665558699,67.24019664447583,67.6848050348608,1308800
2019-05-17,67.58889770507812,68.38221829579096,67.33172497996577,67.59761734100174,1220000
2019-05-20,67.52786254882812,67.92452277952887,67.24889410494535,67.36222274894598,1113600
2019-05-21,67.0091781616211,67.8068554018558,66.90456911446554,67.80249890860256,1190400
2019-05-22,67.82427215576172,67.87657666197153,66.6037826855168,67.05710392531104,1385200
2019-05-23,68.11634063720703,68.30813276212292,67.2750718440323,67.53224462465367,1279600
2019-05-24,67.64556884765625,68.31683452342914,67.38839610929178,68.11196630103471,972800
2019-05-28,66.63867950439453,68.04224192261053,66.59944445892593,67.61070963153611,4604600
2019-05-29,66.69535064697266,66.87842316611874,66.29869684772416,66.47740622163646,1467600
2019-05-30,67.67171478271484,67.70658667381454,66.7999374586219,66.8086570941801,1027200
2019-05-31,68.01605987548828,68.14247130463798,66.91326215784149,67.50171447724539,1147200
2019-06-03,68.47811889648438,68.60888018837683,67.74582240621729,68.18606760823424,1606200
2019-06-04,66.74327850341797,68.95323750058043,66.56456918354739,68.75272576340606,1957000
2019-06-05,68.1773681640625,68.23402918475847,66.90021053346514,67.42763890301191,1980200
2019-06-06,68.74838256835938,69.01427500433964,67.81993728923999,68.24274996040752,1324200
2019-06-07,68.78324890136719,69.5547738828289,68.56530451742822,68.87042532471582,1374200
2019-06-10,68.40838623046875,68.9052991738637,68.08146964531062,68.76145507825792,875600
2019-06-11,68.33863830566406,68.9140146533677,68.02916101502446,68.39094282777,1243800
2019-06-12,68.48248291015625,68.97939582732191,68.1337705741672,68.70042728875758,1142200
2019-06-13,68.369140625,68.86605344330012,67.47992401258931,68.48246928491642,1220200
2019-06-14,68.26017761230469,68.6437551709998,68.08581813004858,68.28632987185956,830000
2019-06-17,67.77198028564453,68.51298982274164,66.86969404108109,68.3560762594562,1227400
2019-06-18,66.96992492675781,68.15554246304278,66.76505675056012,68.00734193379022,1955800
2019-06-19,67.8896713256836,68.1555637234058,66.79122983742234,66.96558932428447,1374000
2019-06-20,67.98555755615234,68.52606191061574,67.22275237059033,68.07709045378509,1418800
2019-06-21,67.30557250976562,67.98991427709547,67.24018521724616,67.98991427709547,2121600
2019-06-24,67.19224548339844,67.4842967872975,66.79559179151438,67.41890948671377,1329800
2019-06-25,66.73019409179688,67.76325475004803,66.55584128634625,67.49299925512642,2434400
2019-06-26,65.65791320800781,66.34225496879736,64.7992119866328,66.34225496879736,2948200
2019-06-27,67.94196319580078,68.08145075931877,63.63974425693112,63.63974425693112,4103600
2019-06-28,67.5671157836914,67.90710849190071,65.56203143414093,67.3404584123084,6430800
2019-07-01,67.86786651611328,68.20785915627788,67.27505764203312,67.58017838947141,1820000
2019-07-02,68.87042999267578,68.90094540104022,67.67609229333083,67.86788442837813,2027000
2019-07-03,70.77088165283203,70.8885734509366,68.86605037604394,69.11886659179714,1788200
2019-07-05,70.6177978515625,71.0727163013672,69.79981634033895,70.51719210609386,1514200
2019-07-08,69.85667419433594,70.84087907812311,69.71232334376583,70.59155064500496,1411000
2019-07-09,69.1436767578125,69.91791312496333,68.99057555098389,69.8829183727006,1561000
2019-07-10,68.87245178222656,69.41923213406159,68.76747422639573,69.30112570918706,1757200
2019-07-11,68.67562866210938,69.16116999797701,68.21633172149407,68.88121865767464,1327000
2019-07-12,69.33614349365234,69.41050484526504,68.45255095714819,68.89434722540027,964000
2019-07-15,69.9354019165039,70.25034795861313,69.35799861444852,69.51109979517801,2077800
2019-07-16,69.86542510986328,70.30284950615615,69.4936117031877,69.98790340685996,894800
2019-07-17,70.01417541503906,70.29412687209165,69.7036077089461,69.96168660264458,905200
2019-07-18,70.06663513183594,70.68778363522462,69.83042889957763,70.20224229849201,1378400
2019-07-19,69.44109344482422,70.33781441162289,69.42797125246904,70.05348466994519,850800
2019-07-22,69.48924255371094,69.86979965736518,69.23990743437412,69.58547645858829,935000
2019-07-23,69.34488677978516,69.88291690104037,69.18741373520236,69.74731641048199,892600
2019-07-24,69.47611999511719,69.48049183638281,68.56627641935412,69.18304644071613,1099200
2019-07-25,70.24597930908203,70.53905284159416,69.01244603305436,69.24428041958734,1173800
2019-07-26,71.1120834350586,71.30454455230657,70.00102179124616,70.48219127078166,1428600
2019-07-29,71.07270050048828,71.26079642583406,70.36407524935773,71.26079642583406,1050800
2019-07-30,70.57843017578125,71.60637351928413,70.31160102265893,71.08146556998834,1001200
2019-07-31,69.34925842285156,70.62216497338261,68.68437816945844,70.39470242639742,1345000
2019-08-01,68.87245178222656,69.74292850519126,68.79809045532478,69.6641886637533,1533400
2019-08-02,69.62921142578125,70.19349262849735,68.96870299754934,69.20928774775517,1527400
2019-08-05,67.6870346069336,70.0709955669172,67.33271533812193,69.68606006967869,4073800
2019-08-06,68.02388000488281,68.74563441778227,67.44210463250981,67.80516775998626,2848400
2019-08-07,69.83917999267578,70.01414707955914,67.2714942742519,67.8445258341129,2387800
2019-08-08,70.958984375,71.04209607620517,69.56797135784097,69.97915134828777,1424600
2019-08-09,71.51889038085938,72.0481768489277,70.81463682021808,70.99835426978971,1155400
2019-08-12,72.2187728881836,72.40249033975955,71.3832906617142,71.38766250297786,1442600
2019-08-13,73.10675048828125,73.36920115362668,72.15316171619419,72.17503427361483,2360200
2019-08-14,72.89677429199219,74.24842077367592,72.5905785439576,72.914275005918,2536600
2019-08-15,73.92473602294922,74.40152709717731,72.88804215659559,72.95802499968545,1799200
2019-08-16,74.33589172363281,74.62896522384607,72.88801825896137,74.26153038846518,4080600
2019-08-19,73.73225402832031,74.84331571543966,72.11378512203683,74.67272047051239,1864800
2019-08-20,70.52593231201172,72.55995972394096,70.22848693152648,72.47246950655921,2714200
2019-08-21,70.42970275878906,70.88462788880848,69.76919429402203,70.45157531448427,1231200
2019-08-22,71.02898406982422,71.2127015372113,70.21537432878578,70.42970803678702,1579600
2019-08-23,70.33784484863281,71.19519293479894,70.01414838981772,71.16019818185406,1141200
2019-08-26,70.68341064453125,71.05959591387749,70.29410317650978,70.7534001538438,1060200
2019-08-27,71.31330108642578,71.54076364868978,70.3990856706771,70.55218020956173,1738800
2019-08-28,71.67636108398438,72.00880121880014,70.97647938750572,71.19081974226187,990000
2019-08-29,71.3570327758789,72.06565805151078,71.18643755490955,72.05690769607078,1375000
2019-08-30,71.24330139160156,71.89943791331332,71.16456821278777,71.70259829171297,1184000
2019-09-03,71.78570556640625,71.8600669000078,70.95022351163199,71.1689356720714,1690800
2019-09-04,72.2493667602539,72.34560063479827,71.37451820953402,72.02628278266364,897800
2019-09-05,71.62825012207031,72.52059301884262,71.33517655610669,72.48560493820355,1150000
2019-09-06,72.16625213623047,72.20999723180793,71.52323794371573,71.9475400074721,1134200
2019-09-09,70.51280212402344,72.15314339555577,70.22847897345079,72.15314339555577,1359800
2019-09-10,68.23820495605469,70.23285910991642,67.40710128346781,70.14100372561742,3555800
2019-09-11,68.86370849609375,69.49360059399206,67.77452619516299,67.91012666840614,1477400
2019-09-12,69.02994537353516,70.45595322804215,68.92933962767756,69.55485333289819,1128800
2019-09-13,68.72810363769531,69.50234651484234,68.1638292294945,68.61874756308107,967200
2019-09-16,69.23554229736328,69.54173808136518,68.34757118647401,68.4350547426792,799800
2019-09-17,69.54174041748047,70.460334474912,69.37114514105093,69.43676281633473,1278600
2019-09-18,69.65983581542969,70.06663730431178,68.86372020231849,69.85230361967928,1237200
2019-09-19,70.00102996826172,70.42096035168832,69.63359505436782,69.84355690879762,1144800
2019-09-20,70.04915618896484,70.54344798884068,70.02728362997985,70.28099063015648,1826200
2019-09-23,69.90479278564453,71.22581635177492,69.8610543500782,70.44282293253394,900200
2019-09-24,69.91792297363281,70.85401103617734,69.49362072020881,70.3291030274307,1357400
2019-09-25,70.22848510742188,70.53905267753446,69.70794903052655,70.06663354912273,1035800
2019-09-26,70.2503662109375,70.849635544885,70.10601534791867,70.80589043200641,1108600
2019-09-27,68.58814239501953,70.53030766133578,68.2075786552795,70.45594631955275,1681200
2019-09-30,68.36945343017578,68.95560068181518,68.24259658232387,68.59691604818825,2033600
2019-10-01,73.02799224853516,73.86347434006487,69.3973688906054,69.4367421538864,6256600
2019-10-02,72.0613021850586,72.80492237272479,71.0858409115159,72.46373185515363,2515400
2019-10-03,73.20299530029297,73.47856820620667,72.13129989822629,72.17941686188874,2132200
2019-10-04,74.15980529785156,74.1773591223957,73.20734455625704,73.45314498151237,1115600
2019-10-07,73.83500671386719,74.2344248925256,73.19418157572417,73.83939349590248,1162200
2019-10-08,73.14151763916016,73.9315737808002,73.14151763916016,73.87890560381672,1123400
2019-10-09,73.03618621826172,73.34782194225386,72.14079358007035,73.20297773510642,1133600
2019-10-10,72.72457122802734,73.39611751062891,72.13642071994413,72.46121685558833,1188200
2019-10-11,72.31636810302734,72.83868333406278,72.00473903573392,72.83868333406278,1240400
2019-10-14,71.54824829101562,72.82989212293569,71.4385184420768,72.42170029962493,923400
2019-10-15,70.66603088378906,71.8335582188053,70.58702859816414,71.82916473801774,1077200
2019-10-16,70.41584014892578,70.86793331833448,70.11737815462138,70.86793331833448,1135200
2019-10-17,71.1488265991211,71.62285358534118,70.4289991604827,70.61334447676329,1038600
2019-10-18,70.92497253417969,71.2234411595615,70.89863844610606,71.03470236607143,1148600
2019-10-21,71.27173614501953,71.49119585065402,70.74064071053742,70.8372035168069,1074400
2019-10-22,70.4465560913086,71.72819979719722,70.42900226405108,71.4911862936428,1299600
2019-10-23,70.42900085449219,70.73184957592338,69.8759581949707,70.51238990401872,954400
2019-10-24,70.22711181640625,70.45535180507578,69.76185827220324,70.40707039780682,885000
2019-10-25,69.95499420166016,70.38074666552652,69.43267890903769,70.31929820153448,1112200
2019-10-28,70.32366943359375,70.40706519429295,69.7925739928865,70.18760548608611,1085000
2019-10-29,71.2892837524414,71.59213919136415,70.2358799362892,70.3763306529997,916200
2019-10-30,71.5702133178711,71.94329757557351,70.86355264787225,71.42536907772946,993400
2019-10-31,70.52995300292969,71.57018974256978,70.22709757306538,71.48240721007903,1224400
2019-11-01,70.50363159179688,71.11372934378345,70.32367301453272,70.58702735674267,814600
2019-11-04,69.55115509033203,70.80207107448652,69.17807100710277,70.44654751375442,1892200
2019-11-05,69.79695892333984,70.05591973993067,69.287810855299,69.3843736508715,1629600
2019-11-06,69.92863464355469,70.50361792529927,69.66528035239361,69.9022938565363,1145400
2019-11-07,70.41584014892578,70.48606886430761,69.30098775609964,69.78818858582035,1041200
2019-11-08,70.091064453125,70.43780795296425,69.5643623292794,70.25785602633877,1203200
2019-11-11,70.42022705078125,70.5562909882605,69.94180652952247,70.01202854096518,1106600
2019-11-12,70.71868133544922,70.75818916573097,70.05152876625343,70.41582592176205,1025400
2019-11-13,71.83357238769531,71.90380112035598,70.56070172339786,70.7669944397257,1082800
2019-11-14,71.59213256835938,72.03543868298227,71.39900699054266,71.96521667981234,937400
2019-11-15,71.27173614501953,71.53947725378876,70.53434805145069,71.53947725378876,3128600
2019-11-18,72.62801361083984,72.67629502600197,70.63531523674531,71.31125504901506,1830200
2019-11-19,72.84307098388672,73.04058338637687,72.25052707903731,72.61921779000279,778000
2019-11-20,73.71651458740234,73.80869061162112,72.61482926415407,72.92645829902287,1220800
2019-11-21,73.04935455322266,73.69896010535149,72.86062242073002,73.52338832205503,1290800
2019-11-22,73.26004028320312,73.49705381760357,72.20224289841472,73.18542478723671,906000
2019-11-25,73.13274383544922,73.51899502711086,72.75088612384253,73.48826745623863,950800
2019-11-26,74.14663696289062,74.1685842682033,72.92644179813138,73.28635885260287,1814800
2019-11-27,74.36609649658203,74.79184876890048,73.6287152604288,74.14663683857778,938200
2019-11-29,74.287109375,74.60751866572365,74.12909812113735,74.41000627273999,1008800
2019-12-02,74.26953887939453,74.4012093135841,73.7077160048848,74.11152766098992,1043000
2019-12-03,74.98500061035156,75.04206228458482,73.81747321335776,74.19933770628707,1137000
2019-12-04,75.21761322021484,75.4195190851167,74.32660740023891,74.42756368137901,963800
2019-12-05,75.57313537597656,75.59947616448446,74.81380672643155,75.12544243201539,854600
2019-12-06,75.48974609375,76.0691161890025,75.30100727892217,75.66969794838997,743400
2019-12-09,75.81893157958984,75.91110089334789,75.31417030433894,75.58630485788717,750800
2019-12-10,75.21322631835938,75.47658062914006,73.74284369502746,74.17298951579448,1175200
2019-12-11,74.90159606933594,75.32296165783721,74.22127632873419,75.20006475647826,901200
2019-12-12,73.06253051757812,74.97182600012808,73.00546884910031,74.53290657461605,1194000
2019-12-13,73.51900482177734,73.67701608511035,72.71578145794946,72.84745862695681,1103600
2019-12-16,73.57167053222656,73.84380512497619,73.33465699390017,73.65945977352703,1537600
2019-12-17,73.31270599365234,74.0061994412731,73.17225526992249,73.5628932634846,908400
2019-12-18,73.50584411621094,73.7955325735437,73.07131143021181,73.61118719998092,1170600
2019-12-19,73.87451934814453,74.2344364524005,73.38731857127254,73.400485616806,1061800
2019-12-20,73.84818267822266,74.70846757484202,73.83062885058379,74.2607679502045,3253800
2019-12-23,73.40926361083984,74.50217523798555,73.36536899549951,74.21687363302934,833800
2019-12-24,73.84818267822266,74.00619391648426,73.39609627101991,73.45754471382287,435200
2019-12-26,74.44950103759766,74.48461539071387,73.68139214379782,73.86573747462442,1426200
2019-12-27,75.42831420898438,75.55998469314645,74.53730821346275,74.60753023922264,1085400
2019-12-30,75.05386352539062,75.29613789780011,74.42393268089226,75.25649373376528,1566600
2019-12-31,74.76752471923828,75.32256987135787,74.74109527801888,75.05385934958053,1795200
2020-01-02,73.79842376708984,75.13757401175303,73.72794076018558,74.60895818160049,1561200
2020-01-03,74.97455596923828,75.29612533770499,73.6221981780412,73.86006984419927,1469800
2020-01-06,75.42388153076172,75.6441358263844,74.71906509611806,75.00099032565,1326600
2020-01-07,74.12877655029297,75.38863124316414,74.07591767643011,75.20802112863016,1432000
2020-01-08,73.73233795166016,74.68383150094512,73.69709645403799,74.56489900830223,1014400
2020-01-09,71.4681167602539,73.00108478638866,70.97033989776543,72.55617352592394,2770800
2020-01-10,72.3447265625,72.67070535109181,71.2390523799854,71.2390523799854,1100000
2020-01-13,72.81608581542969,73.13325260131,72.37557713744359,72.37557713744359,1232200
2020-01-14,73.51648712158203,73.57375539606211,72.90858304365021,72.90858304365021,1898600
2020-01-15,73.8336410522461,74.5516721660981,73.63981620765091,73.63981620765091,1453000
2020-01-16,73.63101196289062,74.07592996379361,73.17728862930116,73.97460814324714,1698200
2020-01-17,74.30500030517578,74.34024180588155,73.5561368996578,73.71031762504192,1084200
2020-01-21,75.39305877685547,75.48116589119118,74.32702856535848,74.37989417828574,1982600
2020-01-22,76.00096893310547,76.43707498574514,75.50319192852349,75.60010438466564,1690400
2020-01-23,76.106689453125,76.27407818725592,75.19924261288041,75.21245733605839,1590600
2020-01-24,76.06263732910156,76.90401056932211,75.77630935934015,76.76745394615499,1396200
2020-01-27,76.08023834228516,76.54717635262094,75.74544752609921,75.91284293419218,1698000
2020-01-28,73.1508560180664,74.86443417924959,72.06720864132477,72.37556331268915,4551400
2020-01-29,73.74554443359375,74.25653600958032,71.88659765189901,72.6839171218357,1872800
2020-01-30,72.90856170654297,74.256523405072,72.46365052734602,73.89090053198626,1848200
2020-01-31,71.96589660644531,73.82044099610069,71.90863505216987,73.02752407508855,2006400
2020-02-03,71.8733901977539,72.59141469907925,71.57825022013958,72.30948944272913,1793800
2020-02-04,70.78974914550781,72.34034170413045,70.6796219667744,71.97912133150268,1756600
2020-02-05,71.36680603027344,71.60908713910467,70.80736486816986,71.20822264282288,1354000
2020-02-06,71.4152603149414,72.1905598421718,71.27430104193589,71.36680409448951,1164800
2020-02-07,71.85137176513672,72.11567966436873,71.41086308083612,71.57825853179166,1080400
2020-02-10,72.0716323852539,72.5033290514163,71.78530440416888,72.30510147053977,891600
2020-02-11,71.91303253173828,72.57379546464858,71.8117174307479,72.07161590450188,879200
2020-02-12,72.70154571533203,72.84251171180172,71.5474151861583,71.89542078892492,1113600
2020-02-13,73.6001968383789,73.81163913932033,72.36236842587392,72.62226695428417,916000
2020-02-14,73.49445343017578,74.38868535311467,73.39313833392916,73.83804960147113,924800
2020-02-18,72.64429473876953,73.40637294347115,72.39761093065545,73.22576275480561,1286600
2020-02-19,72.25662231445312,72.95702934806475,72.1068510094596,72.64427201832109,962400
2020-02-20,72.16854095458984,72.39760736009693,71.43729490115177,72.30950024300468,1135400
2020-02-21,71.45050048828125,72.23460533441066,71.38442688053996,71.92625062890389,936800
2020-02-24,70.91747283935547,71.50335000881813,70.22587119966487,70.87782196200315,1442400
2020-02-25,69.76335906982422,71.15977081023739,69.62680245141338,70.78974512390559,2959600
2020-02-26,67.44627380371094,70.16861379753293,67.37138814632011,69.60036064597766,2354600
2020-02-27,66.19082641601562,67.98369982316206,66.08510864331643,67.3405542455186,2253000
2020-02-28,64.39795684814453,65.58292612271934,62.72402273183586,65.34945708962039,3578800
2020-03-02,67.16436767578125,67.21282390572198,64.23498726304908,64.67108661088568,2245400
2020-03-03,66.03224182128906,68.0762016226449,65.5344716335158,67.17756696308147,1972800
2020-03-04,67.78546905517578,67.80748910902228,66.28773570406484,66.99695485592873,2873400
2020-03-05,67.63571166992188,68.40660199555701,66.75029148712211,66.98376059086976,2189600
2020-03-06,66.35821533203125,66.64895262164646,64.73273752019728,65.90008934487852,2346200
2020-03-09,63.44646453857422,65.12039886415363,62.939882246056975,63.87375849520349,2872600
2020-03-10,66.75028228759766,66.86040946179638,63.69315085638051,64.58738297314378,2818000
2020-03-11,64.58296966552734,65.69305328061364,64.08079010278348,65.34504770336932,3015000
2020-03-12,57.785911560058594,62.19980935734622,57.74626740155548,61.15140352104168,4330000
2020-03-13,59.46866226196289,60.57874583957536,56.451175599278784,59.746184836773,3300400
2020-03-16,53.0240364074707,56.60977379721643,52.508638645299555,54.407233534305384,4148400
2020-03-17,61.09853744506836,61.472972419018404,53.05925602541127,53.96229994016398,4872600
2020-03-18,62.12493133544922,65.77234224145381,57.42910774276405,57.900455201608935,4908200
2020-03-19,55.34109878540039,61.15141213624903,54.623070917904904,59.68010818211952,3857800
2020-03-20,54.8609504699707,60.35850018088001,54.235428961690026,55.07679877844217,3332000
2020-03-23,50.143104553222656,55.48647370656044,49.43829132751503,54.935837848849076,3428600
2020-03-24,55.03274154663086,55.297046044141624,51.495457896896504,51.61439374449144,2856000
2020-03-25,54.70677185058594,55.67148353574125,52.50422853892134,54.40722582576698,2830000
2020-03-26,57.98856735229492,58.49074702180806,54.60105423636988,54.64070176860239,2022800
2020-03-27,58.2748908996582,59.31008899661252,56.38511160116714,56.86526445395484,1992200
2020-03-30,63.05879211425781,63.60942776569781,59.02814183436767,59.46865035551967,3329600
2020-03-31,62.2042236328125,62.992731085386005,61.384877351228376,61.60953432202656,2925400
2020-04-01,61.06330871582031,63.22180519755702,60.15145927863217,60.42457249877848,2426400
2020-04-02,63.96626663208008,64.41999002234923,60.944376901004986,60.944376901004986,2932400
2020-04-03,64.701904296875,65.08514462190035,63.11166800712962,63.2790567017786,1489000
2020-04-06,66.96170043945312,67.48150400952247,62.81652020544209,65.59171861745186,1944800
2020-04-07,66.20845031738281,67.39782230790246,64.72834100959903,67.21280948463304,1759600
2020-04-08,65.67985534667969,66.44633624688194,64.56095939107539,65.93534449899384,1623600
2020-04-09,68.25431060791016,68.54183416219686,65.70196027717547,65.70196027717547,1558600
2020-04-13,65.77272033691406,67.66154804717438,64.39259683885858,67.66154804717438,1777200
2020-04-14,67.76329803466797,68.10832896949276,66.9582213536131,67.52885411099716,1725000
2020-04-15,67.48461151123047,67.74117416769941,66.5954944385756,67.23689770490046,1061400
2020-04-16,68.74972534179688,69.40439849180386,66.92282594211349,68.0110049918488,1449200
2020-04-17,69.39998626708984,69.7804058654089,68.14371940741135,69.74943826162104,1627400
2020-04-20,69.05937957763672,70.43066131534738,68.53298428638847,69.09919603431048,1114000
2020-04-21,66.8741683959961,69.0328288280439,66.10890823451486,68.82935252484296,1328400
2020-04-22,67.84290313720703,68.36044943031224,66.36546259965597,67.19265110876081,1005400
2020-04-23,67.06880187988281,67.8738784830948,66.47163612720857,67.17938888034413,1109400
2020-04-24,68.2365951538086,68.4268082900012,66.7812733081006,67.23247012563962,775800
2020-04-27,69.39114379882812,69.55923823554816,68.17026548130949,68.56837606862966,986000
2020-04-28,69.31592559814453,70.10773224483407,68.76741843476053,69.33804434659906,1292600
2020-04-29,69.20978546142578,70.11217259946422,68.36489898556823,69.23632526700099,1613800
2020-04-30,69.37786102294922,69.67423338290884,68.27641878587595,68.97090165928698,2047600
2020-05-01,68.3073959350586,69.50616231108371,67.88274551934914,68.73647415177743,1038600
2020-05-04,69.62115478515625,69.89098734807015,67.60846993880128,68.23218226860646,1351800
2020-05-05,70.86857604980469,71.45689295007274,69.66538894983015,69.66538894983015,1463400
2020-05-06,70.87301635742188,71.89483943511803,70.74473162273556,71.05880175793966,1718800
2020-05-07,71.1561050415039,71.71346113462806,70.57663019673375,71.33304155528116,1235800
2020-05-08,72.55834197998047,72.80605578030227,71.27553547844481,71.88155007921026,1067400
2020-05-11,72.92108917236328,73.72615922867165,72.2442970990366,72.83704195089062,1346800
2020-05-12,74.5887222290039,74.80989624272975,73.32360660050422,73.48727996045412,2098800
2020-05-13,74.54450988769531,75.48228577761009,73.89867863823717,74.58874065154782,1904000
2020-05-14,77.64093017578125,78.11423907059934,75.82730050477696,76.65006813239759,2356600
2020-05-15,78.72909545898438,79.70225971286368,77.0304807522465,77.28704340321652,3712200
2020-05-18,77.9992446899414,79.79075592313322,77.93731622322424,79.47668578854835,1825200
2020-05-19,76.31387329101562,78.32655789434547,76.26963579436007,77.68957574079371,1411400
2020-05-20,76.78718566894531,77.05701821179566,75.94672719105453,76.99951756310911,1764800
2020-05-21,75.44688415527344,76.98183246592352,74.85856042456153,76.98183246592352,1498400
2020-05-22,76.02635955810547,76.1192556213607,75.26552034846684,75.36283746246916,737200
2020-05-26,75.65477752685547,77.40647856808089,75.42033362798746,76.61909967194023,1217400
2020-05-27,76.08384704589844,76.1900129832942,75.14164375688144,75.54860305902413,1141600
2020-05-28,76.30945587158203,77.02163646656764,75.8140282401817,76.83143005440331,1233400
2020-05-29,77.48169708251953,77.95500605352326,75.81846385805888,76.260811970999,2862600
2020-06-01,78.10539245605469,78.70255822807528,77.4285937815859,77.85325084698071,1088000
2020-06-02,77.59669494628906,78.42388364868376,77.19415659658107,78.00365434665366,1408400
2020-06-03,77.10127258300781,77.84884192677953,76.76066266756528,77.548041719069,1108600
2020-06-04,75.53978729248047,77.08800564997289,75.0930113895127,76.89779245621027,1148800
2020-06-05,75.56632995605469,75.80519497037648,74.25697655434114,75.53979014887412,1798800
2020-06-08,76.42447662353516,76.78719852482705,74.76567138969203,74.88952830717666,1371200
2020-06-09,75.68576049804688,76.49525155872716,75.34957163162176,76.49525155872716,954200
2020-06-10,76.26522064208984,77.13664674597507,75.70785783978455,76.2298319919677,1348000
2020-06-11,74.24369812011719,76.53506462241273,73.95617457576873,76.08386770309582,1152600
2020-06-12,73.66863250732422,75.13723109835023,73.28821295962307,75.13723109835023,1045200
2020-06-15,75.3761215209961,75.41593798398111,73.00956298524109,73.11130116909821,1071800
2020-06-16,76.512939453125,76.85797037728915,75.01337989819766,75.92019471158099,1353400
2020-06-17,77.03047943115234,77.57456557404133,76.47754443846586,76.61025018664957,1023200
2020-06-18,76.91546630859375,77.3091557274278,76.47311834362543,77.02605329983584,793000
2020-06-19,76.17232513427734,77.893058604264,76.12366658372471,77.64976585150087,1746000
2020-06-22,76.39351654052734,77.3180224619498,76.11041402273351,76.78278503363003,1262000
2020-06-23,76.26522064208984,77.5701458980054,76.1590546917234,77.41090034730317,1268400
2020-06-24,76.20331573486328,76.7783696650455,74.82318495248656,76.08387984751309,2024200
2020-06-25,78.97681427001953,80.0340257912456,76.77392297154714,77.11895389481286,2907800
2020-06-26,77.9638442993164,80.91430500127599,77.53476614816154,79.84382352355524,2895800
2020-06-29,79.348388671875,80.64004405889543,78.12308278687641,78.43715284573486,1720000
2020-06-30,79.36165618896484,80.05171798804885,78.48580229040917,79.54744153874171,1619800
2020-07-01,79.40150451660156,79.9677096912845,78.93703754135592,79.3174572758802,1292200
2020-07-02,80.61328125,81.88721838336498,80.17827948279334,80.43573144345184,1325600
2020-07-06,80.59551239013672,81.5099065745288,80.14718804527818,80.97280734466815,1003600
2020-07-07,81.29240417480469,81.67414228466748,80.26260329409162,80.26260329409162,927400
2020-07-08,81.51435852050781,81.56318573255025,80.67542316675379,81.03940906981394,920200
2020-07-09,81.6075668334961,81.94935050392418,80.93730184151077,80.99944494277861,737000
2020-07-10,82.5219497680664,82.6062882738847,81.02162924920817,81.61642839022578,816800
2020-07-13,81.1903305053711,83.57840730239987,81.04384886306462,82.77942637795171,969200
2020-07-14,84.07998657226562,84.26197951249355,80.99944957656527,80.99944957656527,1264000
2020-07-15,83.9823226928711,84.95885998996815,83.72487078101183,84.42620389819609,912000
2020-07-16,84.21314239501953,84.71473032191741,83.79589298040604,83.91129965490119,659000
2020-07-17,84.73249053955078,85.37168061568633,84.26641387794442,84.67034743620928,870400
2020-07-20,85.0298843383789,85.09647058438622,84.22646042408856,84.5194236511052,771200
2020-07-21,85.92654418945312,87.23155631523598,85.69128763867907,86.11297352555194,1111800
2020-07-22,86.0330581665039,86.51688705307573,85.03876183173851,86.51688705307573,1314600
2020-07-23,86.95189666748047,87.34251432981956,86.20173628098392,86.20173628098392,736800
2020-07-24,85.89990997314453,87.22711070838109,85.5004127444025,86.78767256178321,1058200
2020-07-27,87.00959014892578,87.03622193583219,85.75340560615577,86.02860976830769,780800
2020-07-28,85.66460418701172,86.66777289721614,84.5460220718483,85.0032190003426,1164800
2020-07-29,86.26387786865234,86.80541351898425,85.82887615338397,86.07744856210876,747000
2020-07-30,86.04193878173828,86.15290909282898,85.00325829547106,85.82887768090943,799000
2020-07-31,86.512451171875,86.512451171875,84.75024210304979,85.75785441670398,1286400
2020-08-03,87.12943267822266,87.52448665222221,86.32157246341995,86.86310803763362,881600
2020-08-04,88.00389099121094,88.25690654560715,86.96964690349414,87.00515821497555,736400
2020-08-05,87.55557250976562,88.23027387500065,86.84092345942138,88.19919893785566,987400
2020-08-06,88.35456085205078,88.49216295069348,87.12057156519735,87.24041462157577,694200
2020-08-07,89.46424102783203,89.59296357238281,87.94616841126802,87.94616841126802,1243400
2020-08-10,89.5841064453125,89.90813782271418,88.78511893595466,89.4376248375061,878000
2020-08-11,87.78639221191406,89.66400790676377,87.5023084973905,89.66400790676377,785600
2020-08-12,89.5130844116211,90.17002669111255,88.10598182048491,88.11485456785981,860200
2020-08-13,89.6817626953125,90.0990121443551,88.2213963967536,89.42875391067211,999600
2020-08-14,89.46424102783203,90.33424422949197,89.14908245269433,89.66398617707418,837400
2020-08-17,89.79718017578125,90.28988864488328,88.80732686329358,88.9937561795632,916000
2020-08-18,89.88153076171875,90.55178911538738,89.18463383950174,89.81050812510591,603600
2020-08-19,89.89483642578125,90.28544733650168,89.32666894374185,90.28544733650168,611800
2020-08-20,90.0590591430664,90.61391065998437,88.98486741908398,89.12690588540829,734600
2020-08-21,90.17446899414062,90.54289122711228,89.88594890442417,90.17003262016146,714200
2020-08-24,90.036865234375,90.6227916971279,89.570788597747,90.36977615009644,660800
2020-08-25,90.01020812988281,90.66715025567954,89.49974757857709,90.66715025567954,583800
2020-08-26,91.21759033203125,91.69698286041563,89.16241812455829,89.8504353673254,828400
2020-08-27,91.19538879394531,91.98993991403981,91.15100473896297,91.41732938812532,525400
2020-08-28,90.81365203857422,91.27084912747166,89.99691226550398,91.04890853002283,573600
2020-08-31,91.5283203125,91.82571996295395,90.70270084516103,90.75152805780816,759200
2020-09-01,91.408447265625,91.52386070609018,90.28099205944697,91.15987489091421,650400
2020-09-02,93.11740112304688,93.40592120474516,91.58601227962936,91.88341188212924,847800
2020-09-03,90.55619812011719,93.69000497583995,89.84599228791922,92.72677684400132,891200
2020-09-04,89.59742736816406,91.15988439294841,88.24358828647286,90.72931906576973,1151000
2020-09-08,87.6754150390625,89.59742141535818,87.51561753883892,89.56191010718744,1175600
2020-09-09,89.97029876708984,91.36852210601913,88.34125526342649,88.34125526342649,1246800
2020-09-10,87.97280883789062,89.9791535924663,87.3913255976634,89.59741552110573,792800
2020-09-11,88.17257690429688,88.49660834118782,87.37358924825203,88.20365184488038,746400
2020-09-14,88.82063293457031,90.02799036903573,88.32792451996795,88.77624210428226,1044600
2020-09-15,88.93161010742188,90.17891532165056,88.61645144344527,89.10028037474923,1067200
2020-09-16,88.19031524658203,89.93033554408062,88.11041988014155,89.37992040727272,1057800
2020-09-17,85.54922485351562,87.32474971731432,84.8301394510659,86.9874024315049,1771200
2020-09-18,84.31968688964844,86.37485251189453,83.62722643662427,85.41163099320829,1790600
2020-09-21,84.51498413085938,84.75024064271621,83.19665632580269,83.68492839178299,1185600
2020-09-22,85.39830017089844,85.64243617514987,84.2087018564941,84.35961983254433,1355400
2020-09-23,82.33551025390625,85.93538635848374,82.15795374449698,85.83328882566529,1410600
2020-09-24,83.82696533203125,85.39830176243423,82.47756272325103,82.58853302060712,1240200
2020-09-25,85.03431701660156,85.30064164857377,83.58726010117215,83.89353918506583,1080600
2020-09-28,86.63673400878906,87.24929226501187,86.01530300471518,86.44143195971581,2829800
2020-09-29,84.28861236572266,85.74010598540583,81.32792516813788,85.58030846054997,4796800
2020-09-30,86.15736389160156,87.07619466968428,84.78132913875183,84.95000620180974,1861400
2020-10-01,85.75785827636719,86.7610342610728,84.83902758804227,86.44143921128399,1524400
2020-10-02,85.87364959716797,86.35013495171737,84.67576362197799,84.95186067022688,1006000
2020-10-05,86.87113189697266,86.98691012582152,85.86027563949514,86.09183889208865,816400
2020-10-06,85.33926391601562,87.17839759265561,85.161142517531,87.17839759265561,1087000
2020-10-07,86.47035217285156,86.85331930876104,85.55301402739065,85.79348539837123,977000
2020-10-08,86.53714752197266,86.94683216415766,86.24324110641746,86.79987895638006,695200
2020-10-09,87.32978820800781,87.73947279826685,86.95572925101845,87.18728567492914,732400
2020-10-12,89.46280670166016,89.60085855631002,87.27633902232328,87.32977406612731,1039600
2020-10-13,89.16448211669922,90.54494680568968,88.44308158362345,89.29807656964928,1297600
2020-10-14,88.1758804321289,89.74782507595393,88.05565155657739,88.94627205936301,635000
2020-10-15,88.68354797363281,89.11104887282191,87.40105886585806,87.60144715192635,699200
2020-10-16,88.79042053222656,89.94377257958192,88.78596987538474,89.11995260071207,809000
2020-10-19,87.96214294433594,89.69439973814046,87.78402154243824,89.0397930540777,681000
2020-10-20,87.25410461425781,88.50097486103847,87.14722769199793,88.08238207580746,533000
2020-10-21,86.98690795898438,87.88198596531669,86.87558038963124,87.23182997054037,398800
2020-10-22,86.67072296142578,87.11603314375667,86.2699397203915,86.83548555452208,554400
2020-10-23,87.48566436767578,87.69050330015925,86.67074570477938,87.07152225608768,553800
2020-10-26,86.4168930053711,87.25407832357935,85.82462964673378,86.75978374877042,535600
2020-10-27,85.59308624267578,86.96018517843424,85.5173775205792,86.61284372661834,1094800
2020-10-28,82.68074798583984,85.08096980721265,82.5605123235002,84.4842557413555,907800
2020-10-29,81.8925552368164,83.26856912350492,81.87029515942258,82.64513067388314,863000
2020-10-30,80.38294982910156,82.07513011803461,79.49232933965207,81.53630852705892,1375600
2020-11-02,82.45809936523438,83.08153780115447,81.55412008830073,81.66099699600296,1005000
2020-11-03,83.5758285522461,84.35067087136247,82.8366186651577,83.35317341633977,698600
2020-11-04,84.15473937988281,85.74450042732748,83.8786491656628,84.08794555221539,787000
2020-11-05,83.95878601074219,85.46838738693452,83.5624601861635,85.40604422783994,826400
2020-11-06,84.01223754882812,85.446137168303,83.2730208665109,84.05676449909215,718600
2020-11-09,79.40770721435547,86.39016692936565,79.1939534554028,85.38821911704052,2137200
2020-11-10,81.0197525024414,81.87474741486143,79.33648020691204,79.71053920705289,1152800
2020-11-11,83.22403717041016,83.30864720999337,81.6743593132352,81.7812294306914,1027000
2020-11-12,82.37349700927734,84.04341062653018,81.4383494605533,83.78958729005362,623000
2020-11-13,82.21318054199219,82.80990147276819,81.1800642405315,82.32896556186742,596200
2020-11-16,82.01725006103516,82.75201615329624,80.83718045135298,82.46701782520907,1145400
2020-11-17,81.34038543701172,82.26217427462211,80.96186894353967,81.59420878842177,1334200
2020-11-18,81.1310806274414,82.31115014605864,80.9351430179588,81.47397144403598,1096800
2020-11-19,81.5986557006836,81.76786898146838,80.24045802852895,80.96631593747783,864400
2020-11-20,81.79011535644531,82.52042373887619,81.43386587345357,81.95933538971747,957600
2020-11-23,81.49177551269531,82.39130411764653,80.97076333709992,82.03950521602967,1054200
2020-11-24,83.06819152832031,83.75397328756266,81.99499872531122,82.3824165639748,1804400
2020-11-25,82.64512634277344,84.10574339578315,82.48036372727934,83.13051287672283,731000
2020-11-27,83.04145050048828,83.8073846462531,82.04841058163662,83.27301372464612,575200
2020-11-30,83.26410675048828,83.37098365422206,81.16669932578722,82.74309458521422,1792400
2020-12-01,83.39771270751953,84.62676669329349,82.23990320585285,84.62676669329349,1425100
2020-12-02,81.4205322265625,84.07458455885511,81.18897576685393,83.26411656518768,980900
2020-12-03,82.51598358154297,82.74754679418217,81.27802173669023,81.40270805236644,837600
2020-12-04,83.6738052368164,83.6738052368164,81.94600583997205,82.39131615372817,838700
2020-12-07,82.507080078125,83.99441463731422,82.0884873686166,83.62035566941543,816200
2020-12-08,83.2195816040039,83.58473247526192,81.98161965393973,82.08848976509078,710800
2020-12-09,82.93457794189453,83.19285868526475,81.72333359810756,83.1216074191844,827000
2020-12-10,82.87225341796875,83.39771633495704,82.33787559709737,83.02365729626406,655700
2020-12-11,83.2017593383789,83.46894818661666,82.64957901786642,82.7386397023141,828800
2020-12-14,83.07707977294922,84.59113871118808,83.04145413729587,83.57582508230567,759200
2020-12-15,81.73223876953125,83.5491053710028,81.56302549821872,83.09489381680619,1312800
2020-12-16,82.56944274902344,82.97912744803159,81.76788277492201,81.91929345523315,982900
2020-12-17,84.25270080566406,84.91175809550177,82.76536615086862,82.95239564684032,1182800
2020-12-18,83.15725708007812,84.65350012562335,82.18647698519207,84.1547479138438,2191300
2020-12-21,83.4422378540039,83.8252049455483,81.83911821616805,82.16865025141632,1221200
2020-12-22,82.79208374023438,83.55801794042922,82.25771278065308,83.37098844432055,808700
2020-12-23,82.80989074707031,83.35316295922134,82.45364121533459,83.09488901347996,650500
2020-12-24,83.24629974365234,83.35316985558889,82.3467711304469,82.80989759848929,217600
2020-12-28,83.2017593383789,83.7450383468729,82.7386397023141,83.43332255385864,460000
2020-12-29,84.44863891601562,85.22348122817036,83.07708247576812,83.20176880716377,1205600
2020-12-30,84.52015686035156,85.35141504249063,84.2341329062472,85.28884751563496,1157800
2020-12-31,85.4497299194336,85.59274529528705,84.0196102576413,84.52015043443149,1190900
2021-01-04,84.01065063476562,85.771487830894,83.28665421539489,85.6105989799953,987600
2021-01-05,84.2251968383789,84.45758660527943,82.52692668227797,83.84085152315264,825200
2021-01-06,83.95702362060547,85.13687292538017,83.42966306639836,83.80507493286747,1199500
2021-01-07,84.72571563720703,84.81509681877374,82.81292971042211,83.98383887344406,1090400
2021-01-08,85.10113525390625,85.27096430148706,84.06430109548475,84.93130620632544,842400
2021-01-11,83.68888092041016,85.68211482904105,83.19728097638419,85.39609093562763,765000
2021-01-12,82.63416290283203,83.97490112290619,82.19619032702502,83.73357124380563,1118600
2021-01-13,83.35820007324219,83.796172827134,82.5448152823788,82.98278803627062,953700
2021-01-14,81.89230346679688,83.16153417502127,81.26662145870381,83.16153417502127,2018700
2021-01-15,83.51012420654297,83.98385067281535,81.76716705339969,82.1068183188115,1893300
2021-01-19,83.13471221923828,84.18048642457416,82.16043887167558,83.84976853240197,1442300
2021-01-20,82.00851440429688,83.17049063313296,81.53478783725352,82.94703419061443,1143000
2021-01-21,81.74928283691406,82.08893408618015,80.94483848933895,82.00849306109647,878400
2021-01-22,82.11576843261719,82.51798726458097,80.88228461847713,81.79399063930663,1051900
2021-01-25,84.51119995117188,84.78828366151666,82.16937479154913,82.33026364708576,1513100
2021-01-26,85.8876953125,86.17372604002361,83.82296043846104,84.51120994270595,1613800
2021-01-27,84.08216094970703,88.30995838609022,83.98383960332507,85.69104950927819,2608500
2021-01-28,81.35599517822266,84.90448355529475,80.14039875455936,81.33812166847873,1862700
2021-01-29,80.03314208984375,81.51688898504626,78.99630115880642,81.02528901479062,2733500
2021-02-01,79.71137237548828,80.47112282017774,78.11142363090654,79.78288006470221,1402800
2021-02-02,79.9795150756836,81.49007565317875,79.17507069809415,79.76499202876113,1132800
2021-02-03,79.30020904541016,80.36386370128997,78.35275608297158,79.88119705457177,1315900
2021-02-04,79.44322204589844,80.11359128954885,79.10357075074772,79.33596733129747,835200
2021-02-05,80.70352172851562,81.32919697881505,79.19295414220144,79.7739421999645,1610200
2021-02-08,81.18618774414062,81.51689887969991,80.1851005325925,81.25769543482593,858900
2021-02-09,81.1325454711914,81.65096594790973,80.6677591668099,81.32918819128098,792600
2021-02-10,81.15937805175781,81.77611316100544,80.55157628977314,81.77611316100544,710500
2021-02-11,80.33705139160156,81.41857966934496,79.95270606815978,80.98954715255115,611400
2021-02-12,80.1314697265625,80.5605022135176,79.22870392371136,80.33704580425186,1062000
2021-02-16,77.70024108886719,80.54260608952758,77.6466137478904,80.17613440792884,2056800
2021-02-17,76.82429504394531,77.59298547993691,76.51145749891315,77.06563173536085,3036000
2021-02-18,77.30697631835938,78.29018314099167,76.03774556879135,76.75280879580484,1917000
2021-02-19,75.1886215209961,77.60194822119612,75.05454630001853,77.60194822119612,1446300
2021-02-22,75.04559326171875,75.18860862472471,73.97300531656546,75.18860862472471,1404400
2021-02-23,75.41206359863281,76.54721903894544,75.00090466673424,75.3137422432497,1376700
2021-02-24,75.79639434814453,76.28799421162186,74.67017246889603,74.76849380546078,2024800
2021-02-25,75.44783020019531,76.72599439767298,75.00985069964472,75.87686271502794,767800
2021-02-26,75.33162689208984,75.78747989632743,74.86684054102217,75.53720979811031,1377700
2021-03-01,75.57294464111328,76.33269491090878,75.25116693307214,75.78746084002503,1287700
2021-03-02,75.88579559326172,76.4310297604813,75.17967254359459,75.69809303363094,866400
2021-03-03,74.35734558105469,75.88578636884019,74.31265157828335,75.66232999367831,1440400
2021-03-04,74.09812927246094,75.64444344255148,73.81210540855508,74.71486418002075,1665000
2021-03-05,75.4656982421875,75.88579737954197,73.3205153655073,74.31266236073004,1162400
2021-03-08,75.21542358398438,75.75171756571275,74.77745096116347,75.55507484789783,1401800
2021-03-09,75.99304962158203,77.1550256310047,75.36737442841483,75.52826330942185,1351600
2021-03-10,76.77960205078125,77.12819340590752,75.12602644991496,76.17180051529377,1034400
2021-03-11,76.70811462402344,77.58406673428806,76.32376933370554,76.56510607053332,851700
2021-03-12,77.59300231933594,77.66451000781834,76.38633905842667,77.05670829441499,1097100
2021-03-15,78.06672668457031,78.70134887829296,77.70026172499003,77.91477796521625,1530700
2021-03-16,77.9684066772461,78.5672681664012,77.56618108323535,78.0399075394132,966500
2021-03-17,77.4499740600586,78.13821663341868,77.0477485291743,77.45891422368183,1410600
2021-03-18,77.155029296875,77.7092036509737,76.40421902940109,77.06564809636836,1093600
2021-03-19,77.35166931152344,78.57621285541515,77.18184026298455,77.31591546870744,2363000
2021-03-22,78.52256774902344,78.58513526040325,77.21758335499652,77.44103972697403,976100
2021-03-23,78.26337432861328,78.96055726765027,77.78070764327641,78.81754870496644,1043500
2021-03-24,78.23654174804688,78.6923946439597,76.86898987965552,77.43209746683222,1238400
2021-03-25,79.28231811523438,79.78286502603277,78.12034907160188,78.74602418591574,974000
2021-03-26,80.63200378417969,80.90015418269537,79.10356287907523,79.10356287907523,1411100
2021-03-29,80.56050109863281,81.3381318470813,79.90801221144184,80.4443062223881,1647900
2021-03-30,80.35491943359375,85.70893264361625,80.05995536132168,85.67317880279408,4028600
2021-03-31,79.69351196289062,80.32812746544818,79.38960764344985,80.19405223096989,1795500
2021-04-01,79.7649917602539,80.57837630023073,78.28124486378171,79.63091656121567,1808800
2021-04-05,79.62198638916016,80.67670087396786,79.18400693355443,79.7024274201807,1226300
2021-04-06,80.2029800415039,80.39068261311418,79.29127404299842,79.38065524576304,1231400
2021-04-07,79.69351196289062,80.48901638295219,79.28234609199728,80.48901638295219,1211600
2021-04-08,80.12251281738281,80.38172301628511,79.55940523867253,79.55940523867253,2671700
2021-04-09,79.0548095703125,80.58009539578563,78.70489097687677,80.01484386299963,959500
2021-04-12,79.16248321533203,79.40473192792103,78.60619901321994,79.01892335208592,1277400
2021-04-13,78.97406768798828,79.63802185903431,78.8305146545944,78.98304189173533,1496000
2021-04-14,78.87538146972656,79.17146175017776,78.04095847141063,79.03687607071157,877300
2021-04-15,79.38679504394531,79.46754233779437,78.91125810291439,79.15351367508448,769400
2021-04-16,79.66492462158203,79.7546461084723,78.98302899965672,79.62006045548155,935000
2021-04-19,79.7187728881836,79.9251385121543,78.83949254854654,79.49446570119078,1315500
2021-04-20,81.30685424804688,81.3606857709333,79.4765071714913,79.63800858546122,1822000
2021-04-21,82.47325134277344,82.65270117012027,81.64780267291096,81.80032989217253,1770000
2021-04-22,82.024658203125,82.64374828789045,81.82726676477586,82.47327261925932,1042900
2021-04-23,82.06951141357422,82.38354009383309,81.44144720774464,82.00670567752245,1369000
2021-04-26,81.06461334228516,82.09642773755726,80.84030616267434,82.09642773755726,1651600
2021-04-27,80.63394927978516,81.19920092133404,80.22122488106996,81.0197579115664,956900
2021-04-28,80.1404800415039,81.27995766100885,79.96103701089793,80.82237587936974,712200
2021-04-29,81.28890228271484,81.48629365173261,80.23914656054983,80.23914656054983,669400
2021-04-30,81.07357025146484,81.47732035051119,80.56215026486127,81.30685158518362,1719400
2021-05-03,81.5580825805664,82.13230834730194,80.98385681383087,80.98385681383087,725600
2021-05-04,81.08255004882812,82.05155172247105,80.61598734919367,81.79136145554558,1104200
2021-05-05,81.16331481933594,81.30687471024311,80.50834164168097,80.88517608734375,918100
2021-05-06,80.95694732666016,82.39251185478898,80.49038457669852,81.6298688409685,1206300
2021-05-07,80.14945983886719,81.19921601631339,79.68289697423778,80.86723885668529,843200
2021-05-10,81.36070251464844,82.2040997217604,80.22122502541832,80.34683650154409,1765000
2021-05-11,80.4993667602539,81.93493143069217,80.07766814090058,81.74651420944518,1029600
2021-05-12,79.79952239990234,80.81338836190703,79.62904675719003,80.57113962596316,951300
2021-05-13,80.9838638305664,81.35172403551452,79.40473941256705,79.4854867092709,1384900
2021-05-14,80.35578918457031,81.26199196424105,80.35578918457031,80.93001492636087,876700
2021-05-17,79.97896575927734,81.18125577667261,79.95204999353095,80.5980557526912,948800
2021-05-18,80.0238265991211,80.91208105831163,79.45856816074503,79.7187652943082,1048400
2021-05-19,80.58010864257812,80.61599861258836,79.5662426597088,79.95205128067887,1174600
2021-05-20,81.53118133544922,81.9797957234273,80.14047399459224,80.400671161057,1123400
2021-05-21,81.28890228271484,82.24893652222916,80.95693211237618,81.76443230154291,1354500
2021-05-24,81.28890228271484,81.96182367056068,81.1543166360836,81.4683520933266,959400
2021-05-25,81.01976013183594,81.30687306251943,80.23916864280007,81.30687306251943,1089100
2021-05-26,80.4455337524414,81.34276251071367,79.05482643899452,81.15433844760177,1418600
2021-05-27,79.5842056274414,80.7954701938109,79.4675683275207,80.58013031583064,3122700
2021-05-28,79.90718841552734,80.6608641074617,79.74568697049226,79.8443826783088,1794500
2021-06-01,79.79056549072266,80.5532086784392,79.36886681701816,80.2302057302959,1274700
2021-06-02,80.46349334716797,80.54424066775773,79.75468164785397,80.04179464102931,882800
2021-06-03,80.45451354980469,80.5083519384368,79.74570189974864,80.3109604858499,927800
2021-06-04,80.58010864257812,80.75058428879872,80.07766275305873,80.59805705023916,698200
2021-06-07,80.29299926757812,80.61600216659807,79.51241463270672,80.5711448360916,1064500
2021-06-08,79.40472412109375,80.7236511424226,78.9561098605226,80.50831821403534,1177600
2021-06-09,79.07276153564453,79.77260565992582,78.73181709969592,79.01893000505044,1620900
2021-06-10,79.62006378173828,79.71875947503395,78.99200650195756,79.31500934450506,1190900
2021-06-11,79.7187728881836,79.8533585694417,79.04585132720516,79.66494135380519,1565200
2021-06-14,80.03280639648438,80.04178060119146,79.29707905269173,79.58419199550563,861500
2021-06-15,79.64697265625,80.33784244957089,79.5393096149192,80.22120520635909,1005800
2021-06-16,78.57030487060547,79.85334198758927,78.44469341959815,79.7187563342784,952300
2021-06-17,78.54339599609375,78.79461892013688,77.7717788177834,78.48956446817346,1111400
2021-06-18,77.27831268310547,78.71388421341167,77.20653958284007,78.31012715352091,2690400
2021-06-21,78.21142578125,78.30114728407489,77.3141970623774,77.3141970623774,1301100
2021-06-22,78.29219055175781,78.85744225705436,78.05890913650137,78.21143639653671,1081600
2021-06-23,77.26036071777344,78.25628508131828,77.23344495313354,78.25628508131828,1621600
2021-06-24,77.41289520263672,77.52056511659843,76.78483781780699,77.35008946415374,910900
2021-06-25,78.31014251708984,78.47164400366844,77.18860631732558,77.44880353710853,4280900
2021-06-28,79.09071350097656,79.5931593966239,78.55237763488128,78.62415073046523,1252600
2021-06-29,78.61518096923828,79.58418276047085,78.35498382542666,79.09071108384472,1280500
2021-06-30,79.2432632446289,79.38682316718833,78.46267156766821,78.93820867716093,1817500
2021-07-01,78.9292221069336,79.81747674136078,77.780770287611,78.49854925203122,2431600
2021-07-02,79.4854965209961,80.05972925367988,79.12661047537347,79.51241913519908,1127800
2021-07-06,79.00101470947266,79.5124349560879,78.41781450132554,79.4047650137901,1045200
2021-07-07,79.11762237548828,79.65595819468872,78.67798225509425,78.86639944954884,989400
2021-07-08,78.13067626953125,79.53932504445386,77.96020062727376,78.8394877588035,1285100
2021-07-09,78.4549331665039,78.60805825509958,77.79739278740819,78.50898257058815,1060500
2021-07-12,78.08563995361328,78.31982886674004,77.32901005971786,78.31982886674004,1208300
2021-07-13,77.19389343261719,78.26578287156252,77.03175895338296,77.95953267308866,867900
2021-07-14,77.62625885009766,77.86045463864643,76.82459578729154,77.13084600357982,953000
2021-07-15,78.42793273925781,78.44594463064313,77.32001243508003,77.59924829263811,611200
2021-07-16,79.175537109375,79.23858902449435,78.36486472059535,78.62608176098786,790200
2021-07-19,79.81507110595703,79.84209237540945,78.66211779502811,79.00439866166519,1234900
2021-07-20,78.99539184570312,80.64375805725311,78.9233374155387,79.85110434829208,1004700
2021-07-21,77.06780242919922,78.95036457766899,77.04979053834995,78.8963151608321,1354700
2021-07-22,76.32017517089844,76.93268243339264,75.99590621592249,76.88764240603469,1130900
2021-07-23,77.21192169189453,77.42809873342168,76.12202023100885,76.40124919598742,986500
2021-07-26,76.90564727783203,77.23892558230432,76.55435708734574,76.7164915500427,817400
2021-07-27,77.23893737792969,77.98655789632502,76.6264300777729,76.86962837288726,1168400
2021-07-28,76.29315185546875,77.2029068629083,75.90583096098607,76.94168980642986,972800
2021-07-29,75.88780975341797,76.62642080194831,75.73468466495089,76.57237827005238,870500
2021-07-30,75.81575775146484,76.64444207873008,75.74369645201297,76.08598418833748,1402400
2021-08-02,75.74372100830078,76.34722599668821,75.52754391200382,75.85181299252226,826500
2021-08-03,75.47348022460938,76.50933911556695,75.41943768370267,75.65362660906109,848500
2021-08-04,74.92401885986328,75.50950487098632,74.46463668225677,75.41943168592358,1048300
2021-08-05,74.9870834350586,75.33837372660442,74.68083317971903,75.08616601699661,908800
2021-08-06,75.14921569824219,75.61760044892203,74.83395607065532,74.92402926823092,809400
2021-08-09,75.39238739013672,75.6626137595634,74.97804532991996,75.37437550584123,655700
2021-08-10,75.87879180908203,75.95085309157115,75.33834593469791,75.49147100588068,1520800
2021-08-11,76.99574279785156,77.39206621909176,75.87881322052208,75.87881322052208,1218300
2021-08-12,77.17588806152344,77.32000379293227,76.64444455110245,77.11283614050508,908400
2021-08-13,78.0766372680664,78.31983558244197,77.37405672415447,77.50016057192614,876500
2021-08-16,78.70716094970703,78.76121036762031,77.84244585668607,78.18473363893968,825000
2021-08-17,79.12149047851562,79.29263434219239,78.43692876809573,78.75218835475536,654800
2021-08-18,77.7703857421875,79.24761511328597,77.74336446888813,79.01341929111679,700600
2021-08-19,78.79723358154297,78.89630928204835,77.65328274173392,77.65328274173392,830600
2021-08-20,78.86929321289062,79.19356222255611,78.19373392144496,78.54502420322514,1002000
2021-08-23,78.12165832519531,78.81522931946384,77.85143193295725,78.7251561460987,979100
2021-08-24,77.35602569580078,78.13066742193465,77.04076612636099,78.13066742193465,1036300
2021-08-25,77.06780242919922,77.36505016929621,76.49132571199904,77.1578824998792,766300
2021-08-26,76.50031280517578,77.01373744660074,75.94184814153321,76.8425936087449,659400
2021-08-27,76.76156616210938,77.16689906542372,76.2391318944385,76.50034902827394,532100
2021-08-30,76.96870422363281,77.3199944371062,76.45527953685301,76.67146341602367,397500
2021-08-31,77.72532653808594,77.80639033082629,76.57237344927331,77.08579808638964,1019200
2021-09-01,78.72517395019531,78.92333909970027,77.80640950651676,77.92351084330286,964800
2021-09-02,79.30164337158203,79.3286646400128,78.66211482086084,78.68012670910016,822100
2021-09-03,79.33767700195312,79.6259153296201,78.85127353548813,79.26561570200043,517600
2021-09-07,78.33785247802734,79.25661004306228,77.95053156277423,79.25661004306228,778000
2021-09-08,79.58087158203125,79.72499417520493,78.45493959339996,78.45493959339996,946300
2021-09-09,78.14871215820312,79.57188538361741,78.13069339273527,79.52685221423873,980000
2021-09-10,77.05880737304688,78.28382223361798,76.98674605839088,78.0496263970586,1938500
2021-09-13,76.69849395751953,78.02259117094563,76.67147268739149,77.30199189752582,850800
2021-09-14,76.63545227050781,76.98674257337215,76.36522578885298,76.62644288854734,1143000
2021-09-15,76.87863159179688,77.31999498866826,76.22109118635589,76.3832256608189,1021700
2021-09-16,77.5632095336914,77.93251168173506,76.46429872609608,76.92368093808875,1180400
2021-09-17,77.70732879638672,78.18472979171509,77.24795343566869,77.62626498172271,2386700
2021-09-20,77.14886474609375,78.0315916169487,76.66246128021409,77.29298047368191,1596900
2021-09-21,76.98672485351562,77.995555492251,76.88764229119079,77.22092062556919,1039400
2021-09-22,76.86064147949219,77.70733786632294,76.5994243704008,77.5722314927801,972600
2021-09-23,76.36521911621094,77.60825257663548,76.23010588718945,77.03176900800084,806500
2021-09-24,76.15805053710938,76.73452722665753,75.97789727653543,76.23010496919473,850100
2021-09-27,75.97789001464844,76.8876449951968,75.87880744883903,76.20307641473461,1255700
2021-09-28,74.99607849121094,76.14903172755287,74.50967505610231,75.8788053062225,1559900
2021-09-29,75.38339233398438,75.91482887499728,74.94202209549196,74.94202209549196,1680800
2021-09-30,72.98741912841797,74.9150142751519,72.34789053974868,72.96039785838383,2376900
2021-10-01,72.69918060302734,73.40176111064072,72.36590223848133,72.78025128506023,1432300
2021-10-04,72.68118286132812,73.89718835136834,72.5010295729344,72.68118286132812,1451700
2021-10-05,72.10469055175781,72.95138677232559,72.03262925192197,72.59108714529022,1602500
2021-10-06,72.31185150146484,72.36589403526469,71.2579808595089,71.9335400205796,1245400
2021-10-07,72.44697570800781,73.28466946981145,72.30285309980133,72.37491440390457,1679900
2021-10-08,71.74140930175781,72.93544084002154,71.57858650557104,72.72739370681056,1084100
2021-10-11,70.93634796142578,72.28416166450461,70.9182596056015,71.53336722340462,1008200
2021-10-12,70.6468734741211,71.37053180293876,70.42073110903023,70.83683223263934,1453400
2021-10-13,71.36149597167969,71.51527114904363,70.42074274924164,70.73734073243752,1092400
2021-10-14,72.60073852539062,72.62787450189006,71.49716280563692,71.57857073513522,1096300
2021-10-15,72.0308609008789,72.81783878589626,71.80471854440097,72.74547157550724,875700
2021-10-18,71.83187866210938,72.5012582655494,71.45195416705327,71.65096059272106,881200
2021-10-19,72.25701141357422,72.30224265050222,71.60572715050849,72.06705264084866,626700
2021-10-20,72.98971557617188,73.34249713106142,72.48315196041133,72.48315196041133,880700
2021-10-21,72.6459732055664,73.27917598649874,72.5283816568715,73.22489712444784,1043600
2021-10-22,73.0259017944336,73.78573689325397,72.62788898953652,72.62788898953652,815700
2021-10-25,72.98068237304688,73.11636920589557,72.3655747119426,72.94449875753261,862500
2021-10-26,73.32440185546875,73.59577546745358,72.87211710303913,73.05303514480156,831700
2021-10-27,72.79072570800781,73.72243140560997,72.33844085275867,73.6500641724535,862700
2021-10-28,73.43293762207031,73.487209572811,72.63691910550331,72.73642228273872,812600
2021-10-29,72.5736083984375,73.95759852199248,72.22986759822793,73.30630742824493,1571200
2021-11-01,72.98971557617188,73.21585795245069,72.39269639016334,72.39269639016334,815600
2021-11-02,73.59577941894531,73.65005138372919,72.05801393864621,73.2158618628222,871000
2021-11-03,74.40083312988281,74.42796910766478,73.55053568569134,73.65003887176978,897600
2021-11-04,73.550537109375,74.24705942540635,73.31535402983438,74.07518902770462,884000
2021-11-05,73.47818756103516,74.0751998751707,73.25204517360301,73.54150715346344,714600
2021-11-08,72.65503692626953,73.3244165617503,71.70523599514384,73.3244165617503,1240600
2021-11-09,73.2520523071289,73.26109303455766,72.30225142689194,72.61884941986472,855900
2021-11-10,74.45510864257812,74.49129224845505,73.2701248807067,73.43294765649429,1139200
2021-11-11,73.68623352050781,74.45511624528187,73.42390752710153,74.45511624528187,805800
2021-11-12,73.95761108398438,74.65412662674319,73.74955704318626,74.00283542237128,687100
2021-11-15,74.79886627197266,75.14260025314249,73.84906538269045,74.27421422072499,876800
2021-11-16,75.51345825195312,75.66723339710583,74.94357510025537,74.97071107865679,877200
2021-11-17,75.93861389160156,75.97479750315564,75.03404430670425,75.41396877736298,984500
2021-11-18,75.5767822265625,75.80292459480319,74.75362069353407,75.80292459480319,1007700
2021-11-19,75.9566879272461,76.91552921093417,75.71245034282074,76.08332708164579,1686100
2021-11-22,76.68035125732422,76.96981321288706,75.4049118879533,75.90242785906946,1677000
2021-11-23,77.25927734375,77.59396361173928,76.54466667500441,76.82508098630721,1115600
2021-11-24,77.33163452148438,77.63014407380894,76.73462231815193,77.25927421593752,948300
2021-11-26,77.37688446044922,78.96892888981195,77.05123885214051,77.34070084826843,1402300
2021-11-29,78.68849182128906,78.92368180258242,77.25022975780539,77.62109963088628,2159100
2021-11-30,77.6301498413086,78.87845319652163,77.23213707530564,78.10957054509366,6211300
2021-12-01,78.29048919677734,79.85539049130846,77.88342880068585,77.9467483865689,2402400
2021-12-02,78.70658874511719,79.70161374681012,78.59803792806596,78.64326916049993,1672400
2021-12-03,80.09058380126953,80.11771978187002,78.78800152190506,79.26742224936072,1223700
2021-12-06,81.51074981689453,81.8183001026425,80.31671847570692,80.54286082745698,2080600
2021-12-07,79.44834899902344,81.67358936935163,78.73373819248954,81.54695017845381,2459100
2021-12-08,80.19011688232422,80.52480330288219,79.45741062646356,79.45741062646356,961100
2021-12-09,80.25343322753906,80.50671166564678,79.71973346039509,80.23533796692003,937300
2021-12-10,81.87258911132812,81.99018066434424,80.32577606172667,80.5066872050311,1577700
2021-12-13,84.1792221069336,84.73100996650041,81.65547277415665,81.82734316031184,2184100
2021-12-14,82.84046173095703,84.68578401087595,82.8133257549947,84.36013849669517,2068800
2021-12-15,83.41035461425781,83.83550339288504,82.65051953006105,82.87666191006976,1927300
2021-12-16,85.62654876708984,85.99741865861112,82.7952419281841,83.17515944671341,2154700
2021-12-17,85.13807678222656,87.09194315192616,84.91193442593206,85.61749747336017,3505400
2021-12-20,84.94813537597656,85.17427777844527,83.98928689661273,84.58630615176295,1630700
2021-12-21,84.14305877685547,84.74912563672507,83.03948969315869,84.60439119218361,2081800
2021-12-22,84.47775268554688,84.55011990840154,83.48272752590884,84.26970554648746,786700
2021-12-23,84.15211486816406,84.70390291616496,84.12497888241302,84.55012772936311,692600
2021-12-27,85.14713287353516,85.1652281300418,84.1521077065364,84.1792436899781,1049000
2021-12-28,85.89791107177734,85.90695869832258,84.78529455280675,85.10189246872045,804100
2021-12-29,86.49494934082031,86.80249969824764,85.80747449890477,85.97029730616586,836400
2021-12-30,86.78553771972656,87.01255858923805,86.2406890185244,86.90358607774677,601800
2021-12-31,87.72993469238281,87.92063136819127,86.78552715876505,86.95806521559825,880100
2022-01-03,87.01253509521484,87.36668700177898,86.0136449246974,87.26679729191471,1633800
2022-01-04,87.63005828857422,87.87523778670509,86.13171911873997,86.88543009112283,1434700
2022-01-05,88.01143646240234,88.81055424297894,87.66636728414271,87.66636728414271,1155500
2022-01-06,87.6209716796875,89.07390383941706,87.44844053230298,88.20214454357932,1115700
2022-01-07,87.21234893798828,88.13859115271843,87.03072806285532,87.43028706001985,1276000
2022-01-10,85.92284393310547,87.40301721096856,85.06924341814877,87.28496887665304,2271200
2022-01-11,86.4585952758789,86.4585952758789,84.63334621726041,86.13168478991366,1432300
2022-01-12,86.6039047241211,86.63114611396324,85.49604201636971,86.29515280695034,1170100
2022-01-13,86.73104095458984,87.03978596188178,86.21343373262172,86.77644096430136,1327200
2022-01-14,87.49384307861328,87.73902950123266,86.01366948060925,86.55851819024633,1670800
2022-01-18,88.51087951660156,88.71973479386219,86.73103709692629,86.99438208279352,2246100
2022-01-19,87.2304916381836,88.20214062636195,86.54035322304175,86.64024295409878,1618200
2022-01-20,86.57664489746094,87.89336963251166,86.41319658013533,87.1215003343783,1620700
2022-01-21,86.91263580322266,88.0295811048683,86.60389086359062,87.23046351405695,1252700
2022-01-24,85.51421356201172,87.5483254006767,83.94323313318412,86.84001451706695,1947000
2022-01-25,84.46990966796875,85.64133801390079,83.54366770483412,84.9511996602421,1663700
2022-01-26,83.48917388916016,85.28717479417051,83.03513227684691,84.05218105442846,2074700
2022-01-27,89.17378234863281,90.0364656894585,87.2940500880984,87.87522287882514,3162100
2022-01-28,89.20101928710938,89.35539177442125,87.31220449418963,89.12837096550662,2449500
2022-01-31,91.08983612060547,91.15340167623522,88.82871058106056,89.09205557670549,3451000
2022-02-01,91.25328826904297,91.6528471353807,89.93657026406746,91.244212424354,2321500
2022-02-02,92.31574249267578,92.63357023068357,91.26236264313557,91.53479037749943,1271700
2022-02-03,93.4417724609375,94.22272464905315,92.4247166761966,92.62449610963907,1432000
2022-02-04,92.37932586669922,93.56891288485068,91.88896000709349,92.95141590550936,1721100
2022-02-07,92.52460479736328,92.90599811201697,91.88894927294045,92.67897729213374,1347100
2022-02-08,93.02405548095703,93.35096602324911,92.42471717737963,92.9695657718245,935400
2022-02-09,92.89693450927734,93.68696263257924,92.60634809865881,93.32372788727446,1785100
2022-02-10,91.20790100097656,93.25108869775022,91.01720431398623,92.77888143918936,1416600
2022-02-11,91.48938751220703,92.31574659588199,91.14431837105039,91.60743584067829,1322600
2022-02-14,91.17156982421875,92.00700484437192,90.17267952376378,91.68009428376831,1117300
2022-02-15,90.91728973388672,91.97974538306767,90.47232399106751,91.40765547846057,1247000
2022-02-16,89.34632110595703,91.28961893927521,88.61077580242925,90.84466003339894,1593000
2022-02-17,89.06480407714844,89.73678372155821,88.7106521748159,89.73678372155821,1415000
2022-02-18,88.80147552490234,89.50977946048587,87.94787492144197,88.91952387145746,2235600
2022-02-22,88.05683898925781,88.94675674633467,87.55739040142076,88.7288186935175,1710100
2022-02-23,87.72993469238281,88.81055611675697,87.58463802807564,88.4200799915893,1038900
2022-02-24,85.46880340576172,87.06702503889319,83.87965761745569,86.74919726685715,1922000
2022-02-25,87.36669921875,87.53923727411983,85.85020167056891,85.87744306286388,1295900
2022-02-28,86.42228698730469,86.9943839068525,85.27810700446074,86.24067309647653,2474000
2022-03-01,87.40302276611328,88.12949222009507,86.08630467491321,86.31332551326675,1735800
2022-03-02,88.38375854492188,89.0738969372364,86.93082649777747,86.93082649777747,1358800
2022-03-03,90.40877532958984,90.49958920630786,88.54720863501402,88.64709835690296,1585900
2022-03-04,93.9049072265625,94.10467975388754,89.62782833826297,90.04555279682154,2371800
2022-03-07,94.4951400756836,97.48273477735394,93.32371186051496,93.40544295503271,3039200
2022-03-08,88.58353424072266,94.42251050297027,88.51996868286191,93.62339271486252,2198700
2022-03-09,89.27366638183594,90.04554272393992,88.34742447068717,89.07388694873259,1218900
2022-03-10,88.93769073486328,89.47345661730147,88.12041428628028,89.15562881177657,874500
2022-03-11,87.64820861816406,89.76404464874535,87.54832581587692,88.9830923535791,916200
2022-03-14,89.17378234863281,89.2373479061146,86.91265674320763,88.0840850980517,1054500
2022-03-15,89.24644470214844,89.67324505292602,87.37579492108306,89.28276887329199,1154700
2022-03-16,87.92970275878906,89.20102069439302,87.13058506480209,89.20102069439302,1411300
2022-03-17,87.98419189453125,88.20212995040075,86.3859633191946,87.99327466756253,1351300
2022-03-18,87.3939437866211,88.3292685727415,86.09538425774115,88.3292685727415,1898400
2022-03-21,87.82984161376953,88.94678049478605,87.1578617300938,87.56649655424566,738700
2022-03-22,87.88429260253906,88.14763756675352,86.83999551772314,87.66635457040904,740800
2022-03-23,87.30313873291016,88.7379121875652,86.62207617346175,88.23846353938572,711600
2022-03-24,87.76626586914062,87.9206383912034,86.93990661316899,87.29405860054916,928600
2022-03-25,88.91952514648438,89.12838737752064,87.9206347889504,88.56537317361439,1314600
2022-03-28,88.6471176147461,89.16472495510463,88.05686192848133,89.03759381383254,1168800
2022-03-29,87.99327850341797,90.60855607223623,86.83093291727651,90.0273832791655,1896900
2022-03-30,88.32017517089844,88.58352013384858,85.85927049686451,88.501789042114,1645200
2022-03-31,90.62670135498047,91.06257738825863,87.83888635503077,87.947851899288,2757900
2022-04-01,92.55187225341797,92.79705868769614,90.56317402227224,90.81743630365142,1876400
2022-04-04,92.03424072265625,92.42471681731026,90.49050188972225,92.0796476587355,1353500
2022-04-05,93.34187316894531,93.89580447643898,91.50754122107688,91.50754122107688,2226300
2022-04-06,93.0967025756836,94.34986204051933,91.70733614999719,93.6687995237612,1011600
2022-04-07,93.52349853515625,94.07742991074596,92.79703604109454,93.07853965133245,1097000
2022-04-08,93.06782531738281,94.17056699775026,92.83087043346166,93.86981737043943,763600
2022-04-11,93.04048919677734,93.86982790703931,92.83088085344292,93.46882835894725,649600
2022-04-12,92.99492645263672,93.45972075608545,92.04711375386769,92.72151640281831,670000
2022-04-13,92.95845794677734,93.33211783091674,91.97419025271323,92.81263742035063,830500
2022-04-14,92.56658172607422,93.66020795344694,92.47544736597749,93.08605522704215,1066400
2022-04-18,91.36358642578125,92.95846199929862,91.09017640336455,92.57569353039982,715100
2022-04-19,92.5301284790039,92.68505758963947,91.39093157179052,91.59143133995705,776500
2022-04-20,94.78118133544922,95.67431475739991,92.71240284066712,92.71240284066712,1475300
2022-04-21,95.036376953125,95.86571577239357,94.15235889851378,94.45310859911275,957200
2022-04-22,93.21363830566406,95.48291639547051,93.1042798623178,95.16394268053475,1025800
2022-04-25,93.29566192626953,93.64197524400535,91.6643313041911,93.21363614255782,945200
2022-04-26,91.67342376708984,93.87891362837594,91.66431520069288,93.20450424737818,1227800
2022-04-27,92.91287994384766,94.07942320366234,91.9741829768266,92.02886914646321,995100
2022-04-28,94.53512573242188,94.63536867031783,92.68506398680604,93.295678855578,950500
2022-04-29,91.65521240234375,94.19790035393328,91.53673844480272,94.1432211355459,1727900
2022-05-02,89.25834655761719,92.50277669758309,88.08269466964967,92.33873208639913,1645200
2022-05-03,89.06697082519531,90.32464166206333,88.43813193020837,89.17632927433678,1349700
2022-05-04,90.63448333740234,90.78941936726379,88.89379445943594,89.2583387806497,780000
2022-05-05,87.89131927490234,90.24261633385132,87.51765936347473,89.95098221280539,1747100
2022-05-06,88.89380645751953,89.49529875856733,87.26247578856174,87.49031515093397,945100
2022-05-09,89.78693389892578,90.34286250576861,87.98245002188318,88.18294977557805,1043100
2022-05-10,89.28569793701172,90.76209267918175,88.76622442530261,90.1241451922078,806900
2022-05-11,89.44062042236328,90.38843301359103,88.72976271721889,88.97582617165132,647700
2022-05-12,89.19457244873047,90.16972482046627,87.9186703947408,89.6502512570763,846400
2022-05-13,91.38179016113281,91.39090568067779,88.95758344497749,89.45883272338952,945900
2022-05-16,91.992431640625,92.41165527158998,91.16309294779201,91.41827194463102,707900
2022-05-17,92.05620574951172,92.07442983672576,89.31301824234193,91.79191128972815,1050100
2022-05-18,83.5259017944336,91.51850262531778,83.21603668250386,91.24509959454949,1926600
2022-05-19,81.5118179321289,83.11580214374318,80.83740836838722,82.86062315340027,2163900
2022-05-20,82.31380462646484,82.55986807865995,80.44551907225531,82.24089436170128,1291300
2022-05-23,83.49858093261719,83.89957352505698,82.41406322703921,83.14315204564909,1360100
2022-05-24,85.4033203125,85.55824943657231,83.52592587158274,83.52592587158274,1084800
2022-05-25,85.12991333007812,85.60381620365365,84.12741444790724,85.33040615340589,1559000
2022-05-26,83.80841827392578,86.14149078704938,83.75373905974462,85.35772988906936,1268100
2022-05-27,84.70155334472656,84.7562325600944,83.77196496484495,83.77196496484495,1548800
2022-05-31,84.50106048583984,85.1025527630897,82.8788454024291,84.75623944910375,3660000
2022-06-01,82.67835235595703,84.49195180871797,81.78521895908395,84.31879166114632,1367900
2022-06-02,83.00643920898438,83.40743176367565,80.83740400201644,82.82416354493778,921300
2022-06-03,81.88549041748047,83.13405300715571,81.11995326394482,82.51432947439024,904900
2022-06-06,81.7761001586914,82.45961818860887,81.26573530157499,82.38670793000581,784600
2022-06-07,81.70320129394531,81.80345117522855,80.44552349352152,80.94677289993766,846800
2022-06-08,81.530029296875,82.38670744768316,81.13814535055903,81.42066390961068,703700
2022-06-09,79.61619567871094,82.36849240494213,79.58885606486095,81.64851911009839,842300
2022-06-10,80.1812515258789,80.83742321306929,78.49523426001679,78.70484958520915,1049800
2022-06-13,79.04204559326172,79.94428764625994,78.75952001670576,79.35190383148286,1157000
2022-06-14,76.37175750732422,79.31543819312262,75.69734798441397,79.16962461594309,1639000
2022-06-15,76.30797576904297,78.19448574422134,75.97077095011682,76.80010275986622,1433900
2022-06-16,75.51507568359375,75.9434147795549,74.35764787708956,75.0685124987664,1431900
2022-06-17,75.22344207763672,76.15302358415516,74.47612927338298,75.52419169416824,2068800
2022-06-21,76.16214752197266,76.87300527371016,75.28724513882602,75.46951386123347,1212500
2022-06-22,76.05277252197266,76.48111161400826,74.74042258936963,75.80670908245496,1078400
2022-06-23,77.92105865478516,78.11244287675761,76.54490701705339,76.54490701705339,956600
2022-06-24,80.05364990234375,80.16301531972428,78.16713990944733,78.38587074420839,1385100
2022-06-27,80.11744689941406,80.56401015952119,79.47949243186888,79.94428673702079,1278900
2022-06-28,79.14228057861328,80.86475262035128,79.07848583285305,80.11743976154317,1254900
2022-06-29,78.03953552246094,78.56812450937554,75.34191831928001,77.92106155771339,2849800
2022-06-30,75.87049865722656,78.07598175425306,75.04116013921886,77.16462441302511,2099100
2022-07-01,75.3419189453125,76.08923177839581,74.91357983005031,75.84316832553539,1510700
2022-07-05,76.6451644897461,76.82744016191968,74.49436022983927,75.12319913090278,1708900
2022-07-06,76.0345687866211,76.85479205975057,75.81584489815559,75.98899812301671,1256400
2022-07-07,75.35102844238281,76.44465451693556,74.99559962049791,76.10745673638606,967700
2022-07-08,75.1313247680664,76.12001696522495,74.89330472407761,75.35103181709236,686900
2022-07-11,75.36935424804688,76.05594497352787,75.10387166273745,75.21372869318475,890700
2022-07-12,75.30526733398438,76.41296612031782,74.99400926218635,75.36019235309398,842700
2022-07-13,76.09256744384766,76.49536260508003,74.64614790681419,75.06725606613489,1070500
2022-07-14,75.46089172363281,76.03762536854794,74.86584508305353,75.06724612919065,1044200
2022-07-15,74.8292236328125,75.90945985779928,74.59121057184137,75.90945985779928,1299900
2022-07-18,74.10601806640625,74.99400979828764,74.051093046904,74.77430273591708,1382900
2022-07-19,75.03062438964844,75.2137194178146,74.27995223507007,74.53627829014154,1307600
2022-07-20,75.07638549804688,75.53411250415849,74.62780800331842,75.39679300545303,976200
2022-07-21,75.9826889038086,76.0101514088063,74.89329630983096,75.09469732562788,968500
2022-07-22,76.99885559082031,77.57558923945345,76.35804042567239,76.94393057219662,1212800
2022-07-25,77.41996002197266,78.26217619457591,76.7150633737715,76.89815141673355,946000
2022-07-26,77.67628479003906,77.79529830191932,76.0193149802696,76.58689907903421,919600
2022-07-27,78.17979431152344,78.37203886581312,76.38550482045812,77.5206661343236,942700
2022-07-28,80.12971496582031,80.21210948592693,77.97839872535928,78.216418802558,1182100
2022-07-29,79.96492004394531,80.35856561490019,79.32410492116341,79.62620647234388,2344400
2022-08-01,80.31279754638672,80.55996709959616,79.56212540506037,79.57127491803628,1243000
2022-08-02,80.8987045288086,81.42051323606111,79.78184908905627,80.73392246418345,1052000
2022-08-03,80.935302734375,81.06346575342802,80.23955564211528,80.87121424048779,986500
2022-08-04,80.82544708251953,81.40218067794655,80.55996454306114,80.91699109990084,804300
2022-08-05,80.86206817626953,80.89868718104066,79.69028796103743,80.41349060609396,810700
2022-08-08,81.64020538330078,82.01553797135456,81.11839677156469,81.30148481680635,844000
2022-08-09,82.68382263183594,82.99508069007459,81.86906895684947,82.39087756874373,749400
2022-08-10,82.21693420410156,83.34294587114181,81.68597611020402,83.32463287707176,796200
2022-08-11,82.05216217041016,83.14155496632175,81.85991761543076,82.61058982341008,865200
2022-08-12,83.00421905517578,83.04999455253268,81.81413295185958,82.55564851539138,800800
2022-08-15,84.0844497680664,84.17599377257162,82.67464974873468,83.02252674395825,698500
2022-08-16,84.65204620361328,85.10977327772443,83.8830610872389,83.8830610872389,832000
2022-08-17,84.75275421142578,85.13724331142417,84.51473415622424,84.63374069164426,1073200
2022-08-18,84.28587341308594,85.13724615400041,83.68167723353854,84.78937604967686,759400
2022-08-19,84.0203857421875,84.4323443246855,83.4894206275161,84.27671180186023,1031300
2022-08-22,82.70213317871094,83.91968900136577,82.27187555022749,83.91968900136577,698300
2022-08-23,81.50288391113281,82.519038601992,81.08177582964287,82.519038601992,845100
2022-08-24,81.31063842773438,81.80498451357036,80.95361186313522,81.75920901170443,834400
2022-08-25,81.51203918457031,81.73174622718764,80.79798605779327,81.34725715651707,612100
2022-08-26,79.27833557128906,81.52120264379971,79.16848553277954,81.45712112654863,752000
2022-08-29,78.61005401611328,79.21425015123219,77.97838838835884,78.72906054675579,1063600
2022-08-30,77.60305786132812,78.63752568929935,77.32842576221626,78.51851216042506,887800
2022-08-31,76.96223449707031,78.03331423736269,76.85237747843983,77.7312196587611,1412200
2022-09-01,77.62138366699219,77.78616574739509,76.010181879093,76.59607216844486,1081900
2022-09-02,76.02847290039062,78.38118987777814,75.60735782881798,78.05162581224548,988000
2022-09-06,75.25032806396484,76.45872725821786,74.91161449968143,76.18409520482814,1065000
2022-09-07,77.81359100341797,77.87767250486992,75.24116746524129,75.30524896669324,1130300
2022-09-08,72.59552764892578,73.68491349953024,71.1033326932602,72.30258255687961,3878100
2022-09-09,73.13562774658203,74.06023834644361,71.35049503906957,72.78775770173257,1890700
2022-09-12,74.52713012695312,74.67359916777797,72.98916678430521,73.23633634635519,1579300
2022-09-13,72.76029205322266,74.25247966262712,72.5588910417187,74.01445965045333,1601500
2022-09-14,72.69622039794922,73.23633501620034,72.36665633162742,72.78776441984724,1574900
2022-09-15,71.87232208251953,72.88847695716277,71.8448595698582,72.61383786182479,1243600
2022-09-16,72.44904327392578,72.51312478717564,71.23148753781739,71.84484714676444,2166600
2022-09-19,72.19270324707031,72.67789275124166,71.43287474821038,72.58634874779872,1010600
2022-09-20,70.81953430175781,72.12863402855344,70.61813326927218,71.91807649885638,1178500
2022-09-21,70.76461791992188,72.22018685786315,70.75546142159344,71.19487556029345,1263900
2022-09-22,70.1878662109375,70.97515731857091,70.14209769522343,70.75545028380552,1010000
2022-09-23,69.60197448730469,69.84915100690246,68.62243887430586,69.63859348962882,971700
2022-09-26,68.98863983154297,69.7393121132578,68.59499418476798,69.49214251382344,1057200
2022-09-27,68.15556335449219,70.01394127348361,67.90839379013606,69.25411260055407,1195700
2022-09-28,68.69568634033203,69.1167944485175,67.67037508712296,68.53090429935845,1333500
2022-09-29,67.2950439453125,68.64991232552343,66.7915413135277,68.64991232552343,1326800
2022-09-30,65.24442291259766,67.68869112771227,65.17119187892987,67.45067106129699,1612700
2022-10-03,66.28804779052734,66.54437387151928,65.17119245103798,65.96763320492553,1314100
2022-10-04,68.13724517822266,68.23794568240842,66.44365658365481,66.54435708784058,1444500
2022-10-05,67.1119384765625,67.71614154082243,65.69298879863547,67.587978524348,1859000
2022-10-06,66.30635070800781,71.37796802237901,66.09579316024306,67.86262011816595,2635000
2022-10-07,67.57615661621094,68.17425149486313,66.20512119657839,66.41675984518545,1986600
2022-10-10,69.80293273925781,70.06057491960426,67.91661288708532,68.07304451391529,1962500
2022-10-11,69.7845230102539,70.79669870841983,69.3520562358461,69.68331246065993,1916500
2022-10-12,68.53313446044922,70.26302300430862,68.51472743262218,70.07899484738338,1356100
2022-10-13,68.89198303222656,69.37966388665377,67.18969126760214,67.51175101997306,1492900
2022-10-14,67.66817474365234,69.76612625156699,67.4933431112518,69.22323837023072,1047300
2022-10-17,67.75098419189453,68.56992126683878,67.27250686392485,68.15585448340777,1102600
2022-10-18,68.65271759033203,69.6280789687165,68.18343689950412,68.68032109798885,1065600
2022-10-19,68.72634887695312,69.69250698858464,68.29387509450845,68.82756644391772,1112800
2022-10-20,66.97806549072266,69.14042776195606,66.94125845807832,68.56992928630429,1156700
2022-10-21,67.94422149658203,68.01783555940564,66.31555072289459,66.78483159811576,1114600
2022-10-24,68.55152893066406,69.22324498760788,67.70498824483033,68.50551838503725,938800
2022-10-25,70.05137634277344,70.2722185302492,68.33988800106492,68.57913019405197,1138900
2022-10-26,70.2998275756836,70.9991471838914,69.5453009263781,70.28142054850174,1090800
2022-10-27,71.42240142822266,72.20453142157321,70.49304333153809,70.61266090033021,1129900
2022-10-28,72.8762435913086,73.14308927534927,70.86110973356152,71.55122570325278,1355500
2022-10-31,72.3609619140625,73.11548845459205,72.2045373066873,72.89465330181395,1848400
2022-11-01,72.31495666503906,73.27191842407278,72.02050743304588,72.5818023784428,896400
2022-11-02,71.06356048583984,73.0786947862723,70.96234289309847,72.24135754294949,1062600
2022-11-03,70.63107299804688,71.26597493367971,69.62810077763392,70.3182167660952,884900
2022-11-04,72.71061706542969,73.26271546941605,70.93471831717136,71.17396049088394,1466000
2022-11-07,73.5571517944336,73.74117988338764,72.26893411109045,73.01425699764243,1020700
2022-11-08,74.2564926147461,75.15824744483906,73.19832016727916,73.83322223171446,1082000
2022-11-09,72.88545989990234,74.78097651631667,72.79344582516624,74.34850966303465,1006100
2022-11-10,75.32386779785156,75.62752054779142,73.26272313989868,74.85458691341937,1464300
2022-11-11,77.08135223388672,77.38500495439163,73.66757931186878,75.35146401260738,1818700
2022-11-14,76.14280700683594,77.66106377718013,76.14280700683594,77.20098639345304,1082200
2022-11-15,76.97093963623047,78.09352945813042,76.27162012058044,77.02614667002128,1274500
2022-11-16,76.97093963623047,77.80827673635753,75.90355684812133,77.23778533325775,1011500
2022-11-17,76.48326873779297,76.777717990037,75.30546470859294,76.37284763561749,1127600
2022-11-18,77.0721435546875,77.25617164819627,76.1887960694462,77.25617164819627,997000
2022-11-21,78.35118103027344,78.48920565151063,76.38205035994619,77.16418051999179,1349300
2022-11-22,79.24369812011719,79.40932619013539,78.13031215730294,78.71000689225623,1233400
2022-11-23,79.2345199584961,79.61177972631386,78.82045316109705,79.35413753946796,865300
2022-11-25,78.13032531738281,79.39093254353526,77.67024804764029,79.39093254353526,1003100
2022-11-28,77.06295776367188,78.49839687972371,76.98014720861813,77.89109841532616,1523400
2022-11-29,77.06295776367188,77.06295776367188,75.48029052278221,76.79611205257086,1490300
2022-11-30,78.37879943847656,78.4064029639225,76.36365783822085,76.97096347893223,5048000
2022-12-01,78.88485717773438,79.62097664775496,78.19474122571494,79.13329583156349,1172000
2022-12-02,79.48294830322266,79.62097289115891,78.40636915371978,78.72842184542293,1002600
2022-12-05,77.33900451660156,78.65482600434889,77.00774826652369,78.58121194428199,898700
2022-12-06,77.64264678955078,78.03831356960404,77.17337297291446,77.17337297291446,850600
2022-12-07,78.53520202636719,78.58121256933076,77.89109654621642,77.973907099283,937400
2022-12-08,78.81124877929688,79.24372259682758,78.3143644157652,78.36957144941661,820300
2022-12-09,78.47078704833984,79.0136819397238,78.32356595556945,78.56280110884919,809000
2022-12-12,79.11489868164062,79.22531274500335,78.43397919653093,78.84805299480944,781500
2022-12-13,79.68539428710938,81.00121576697546,79.11490287556585,80.40311381790485,1188600
2022-12-14,79.38175201416016,80.81719828508153,79.13331330547179,79.86943995826347,1176300
2022-12-15,77.71627044677734,79.07810258502485,77.34820713750312,78.71003927575063,1109900
2022-12-16,76.7500991821289,77.45861514101381,75.84834457787105,77.08134838222783,2481500
2022-12-19,76.2256088256836,77.4862232398263,75.55389985378976,76.76850372674612,1064900
2022-12-20,76.3636245727539,76.62126672498236,75.37905947946827,76.01396836904703,787600
2022-12-21,77.52303314208984,77.95550697246837,76.57527492839556,76.57527492839556,669400
2022-12-22,77.4586181640625,77.59664276462034,76.52926000854401,77.35740059166827,916400
2022-12-23,77.49543762207031,77.71627280624993,77.04456374013827,77.36661651294688,602900
2022-12-27,78.05670166015625,78.29593675641134,77.38498584012642,77.70703848525532,665300
2022-12-28,76.59368133544922,78.54441198140299,76.57528132888851,78.23155570808053,700600
2022-12-29,77.78627014160156,77.92494448553202,76.79707016636044,76.9542311312889,685600
2022-12-30,76.63065338134766,77.85097476899857,75.77088101368888,77.75852756830534,842800
2023-01-03,77.1668472290039,77.17609406388078,75.89105204019471,76.95421234644624,931000
2023-01-04,78.5443344116211,79.04355772787362,77.24081274135246,77.43495396657252,890800
2023-01-05,78.07283782958984,78.83091604756255,77.7585159834084,78.47036708128702,776900
2023-01-06,79.78314208984375,80.0697304837046,78.19302509177412,78.84940928455528,937200
2023-01-09,78.22075653076172,79.83860693782206,78.1375491278421,79.47805798279578,1167000
2023-01-10,77.99889373779297,78.62754455939344,77.71229825445879,78.37792936594977,1067800
2023-01-11,77.21307373046875,78.20227354666511,76.21463413189404,77.93417879231298,1148500
2023-01-12,74.85564422607422,77.1391261308225,74.02360528562167,76.99120496217782,1637300
2023-01-13,74.97581481933594,75.36409725499286,74.0698224694698,74.52281864440288,840000
2023-01-17,74.97581481933594,75.9927480307906,74.72620669734752,74.97581481933594,1191600
2023-01-18,71.34259033203125,75.01280126149405,71.30561004180078,74.82790686361079,1326700
2023-01-19,70.86185455322266,71.68464654338892,70.8341211012593,71.18542324824278,984700
2023-01-20,71.59220886230469,71.61069548164639,70.12227223357199,70.84337029347995,1046000
2023-01-23,72.7108383178711,72.79403868718593,71.51825031813722,71.61069752402138,1142500
2023-01-24,72.66461181640625,73.22854894642492,71.90653343637179,73.22854894642492,1056400
2023-01-25,72.0914077758789,72.53515702228903,70.9727737201496,72.27630211967194,1660400
2023-01-26,67.91275024414062,69.27174598337818,66.79412287355031,67.48748747085361,3539300
2023-01-27,68.81875610351562,69.78946239732994,68.171611521036,68.171611521036,2217400
2023-01-30,69.04061889648438,69.49361508869595,68.48592867392159,68.67082306368624,1270500
2023-01-31,69.44739532470703,69.7894506526097,68.88345826418389,69.39192136491747,1732600
2023-02-01,69.9096450805664,70.1962335295216,68.87421805519052,69.28099421752918,1436400
2023-02-02,69.3087158203125,69.97434686184182,69.0036337507335,69.62303767144114,1696400
2023-02-03,68.91119384765625,70.27942930810018,68.28254302566958,69.17929565957533,1198600
2023-02-06,69.63229370117188,69.72474090175449,68.56913326129872,68.56913326129872,1059000
2023-02-07,68.94818878173828,69.17006351507337,67.81106754851359,69.17006351507337,1470600
2023-02-08,68.21782684326172,68.83723080731284,68.11613281295257,68.67082303528595,1210900
2023-02-09,67.87578582763672,68.81876585034826,67.3765623544255,68.49518998664522,1386500
2023-02-10,68.87422180175781,68.8834686386602,67.5244727980755,67.94973560307649,1174200
2023-02-13,69.88189697265625,69.89114380805017,68.97590459557765,69.02213171927849,1036000
2023-02-14,69.25325012207031,69.79869348025443,68.51365849567414,69.79869348025443,990400
2023-02-15,69.15156555175781,69.38268708494782,68.5506481548099,69.09609158756899,1099500
2023-02-16,68.69855499267578,69.0128839122246,67.89425665644804,68.42121341418193,974000
2023-02-17,70.02983093261719,70.24246586595044,68.45820718514041,68.76328227624279,1031200
2023-02-21,69.82644653320312,70.066814937247,69.04063461786136,69.98360750561739,1002100
2023-02-22,70.11302185058594,71.07448823291706,69.76171967470825,70.16849581234388,1320800
2023-02-23,69.70626068115234,70.39962532906844,68.9666689020672,70.11302981170623,945200
2023-02-24,69.3179702758789,69.55833158142529,68.96666104685565,69.15156249720187,820500
2023-02-27,69.345703125,70.076047977639,69.022134406304,69.7247387516813,1056400
2023-02-28,68.70780181884766,69.15155821895529,68.46743347490316,68.99439023256733,1724000
2023-03-01,67.45975494384766,68.4119745420586,67.10844569562028,68.4119745420586,1403800
2023-03-02,67.52446746826172,67.52446746826172,66.41507988544791,67.44126004924773,2324100
2023-03-03,67.39502716064453,67.83877646678144,66.90505073570384,67.83877646678144,1794800
2023-03-06,67.70011901855469,67.82954650602218,67.0159942382047,67.24711575914938,1194800
2023-03-07,66.68318176269531,68.0329306609409,66.37810670144682,67.78332251023407,1836300
2023-03-08,67.24710845947266,67.56143736153693,66.4335633332346,66.8773126554487,1565700
2023-03-09,66.56299591064453,67.84803096188018,66.32262756160748,67.6538897368664,1743500
2023-03-10,65.59227752685547,66.43356315508568,65.35191625016252,66.27640223110915,1358800
2023-03-13,66.67393493652344,67.29333888303766,65.26871222291086,65.34267279799967,1456600
2023-03-14,66.41508483886719,67.04373573336737,65.67550011510045,67.02524911291292,1406100
2023-03-15,67.41351318359375,67.66312833771102,65.59227474971617,66.14697195741321,1507900
2023-03-16,67.7186050415039,67.79256562034062,66.59997773635735,67.52446381200927,1416700
2023-03-17,67.13617706298828,67.91274193134393,66.91429534065647,67.91274193134393,2680300
2023-03-20,67.746337890625,67.86652559347927,67.08995362916254,67.15466737174985,1348800
2023-03-21,67.29335021972656,67.8942676503375,66.63696587508903,67.69087956121349,1329700
2023-03-22,66.66468811035156,67.65388787917514,66.64619443994253,67.14541774195658,1203200
2023-03-23,65.82340240478516,67.17315821320786,65.78642917052332,66.58148066598862,1448200
2023-03-24,67.36729431152344,67.58916896657081,65.97131853976133,66.01754565897741,1259200
2023-03-27,68.46743774414062,68.81874697333483,67.5152181975189,67.7001196479551,2233300
2023-03-28,75.0497817993164,77.5551382812263,72.47046473670154,73.05288843989747,6331900
2023-03-29,75.0682601928711,75.78936519583158,74.88336581463615,75.34560881349192,2550700
2023-03-30,74.89263153076172,75.65994974182745,74.2639806116975,75.26242743372953,1883000
2023-03-31,76.92648315429688,77.13911804862757,75.33636602431748,75.33636602431748,2106800
2023-04-03,77.95266723632812,78.16530214158398,76.60291838422718,76.61216522009113,1870500
2023-04-04,78.71074676513672,78.85866792816314,77.94342160179302,78.37793120159654,1851600
2023-04-05,78.86791229248047,79.71844492275284,78.71999817413071,79.20997471189814,1614000
2023-04-06,79.68519592285156,79.70376744224399,78.70073533917149,79.07222949797557,1188100
2023-04-10,79.17439270019531,79.62018711989353,78.80289853139045,79.26726447098105,1459300
2023-04-11,79.97308349609375,80.47459944080789,78.97934090721395,79.36011720177862,1333000
2023-04-12,79.7687759399414,80.44675329037156,79.54588228576584,79.7687759399414,1177000
2023-04-13,80.30743408203125,80.63248877143215,79.31369141119946,79.68518552151227,1363700
2023-04-14,78.93290710449219,80.24242223422155,78.75645289548167,80.1402611779025,1105300
2023-04-17,79.42513275146484,79.5644439251495,78.35709695309053,79.05364573585324,1159100
2023-04-18,79.08152770996094,79.68520490032114,78.07849549388514,79.30442139609028,1276000
2023-04-19,79.18367004394531,79.42513519438761,78.91433698938043,79.25796319795633,859600
2023-04-20,79.3136978149414,79.35084793753825,78.6264382610533,79.10008638142492,720400
2023-04-21,79.57374572753906,79.98239001170397,79.09080827997651,79.69447831801426,937000
2023-04-24,79.14652252197266,80.06596498969354,78.78431769875955,79.69447086480133,1157600
2023-04-25,79.72233581542969,79.92665794899153,79.13723732122558,79.30440933180697,1023200
2023-04-26,78.92362976074219,79.62946081167522,78.7657399730824,79.13723410211415,1014900
2023-04-27,81.17115783691406,81.21759017385826,78.82146760057351,78.82146760057351,1387200
2023-04-28,81.5890884399414,81.88628233698465,80.98541134373004,81.41263421353729,2218300
2023-05-01,82.10918426513672,82.45281050646635,81.45906773453142,81.57980032126054,1763400
2023-05-02,81.9420166015625,82.20206039334094,81.27332851661113,81.91414869330461,982600
2023-05-03,81.65411376953125,82.81502874152412,81.53338116328256,82.22993014647828,1258400
2023-05-04,81.97914123535156,82.24847426941217,81.01326653579252,81.83054785298106,974700
2023-05-05,82.6106948852539,82.63856279259572,81.6262413956933,81.6262413956933,776600
2023-05-08,81.99773406982422,82.5271109291675,81.71911168673343,82.2113384226205,775600
2023-05-09,82.14633178710938,82.69428727975544,81.57052255748697,81.80270552702166,1125200
2023-05-10,82.67571258544922,83.10293550498662,81.94202060239253,82.22063592761776,1100500
2023-05-11,83.13078308105469,83.23294414305536,82.26706224774249,82.592116951535,1000500
2023-05-12,83.84589385986328,83.8737546761998,82.9821731251296,83.00075172646083,1298700
2023-05-15,84.37527465820312,84.67246852275807,83.14005978009702,83.8737586832053,1422800
2023-05-16,83.30723571777344,84.18953513778135,83.01933114069072,84.18953513778135,1064500
2023-05-17,82.45280456542969,83.58585844697218,81.80269516732876,83.3815363259516,1021000
2023-05-18,82.26705932617188,82.4249420215983,81.66338227733222,82.03487639089977,903600
2023-05-19,82.58283233642578,83.08434837316459,82.0720340830955,82.2763491330307,2950100
2023-05-22,81.46835327148438,82.65712882195957,81.00398737922617,82.33207411451107,1544900
2023-05-23,81.06900787353516,81.52408451758731,80.6975136988211,81.52408451758731,972300
2023-05-24,81.44050598144531,82.0070330309709,80.42818448360066,81.05972248541627,1032800
2023-05-25,80.99470520019531,81.43121031101074,80.61392881960136,80.92040495034124,1013600
2023-05-26,80.73464965820312,81.07828294950653,79.92665050140579,80.60462778271769,1070100
2023-05-30,79.33226776123047,80.35387131258298,78.9979237501462,80.04739520714008,1390300
2023-05-31,79.62017822265625,80.40030951287416,78.71930726681335,79.50872785877036,6040500
2023-06-01,81.33833312988281,81.37548325233816,80.22385071320639,80.25171861929391,1644700
2023-06-02,82.15560913085938,82.22990937085379,81.22687738791184,81.22687738791184,1139300
2023-06-05,82.43423461914062,83.22365521349873,82.08131200859239,82.09989061212711,814700
2023-06-06,83.72518157958984,85.81482833905217,83.20508690120681,85.21115119140842,1718300
2023-06-07,84.28240203857422,84.51458496430031,82.0255837170901,82.88930448421762,1419700
2023-06-08,83.70659637451172,84.32885207893081,83.04719763267973,84.15239076574285,761100
2023-06-09,84.20811462402344,84.47744770915592,83.36297233023542,83.48370491915895,693200
2023-06-12,84.17096710205078,84.51460044591089,83.76232989616678,84.40315007030877,765700
2023-06-13,83.90164184570312,84.58890859761978,83.77161993818646,83.98523140662813,898000
2023-06-14,84.49602508544922,84.76535108100407,83.948069620723,84.31956377018224,759100
2023-06-15,85.42475128173828,85.49904443820058,84.40314066669438,84.85822433545434,1303100
2023-06-16,86.0469970703125,86.65067411803902,85.42474850548922,85.48975944381911,1714000
2023-06-20,86.31632995605469,87.53296626484423,86.30704065469408,86.63209534570721,2782400
2023-06-21,86.65996551513672,87.02217036501506,85.80553392494484,86.15844947246019,1776200
2023-06-22,87.06859588623047,87.43080067826435,86.69710179331713,87.19861775590107,1293400
2023-06-23,87.10575866699219,87.66299634453979,86.83642558761753,87.55154597476567,1779900
2023-06-26,86.64138793945312,87.06860370468478,86.10272181064148,87.06860370468478,1853300
2023-06-27,86.604248046875,87.08718550810465,86.11202128283459,86.8550025374696,2792200
2023-06-28,85.30401611328125,85.8798323915974,84.58889573071733,85.86125378725673,3916600
2023-06-29,80.5953598022461,84.35672714204937,80.14028311766035,84.35672714204937,4993700
2023-06-30,81.01327514648438,81.71910618767076,80.33529783893887,81.35690136542323,2368600
2023-07-03,81.88627624511719,81.88627624511719,80.33529593173367,81.0225554389565,1164900
2023-07-05,80.86468505859375,81.70054517341558,80.69751303562938,81.57052327618351,1883700
2023-07-06,79.60161590576172,80.7253807336389,79.28585043863738,80.63250895422954,1675000
2023-07-07,78.99517059326172,79.9654676467151,78.94852600835705,79.44300274025963,1346700
2023-07-10,77.73564910888672,79.14444647621283,77.5863764792241,78.87388227202105,1712000
2023-07-11,77.92224884033203,78.03420866141117,77.38112750024318,77.7169998454298,1953600
2023-07-12,79.25640106201172,79.56428521048561,77.94090706461016,78.11817498974064,1329900
2023-07-13,79.49897766113281,79.63892564943359,78.50069245106114,79.1164607523644,872800
2023-07-14,80.02144622802734,80.21737769146416,79.14445255602047,79.4056850165353,901500
2023-07-17,80.00279235839844,80.48793735504341,79.69490818384732,79.75089165434356,938900
2023-07-18,79.70423126220703,80.70251644097453,79.36835894803758,80.16138803280707,955000
2023-07-19,80.2920150756836,80.47861478540216,79.35903788124413,79.89083459735258,1178700
2023-07-20,81.69147491455078,81.74745838241243,80.41330080686095,80.58123697434472,957900
2023-07-21,82.2232666015625,82.40053452260612,81.36492940565154,81.6821453107796,1456400
2023-07-24,82.82036590576172,83.17490172451423,81.90605242361507,82.08332033299133,1131400
2023-07-25,83.80000305175781,83.92128751257009,82.52182185898826,83.04429387659975,1632400
2023-07-26,83.90264129638672,84.0705774799423,83.30553644775604,83.72537334761937,1186700
2023-07-27,83.56676483154297,84.38778217863839,83.52011312582295,83.8933054174303,1444500
2023-07-28,83.809326171875,84.3131346093685,83.29618597126597,84.14519846353734,1006500
2023-07-31,83.48279571533203,83.9586089208847,82.40987060518975,83.80933628327519,2362700
2023-08-01,82.14862823486328,83.81865081190952,82.10197653733812,83.43613394079185,1508800
2023-08-02,82.37254333496094,82.92299636935225,81.83141494593058,81.96203116148274,1132700
2023-08-03,82.26058197021484,82.67109413591818,81.96202960917144,82.2325937985623,1016300
2023-08-04,81.48621368408203,82.82970293947514,81.43956910152264,82.50316238935879,992600
2023-08-07,81.74745178222656,81.96203251787772,81.14101527538415,81.45822405610325,725300
2023-08-08,80.03076934814453,81.7474508030411,79.81618861506367,81.7474508030411,790300
2023-08-09,81.1410140991211,81.51420633777181,79.76953671495839,80.03076914659891,1006600
2023-08-10,80.36664581298828,81.57018711100545,80.29200593759568,81.23431478978902,755300
2023-08-11,80.63720703125,80.83313135834942,80.18937491355844,80.58123068580731,1101800
2023-08-14,81.0103988647461,81.23431136342927,80.65586303061022,80.88910729283646,878600
2023-08-15,80.12405395507812,80.74915389049131,79.67622902725401,80.74915389049131,782000
2023-08-16,80.04943084716797,80.6278720417323,80.04009908395088,80.23602340321135,476600
2023-08-17,79.38701629638672,80.33865690380536,79.27506360237292,80.18937715438666,637700
2023-08-18,79.27505493164062,79.69489172437305,78.99515899111938,79.2937113392523,789500
2023-08-21,78.0528564453125,79.08845432967146,77.83826861104482,79.08845432967146,990300
2023-08-22,76.83067321777344,77.97823833889517,76.54145255518765,77.88494203980795,1140000
2023-08-23,76.1775894165039,77.32514738056379,76.00965323663524,77.11056661176286,1161400
2023-08-24,75.56181335449219,76.72803472977843,75.34723260754774,76.31752964595194,1441700
2023-08-25,76.01898193359375,76.42016239608591,75.21662100860942,76.08429004990406,1411100
2023-08-28,76.50410461425781,76.64405257069852,76.09359250684473,76.14957596025027,1090100
2023-08-29,77.25050354003906,77.33446805891069,76.05628692214742,76.78401500928533,943200
2023-08-30,77.36245727539062,77.88492927715637,77.0825684239931,77.4557535591898,702500
2023-08-31,76.57877349853516,77.5490706814271,76.43882548905096,77.45576726307,1394300
2023-09-01,75.06732940673828,76.8679753216311,74.83408515412548,76.65339459533516,1460200
2023-09-05,75.09532165527344,75.41253755743513,74.39558885944481,74.91806085393759,1141500
2023-09-06,74.7314682006836,75.2259449506953,74.68482361407067,75.03935236814208,812900
2023-09-07,74.7501220703125,75.58979570134733,74.60084232911974,75.06733084327234,973000
2023-09-08,75.29124450683594,75.30990803379993,74.49821544406491,74.66615159649113,783400
2023-09-11,76.27088165283203,76.48546952826244,75.30991633175174,75.47785250268184,1039100
2023-09-12,75.31925201416016,76.38284544602571,75.05801242064047,76.27088562023157,763200
2023-09-13,74.4888916015625,75.35656062835555,74.26497908053385,75.0673399921081,1090800
2023-09-14,74.9926986694336,75.09532672252422,74.33961752981192,74.66615809962275,1103800
2023-09-15,74.4422378540039,75.22593514018325,74.3582662201705,75.02068617336235,1796700
2023-09-18,74.56352996826172,74.81543777760176,73.84514071543198,74.71280972461886,1100100
2023-09-19,73.44395446777344,74.78744369668759,73.36931459548931,74.423576098815,1377600
2023-09-20,73.29468536376953,73.93844189908998,73.20138906889508,73.7611739561928,1421300
2023-09-21,72.22176361083984,73.40664144319936,72.1751119067573,73.0521126935443,995700
2023-09-22,71.41940307617188,72.60428091471641,71.40073954722116,71.97918793783111,958800
2023-09-25,70.49574279785156,71.30743538438071,70.25317389267727,71.14883099606293,1378900
2023-09-26,70.42110443115234,70.85959762542265,69.84265615051056,69.91729601602228,1317200
2023-09-27,69.12425994873047,70.77563316357002,68.87235930001816,70.28115651080373,1427300
2023-09-28,69.64674377441406,69.88931981986218,69.14293527296823,69.41349949326603,1237000
2023-09-29,70.57038879394531,71.02754558973385,69.9919404169931,70.09456846964673,1661700
2023-10-02,69.71205139160156,70.4211159942925,69.32952735658061,70.23451629987356,2825400
2023-10-03,63.81563186645508,66.6518829625253,62.136270323370724,65.59761433679178,7564700
2023-10-04,63.82495880126953,64.64597598352326,61.65112072331141,63.96489965423077,3804500
2023-10-05,61.00736999511719,63.98356912410826,60.93273012123744,63.98356912410826,3350700
2023-10-06,60.58501434326172,60.96982633936329,58.416904975062714,60.96982633936329,4143900
2023-10-09,59.280391693115234,60.5662383286042,58.11655721912507,60.27528239539104,5231600
2023-10-10,59.32731628417969,60.340978855711256,58.989428760335834,59.965547478022756,3570500
2023-10-11,58.21041488647461,59.702749099124766,57.90068345536842,59.458717623638854,2864400
2023-10-12,55.90152359008789,58.19164510865322,55.497936087581415,58.0696293664031,4390400
2023-10-13,57.24368667602539,57.290614706547885,55.84520845202791,56.05169608278197,3939300
2023-10-16,57.72235870361328,58.022702397429384,56.82132762216497,57.52525882586757,3586300
2023-10-17,58.06024932861328,58.435677175573154,57.3844741915543,57.3844741915543,2704500
2023-10-18,57.450172424316406,58.70786301353769,57.422016321246616,58.08840368334687,2525100
2023-10-19,56.35204315185547,57.5628057459468,56.25818350480608,57.35631810281758,2564400
2023-10-20,56.08924102783203,56.80256004051577,55.901528890116914,56.502216323716155,2688700
2023-10-23,57.102901458740234,57.712976622895454,55.79828282008582,56.032926563164075,4475300
2023-10-24,58.47322463989258,58.92374023225127,57.36570579936842,57.36570579936842,3593900
2023-10-25,60.42545700073242,60.678876265281026,58.28550710825535,58.40752286293961,3439300
2023-10-26,60.472381591796875,61.43911260104261,60.06879409504049,60.31282557606391,3532700
2023-10-27,59.1114501953125,60.772728294157375,58.698478504335085,60.32220916533562,1888500
2023-10-30,59.862308502197266,60.115727745915,58.867421357660156,59.46810874614579,2123600
2023-10-31,59.974937438964844,60.52869319184817,59.39301842409308,60.20958116356114,6000200
2023-11-01,60.172035217285156,61.01675402862848,59.665203930479166,60.11572301678159,1651600
2023-11-02,60.83842849731445,61.33587207938364,60.50992869413279,60.63194086081208,1738600
2023-11-03,60.96982955932617,61.8614800826547,60.85719798437429,61.664373036299196,1341600
2023-11-06,60.73517608642578,61.3546389082931,60.538076232401906,60.622544529516006,968600
2023-11-07,60.7914924621582,61.101223894376936,60.331592771164345,60.62254869556236,907400
2023-11-08,61.28895568847656,61.35465565775356,60.45362443877204,60.960448681331975,1316300
2023-11-09,60.58501434326172,61.645601431867746,60.350370611739805,61.486045413014864,1064800
2023-11-10,60.94167709350586,60.979220954064225,60.14388974872848,60.65072112512757,902400
2023-11-13,61.101234436035156,61.730078002117814,60.94167839582183,60.94167839582183,1160000
2023-11-14,62.236900329589844,62.30260028721731,61.486044693955776,61.75823227862906,1622000
2023-11-15,61.82393264770508,62.696807610998086,61.71130107926914,62.54663218641683,1540100
2023-11-16,61.98348617553711,62.143042187175666,61.542354834500316,61.75823020847337,1246400
2023-11-17,62.283843994140625,62.527875524312066,61.476668838062544,62.527875524312066,1765200
2023-11-20,61.59866714477539,62.189973905403505,61.14815520985293,62.189973905403505,1693600
2023-11-21,61.3640251159668,61.71130041098143,61.016756981710465,61.51420053892176,1900800
2023-11-22,62.08673858642578,62.358926199681186,61.73007549834535,61.79577546287189,1302500
2023-11-24,62.358924865722656,62.85636846660521,61.777005791822155,61.777005791822155,553500
2023-11-27,60.95105743408203,62.20874438637194,60.9322819257073,62.20874438637194,1326500
2023-11-28,61.016754150390625,61.429722222837505,60.538078962881194,60.92289809577806,1663700
2023-11-29,60.331600189208984,61.38280677291798,60.087568682841734,61.34526291341847,1650900
2023-11-30,60.84781265258789,60.894737101261754,59.75906232843571,60.331593591867765,2406100
2023-12-01,61.93656539916992,61.945953154660515,60.61317830536976,60.9229097897253,1608400
2023-12-04,62.68742752075195,62.893915174416556,61.701920868537876,61.739464729273195,2029300
2023-12-05,62.556026458740234,63.259957723105444,62.283838843894586,62.828214073585876,1306900
2023-12-06,63.56968688964844,63.87003059844107,62.405848752413,62.593568045882684,1343400
2023-12-07,63.56968688964844,64.09528658984583,63.00653616999826,63.63538685217311,1084300
2023-12-08,62.968997955322266,63.82310470545691,62.6874297310186,63.738636386393665,991900
2023-12-11,63.68230056762695,63.94510037341551,62.98775720079185,63.006525546594894,1079900
2023-12-12,63.52274703979492,63.80432236311123,63.006528000634326,63.80432236311123,1273600
2023-12-13,65.5031509399414,65.61578251924293,63.33504495389037,63.42890102292876,1345300
2023-12-14,64.08589935302734,66.15076863333225,64.04835549402992,65.78471779829708,2475700
2023-12-15,62.771888732910156,64.0014267603767,62.405845083115246,63.44766382814951,3956900
2023-12-18,63.55091094970703,63.61661091178694,62.424623839548914,62.98776739462797,1623500
2023-12-19,64.02020263671875,64.20792194122595,63.56030287200485,63.682315049365066,1481500
2023-12-20,62.828208923339844,63.8794082757356,62.818821168905295,63.57906458065702,1093000
2023-12-21,63.701087951660156,63.88880008772134,62.98776894526149,63.13793722195864,990200
2023-12-22,63.701087951660156,64.88368729821178,63.635387987962844,64.00143166581344,1003100
2023-12-26,63.9732666015625,64.43316628303141,63.29749154917504,63.53213526676746,2017000
2023-12-27,64.02020263671875,64.13283421942307,63.69170280478025,63.92634656484479,1266200
2023-12-28,64.43572998046875,64.6907120987789,64.02019609346479,64.07685718528403,918900
2023-12-29,64.61516571044922,64.82293267497226,64.12408605304194,64.12408605304194,1170800
2024-01-02,65.67288208007812,66.08841598961202,64.39795700915475,64.39795700915475,1818900
2024-01-03,65.12513732910156,66.17341086657626,64.89848573333317,65.55011717693213,1765400
2024-01-04,64.2657470703125,65.05903126972406,64.15241766820039,64.83237967062425,2409900
2024-01-05,63.50078201293945,64.64349305606926,63.07580939210877,64.5112790315831,1190400
2024-01-08,63.48189163208008,63.77465020190285,63.04747313310577,63.43466925398847,1846600
2024-01-09,63.86909484863281,63.95409369761618,62.74527561745702,63.00025775415892,1970200
2024-01-10,62.584720611572266,63.60466351606034,61.96142697335649,63.075807434528926,2201700
2024-01-11,62.0653076171875,62.62249421980521,61.87642530730771,62.565833129402975,1380100
2024-01-12,62.6602668762207,62.839703258427896,62.32028594420863,62.58471395685736,1514600
2024-01-16,61.555335998535156,62.65082457196893,61.17757858506292,62.376957832453016,2728900
2024-01-17,61.40423583984375,61.87643084914934,60.9603785834007,61.22480663579198,1603800
2024-01-18,61.3098030090332,61.489239432052464,60.32764005185126,60.83760796329797,1837700
2024-01-19,61.41367721557617,61.74421225662034,60.677054208356736,61.41367721557617,2299900
2024-01-22,61.01704025268555,61.47978934872201,60.50706877322483,60.771496828102805,2378900
2024-01-23,63.085243225097656,63.18912668231188,61.2720092842546,61.2720092842546,2274700
2024-01-24,62.12196350097656,63.27412027674591,62.12196350097656,63.208013275109444,2485600
2024-01-25,64.78515625,65.6539933702708,62.811384496007165,62.811384496007165,4464200
2024-01-26,65.23846435546875,65.4745618606303,64.26574378702303,65.01180556282434,2894400
2024-01-29,64.76626586914062,65.50288889289025,64.48294599610291,65.42733596606371,2598400
2024-01-30,65.41789245605469,65.98453222298025,64.36018026205804,64.39795672686134,2967900
2024-01-31,64.36961364746094,65.2951116370234,64.16184673405476,65.07790601309696,2795500
2024-02-01,64.87015533447266,64.88903996536187,63.321356217080215,63.92576527727608,1855200
2024-02-02,63.91631317138672,65.10624654568909,63.37801117910388,64.77570429357135,2293900
2024-02-05,62.18807601928711,63.64243738942781,62.178630102466016,63.54799983658718,1523700
2024-02-06,63.32135009765625,64.1146342105781,62.19752373255998,62.25418482487621,1719100
2024-02-07,61.97087478637695,63.61411137935075,61.8764300216796,63.595219544361704,1544100
2024-02-08,62.15974044799805,62.52805191788295,61.63088443075262,61.94252760941633,1937000
2024-02-09,61.054813385009766,62.32973841149283,60.75260888091657,62.32973841149283,2111100
2024-02-12,62.39584732055664,62.41473195039557,60.913155301424595,61.007592860867135,1850500
2024-02-13,61.715885162353516,62.71694346351461,60.75261053099448,62.28251772227788,1990400
2024-02-14,61.37589645385742,61.91419839874431,60.85648634149177,61.91419839874431,1325200
2024-02-15,61.90476608276367,62.72638075423995,61.31924170120833,61.85754370170524,2016000
2024-02-16,62.471405029296875,63.02859171622004,61.25314096545486,61.63089843724784,1746600
2024-02-20,64.27517700195312,64.40739101712514,62.55638759959358,62.55638759959358,2326500
2024-02-21,63.77465057373047,64.55849594183222,63.20801805894394,64.55849594183222,2292200
2024-02-22,64.02020263671875,64.05797910350041,62.06531551279428,63.35912527572599,2089000
2024-02-23,64.29408264160156,64.88904583763309,63.718004078168256,63.897440510913874,2966100
2024-02-26,64.10519409179688,64.69071851747866,63.60466851740124,64.19019294308302,1319900
2024-02-27,64.06741333007812,64.31295674440283,63.774654739425785,64.21851918662372,1053900
2024-02-28,63.96352767944336,64.4451613150192,63.58577029860372,63.88797476225088,1397000
2024-02-29,65.03070068359375,65.21013710222172,63.86909772925774,64.44517624736653,2743500
2024-03-01,64.03910064697266,64.89849923427656,63.803003084103565,64.83239220487825,1325900
2024-03-04,64.67183685302734,64.7190520346859,63.77466194001925,63.916321895244174,1233500
2024-03-05,65.06847381591797,65.31401723854097,64.54905642289314,64.9079292417554,1841900
2024-03-06,64.51126861572266,65.63509484752826,64.04851960473562,65.56898784595869,1558200
2024-03-07,64.58683013916016,64.86070409790449,63.90686820091543,64.85125818067227,1232300
2024-03-08,64.76626586914062,65.08735500046794,64.19018741105465,64.47350007896868,957600
2024-03-11,66.00341796875,66.10730144743447,64.74737751201897,64.74737751201897,1554600
2024-03-12,65.12513732910156,66.57949887843695,65.09680678027105,65.71066175705455,1471500
2024-03-13,64.85126495361328,66.23951952166226,64.7662733050182,65.43678939605812,2311100
2024-03-14,64.19963073730469,65.03069128348682,63.92575679245386,64.58682686269835,1987000
2024-03-15,64.37907409667969,64.62461755044644,63.2930239949565,63.736888513453145,3794600
2024-03-18,64.33185577392578,65.32346104919343,64.18074990048045,64.36963224228711,2081300
2024-03-19,65.54066467285156,65.70120923684108,63.935197417585684,64.29407021370764,1846700
2024-03-20,64.90792846679688,66.61727207686711,64.53960973469782,65.77676554555227,2096100
2024-03-21,65.6162109375,65.8334165714059,64.16184968195897,64.79458916176884,1731500
2024-03-22,66.1356201171875,66.22061895044709,65.63509464894327,65.84286156899697,1577300
2024-03-25,66.05062866210938,66.99501851564769,65.6728712796695,66.37171775385346,4910700
2024-03-26,73.00133514404297,73.42630767619707,69.64874843883645,70.68757578808612,6318400
2024-03-27,71.80196380615234,73.44520023444467,71.02756436706072,73.42631560647214,4352500
2024-03-28,72.53858947753906,73.15244438372541,72.21750035422147,72.51970484886535,2583900
2024-04-01,72.35916900634766,72.6897040863927,71.09368257901536,71.57532352715204,2306900
2024-04-02,73.91739654541016,74.04961776413505,72.65191749947445,73.26577239412352,3759000
2024-04-03,72.0097427368164,73.87019232493505,71.75476058852767,73.66242535700563,1934400
2024-04-04,72.16085815429688,72.75582138244333,71.50922661504691,72.10418984319337,1856200
2024-04-05,71.66704559326172,72.1513485713815,70.86936967371462,72.11336331378905,1616900
2024-04-08,71.81898498535156,72.49320705912072,71.57209165914719,71.60057879332865,1279400
2024-04-09,71.81898498535156,72.19883034598216,71.4676340038501,72.0658855565036,1045800
2024-04-10,71.01181030273438,71.5815746584676,70.48003120337629,71.22072559032416,1235100
2024-04-11,69.72034454345703,71.1257701297318,69.22655067230211,71.1257701297318,1719000
2024-04-12,68.14400482177734,69.5019471962222,67.76415943302632,69.5019471962222,1708000
2024-04-15,68.28643798828125,68.93216563843417,67.7926368799974,68.43837177509748,1912500
2024-04-16,68.18197631835938,68.81821305020803,68.0680205512587,68.45735674352925,1217900
2024-04-17,68.62828826904297,68.74224403862995,68.03003677984186,68.58081213209189,1158800
2024-04-18,69.03661346435547,69.274015858999,68.72324780958509,69.09359496563329,1330400
2024-04-19,70.19515991210938,70.4420605071077,69.06512909240034,69.50194876358302,1726900
2024-04-22,70.92634582519531,71.56258254067998,70.18565147045834,70.47053001346288,1715000
2024-04-23,71.2397232055664,71.4296495103952,70.66046789944485,70.81240169836015,1701200
2024-04-24,72.02790069580078,72.17034361244646,69.967249202496,70.47054122902274,1824600
2024-04-25,71.75250244140625,73.02498313278747,71.36316625441755,72.16083487846072,1732000
2024-04-26,71.91395568847656,72.2178305445947,71.36318024771616,71.57209556972515,1248000
2024-04-29,72.44571685791016,72.50269111521632,71.95191581143591,72.05637344646138,1386200
2024-04-30,72.2273178100586,72.61666129884385,71.46763433027525,72.23681593647834,3019000
2024-05-01,70.79341888427734,71.95193684283035,70.30911582077547,71.87597355920032,1767000
2024-05-02,71.3536605834961,71.91393398203941,70.66044967328413,71.0972691942955,1479300
2024-05-03,71.6480484008789,72.31277953259462,71.23022506274442,71.51510362352516,1584400
2024-05-06,71.94242858886719,72.12284949449004,71.20173422645067,71.7145170581647,1637400
2024-05-07,72.34127044677734,72.72111579262678,71.94243609386176,72.39824471292319,1510100
2024-05-08,71.75250244140625,72.96800162753678,71.70502630613508,72.48370592505913,1331100
2024-05-09,71.54358673095703,71.96141729053657,70.42305431198753,71.82847252066064,1097800
2024-05-10,72.31278228759766,72.36975655293503,71.45813208280062,71.54359348080669,793100
2024-05-13,71.92343139648438,72.89203727691256,71.85695901213707,72.4267233415349,879900
2024-05-14,70.84088897705078,72.45522996911687,70.56550126819926,72.14185699922226,1037400
2024-05-15,70.869384765625,71.36318597453653,70.5845061404363,71.01182770069366,1029400
2024-05-16,70.72694396972656,71.63856854542773,70.71744584275469,71.21123977107061,1416500
2024-05-17,70.28062438964844,70.92635935321373,70.16666860374353,70.92635935321373,1279500
2024-05-20,70.52751159667969,70.83138642107362,69.68235951492949,70.20464776542559,2137400
2024-05-21,70.27112579345703,70.88837361765941,69.75833562773265,70.58449876889102,1450600
2024-05-22,69.92926788330078,70.2806261315048,69.55892062611593,69.89128262039104,1804300
2024-05-23,68.51433563232422,70.20463959920814,68.42886699902691,69.31200423671807,1346900
2024-05-24,68.5713119506836,68.9891425150274,68.24844814728824,68.72325297224377,1053800
2024-05-28,67.71666717529297,68.52384123754756,67.42229047890902,68.24845354788792,1561700
2024-05-29,66.64360809326172,67.70717355040073,66.55813945409803,67.34631723273817,1314900
2024-05-30,67.1563949584961,67.55522926885637,66.52964911797572,66.83352391324259,1783200
2024-05-31,68.580810546875,68.8846853471361,67.08992367607105,67.14689793707416,4091100
2024-06-03,68.27693176269531,69.17905798569066,67.7071674510695,68.61879179866006,1624700
2024-06-04,65.39962768554688,67.61221295084397,65.0102842009774,67.42229389419148,3345700
2024-06-05,64.86784362792969,65.20021285649243,64.01320059719085,65.1812166031728,2665600
2024-06-06,65.73197937011719,65.9788799010836,64.82984587983263,65.12422979000483,2188900
2024-06-07,65.12423706054688,65.80795722574116,65.04826654331478,65.37113037413026,1250300
2024-06-10,64.67791748046875,64.95330516385819,63.861252555919954,64.9248180319467,1251700
2024-06-11,65.71299743652344,65.75098269917414,64.37405134158936,64.55447952794319,1451600
2024-06-12,65.58004760742188,66.76705980561557,65.19071137378704,66.38722169815159,2473000
2024-06-13,64.49749755859375,65.50408889939904,64.146146560201,65.50408889939904,1460000
2024-06-14,64.3740463256836,64.50699111212822,63.64284275529065,64.34555919215225,1374600
2024-06-17,65.9788818359375,66.02635797158906,64.0986515364258,64.11764054169709,1945400
2024-06-18,65.17171478271484,66.16880792199414,64.79187667722508,65.56105825927355,2034500
2024-06-20,65.10523986816406,65.6180299846513,64.696907400125,64.91532082277494,1805500
2024-06-21,65.21918487548828,66.23526681496664,64.79186347143464,65.34263151011699,2280600
2024-06-24,65.71299743652344,66.59613486954517,64.82986000350171,65.13373485975929,2245200
2024-06-25,65.08624267578125,66.2447675438112,64.97228691591157,65.40910646132598,2037500
2024-06-26,64.26007843017578,64.56395320545948,63.509885993862184,63.83275701788331,3171300
2024-06-27,67.04244232177734,68.47635497492138,66.53915034784553,68.07752064595054,5768100
2024-06-28,67.36532592773438,67.4792744744059,66.5201737301619,67.23238112665207,4136000
2024-07-01,66.4251937866211,68.6567823160855,66.40620478092106,67.27984394205993,2432800
2024-07-02,66.7005844116211,67.10891687922776,66.11183102456997,66.3682224600685,1784700
2024-07-03,66.3492202758789,67.0614274213029,66.02634926924826,66.81452691563777,1059600
2024-07-05,67.30834197998047,67.35582536934523,65.9124216190015,66.39671741477159,1551900
2024-07-08,66.3339614868164,67.51849443104302,66.22888118736302,67.51849443104302,1922100
2024-07-09,66.93578338623047,67.10773231571778,65.91364455209292,66.29575409407954,1541300
2024-07-10,68.1394271850586,68.4642155646209,67.01220802329114,67.27012777834747,2105300
2024-07-11,68.00568389892578,68.56928978570936,67.67133351794399,68.19673501251582,1905600
2024-07-12,68.2540512084961,68.98005858344976,68.11076651250062,68.58840160084037,2085700
2024-07-15,69.49590301513672,70.29832643824486,67.97702698362511,68.1871802933919,4089900
2024-07-16,70.04041290283203,70.11683627030851,69.0278287922358,69.73472672105957,1599700
2024-07-17,71.11985778808594,71.9222884817538,70.26012050733611,70.2792227030301,2931600
2024-07-18,70.90970611572266,72.01781569480609,70.40340681651554,70.45117323904938,1740400
2024-07-19,70.29833221435547,71.30136886378865,69.81114964806704,70.94791625754011,1616600
2024-07-22,70.1454849243164,70.47982800736096,69.32395204133117,70.41295939075205,1228400
2024-07-23,70.63267517089844,71.01477738928979,69.8015875408187,70.04040507137962,1353300
2024-07-24,70.90970611572266,71.08165503345853,69.71561843370488,70.55625353811757,2182400
2024-07-25,71.42555236816406,73.02085920191824,70.95747199300995,71.02434061803196,1785200
2024-07-26,72.39993286132812,72.8106993588741,71.54974292494077,71.56884512309318,2667700
2024-07-29,72.71516418457031,73.38385035356043,72.08468240683737,72.39992329570384,1621000
2024-07-30,73.4316177368164,73.75640608368572,72.390369502168,72.390369502168,1701600
2024-07-31,73.56536102294922,74.41555092807181,72.9635361253426,73.46983545943283,2291000
2024-08-01,74.56838989257812,74.65436800088335,72.91577651878454,73.67998831013496,1434600
2024-08-02,75.29439544677734,75.76247579523695,73.42206676480582,75.07468009815902,2183200
2024-08-05,72.87755584716797,75.81978946570739,72.57186971070493,75.24662158272336,2940400
2024-08-06,73.45072937011719,74.6161602480519,73.17370012141683,73.17370012141683,2682900
2024-08-07,74.1385269165039,75.17022056670137,73.2214683234841,73.52715452115737,1568000
2024-08-08,74.38688659667969,74.55883550917753,73.53669677603276,73.68953620484606,1398100
2024-08-09,74.1576156616211,74.48241128729978,73.40295140374717,74.43464486677476,1158600
2024-08-12,73.05907440185547,74.02389213958512,72.97309628661324,74.02389213958512,1098100
2024-08-13,73.86148834228516,73.96656864274033,72.9826415458718,73.24056128181356,761800
2024-08-14,74.47285461425781,75.25617578887982,73.84238015084611,74.30090570821238,1422500
2024-08-15,73.4029541015625,74.68301987972862,73.10682269019448,74.68301987972862,1419400
2024-08-16,73.72776794433594,74.00479722807658,73.1546071761053,73.37431528132866,1566100
2024-08-19,74.6639175415039,75.06512925061898,73.7277495987693,73.8519320930765,1540500
2024-08-20,74.60659790039062,74.83586069768938,74.24359786398983,74.4919701458077,978300
2024-08-21,75.26573944091797,75.71471759808642,74.4633086883304,74.8358634808461,987700
2024-08-22,75.18931579589844,75.63829395139274,74.65436682159024,75.4281333434479,844300
2024-08-23,75.7529296875,75.82934576443022,75.07468143272844,75.36126540764975,1014200
2024-08-26,75.62874603271484,76.51714768128373,75.60008909052453,75.81024971743194,949000
2024-08-27,75.7147216796875,76.2305684867019,75.14156099016047,75.67650999530122,1044400
2024-08-28,76.1350326538086,76.56490862024037,75.22752887156369,75.51411284918487,1521300
2024-08-29,75.4949951171875,76.50757909474451,75.21796591258308,76.41205354201635,974800
2024-08-30,76.45027160644531,76.52669497026432,75.69560728703226,75.69560728703226,1902900
2024-09-03,77.56794738769531,78.21753149949168,76.40252371453595,76.45983760176867,2563000
2024-09-04,78.3990249633789,78.98174036799033,77.32911971645741,77.5870467516176,3501100
2024-09-05,79.32563781738281,79.74595903512053,78.53276180688054,78.91487134226637,2531800
2024-09-06,79.17279052734375,79.84148403156715,78.9530824655426,79.36384893775036,1445000
2024-09-09,79.51668548583984,80.08984611994693,78.63783869433344,79.3256343705151,2787900
2024-09-10,80.0420913696289,80.72033234075631,79.5549015242914,79.77461687826974,1781000
2024-09-11,78.89575958251953,79.82237281047333,78.52320480049545,79.82237281047333,1160300
2024-09-12,79.44981384277344,79.54533939680006,78.20796706416203,78.66649263874291,1408400
2024-09-13,80.013427734375,80.2140335861085,79.29697514041281,79.48802625021632,1210900
2024-09-16,80.96870422363281,81.6660473885448,80.4337479554977,80.72033193086055,1148900
2024-09-17,80.7203369140625,81.4272348652952,80.60570185921381,80.94005228048907,1251500
2024-09-18,80.16626739501953,80.92093167073816,79.79371262813893,80.48150828642086,1355400
2024-09-19,79.61222076416016,80.24270264035286,78.84800892141801,80.22360044174116,1735300
2024-09-20,79.27787780761719,79.56446180438039,78.8671112992613,79.49759317688681,4289000
2024-09-23,79.46893310546875,80.01343684737004,78.96264104750675,79.2110060609119,1554300
2024-09-24,80.013427734375,80.06118686775955,79.02950067143482,79.32563207807007,1939000
2024-09-25,79.65042114257812,80.28090292926949,79.40205615521432,80.28090292926949,1246800
2024-09-26,79.52623748779297,79.86058057215716,79.0772593653042,79.38294551217042,1613000
2024-09-27,79.51668548583984,80.51972206162691,79.34473656679442,79.86058332393067,2037400
2024-09-30,78.61874389648438,79.49759077069481,78.25573653982048,79.43072214522518,3214700
2024-10-01,80.32866668701172,81.01646238912714,77.94049121474048,79.59311184833076,4415900
2024-10-02,78.370361328125,79.78415702092057,77.62525180244455,79.30652196208618,3608800
2024-10-03,77.27180480957031,78.0264691315461,76.77506751932623,77.94049102492448,2423100
2024-10-04,77.00432586669922,77.18582952384763,76.28787326822835,76.63177109854499,1841400
2024-10-07,76.22650909423828,76.8602931316879,75.94802889532608,76.73546021202608,1806100
2024-10-08,76.46656799316406,76.55299640860356,75.95762426477961,76.43776096345243,1408900
2024-10-09,76.54339599609375,76.93711162812416,76.08246884176623,76.64902666194068,1360600
2024-10-10,76.6106185913086,76.86989653881461,76.36094543015976,76.76426586780185,1059600
2024-10-11,76.9947280883789,77.23479645890562,76.6298268026482,76.84108081461528,1550400
2024-10-14,77.83016967773438,77.85897671036719,76.9755268535363,77.1483690493331,1416400
2024-10-15,78.25267791748047,79.26096792577002,77.95499550560466,77.95499550560466,1224100
2024-10-16,77.88778686523438,78.42553769941739,77.48447373959712,77.81096322426376,1098100
2024-10-17,76.8410873413086,78.0510340828986,76.82188509360978,77.83017526598576,1559400
2024-10-18,76.9947280883789,77.37883894648269,76.75465971785219,76.9947280883789,1526900
2024-10-21,74.95894622802734,76.92750981155372,74.88212991687774,76.8698957466152,1961600
2024-10-22,75.72716522216797,75.92882176849416,73.2496579507804,74.83411061626339,3127700
2024-10-23,76.21690368652344,76.29371999183313,74.78609102134727,74.97815010038339,1884300
2024-10-24,75.64073944091797,76.3705493433056,75.60233494853915,76.27452345974795,1580300
2024-10-25,74.76689910888672,75.87121515546305,74.59404957701994,75.84240812120288,1129200
2024-10-28,75.21822357177734,75.80399098165572,75.0741810842768,75.23742581783497,1088900
2024-10-29,74.4019775390625,75.6119166063736,74.38276797058239,74.86290461433232,1201600
2024-10-30,74.84371948242188,75.21822556405957,74.21954023759058,74.45000382791251,1205000
2024-10-31,75.13179779052734,75.64074158146012,74.77650127867908,74.85331759191581,1917500
2024-11-01,75.62152862548828,75.81358037084075,74.95893764930467,75.362258036632,1517300
2024-11-04,75.07417297363281,75.88079909440354,74.94934007198147,75.43907421974751,1625300
2024-11-05,75.6983642578125,75.74637353861132,74.54603162405628,75.09338724404115,1369600
2024-11-06,73.61457061767578,76.04406141997323,73.2496619959105,75.86160710909058,2015700
2024-11-07,73.30728149414062,74.21954578984862,73.12483449604382,73.74901378756908,1947000
2024-11-08,74.41158294677734,74.88212218286115,72.83673517313265,73.0095846764012,1391500
2024-11-11,73.9698715209961,74.71888372929735,73.59536541684547,74.21954469919847,1590900
2024-11-12,73.54734802246094,74.39239343925588,72.9519831075072,74.23874615390923,1413100
2024-11-13,72.82713317871094,73.63376666697705,72.55825779139052,73.46091715708465,1551800
2024-11-14,71.94368743896484,73.07681043960899,71.82845931007898,72.73111140034092,1190400
2024-11-15,71.03143310546875,71.77084048874319,69.62943465215875,71.732428668971,3138100
2024-11-18,71.6556167602539,71.7804496874576,70.84898314806692,71.16587518593703,1855600
2024-11-19,72.31819152832031,72.58706692342483,70.98341201240498,71.64600304055901,1960200
2024-11-20,74.06588745117188,74.19072768663638,72.20296196797474,72.644686869199,2118100
2024-11-21,74.85330963134766,75.16059683053149,73.90264100360777,74.07549051104273,2024300
2024-11-22,74.49801635742188,75.65994635819466,74.20032660464345,75.29504508295938,1359000
2024-11-25,74.20993041992188,75.34305337444812,74.14271157203918,74.4307965351393,2418200
2024-11-26,74.71888732910156,74.9973675554543,73.96987508471443,74.52683553741993,1239400
2024-11-27,74.69966888427734,75.68874931696993,74.56523119398736,75.28543624609998,1156700
2024-11-29,75.29505157470703,75.57352445336907,74.49802278045173,74.93974772844359,839300
2024-12-02,75.25663757324219,75.33345388600621,74.27715449086985,75.27583981985683,1771400
2024-12-03,74.8917236328125,75.42948174180769,74.45960351476569,75.25663222932798,1382700
2024-12-04,74.44039916992188,74.67087008694693,73.90264834947432,74.28675921821062,2222500
2024-12-05,75.03577423095703,75.21822854895103,73.98907958338367,74.0755006858193,1761400
2024-12-06,74.42119598388672,75.69836149263315,74.2291442150956,75.17981292533072,1557500
2024-12-09,76.79307556152344,76.80268034821343,75.37186750993614,75.61193589304641,2782900
2024-12-10,78.68480682373047,78.93447263940146,76.45697276979699,76.82187403398869,2989600
2024-12-11,78.12784576416016,78.867253071401,77.68612087166105,78.6175872580133,1529700
2024-12-12,78.17586517333984,78.627187541276,77.49406457588721,78.42553099569473,1360700
2024-12-13,77.35962677001953,78.17586506337823,76.94670889356108,78.17586506337823,1467700
2024-12-16,76.98512268066406,77.8109584547131,76.96592043475125,77.35962874955779,1519800
2024-12-17,77.11955261230469,77.89737903006453,76.27451467746803,76.62981846465732,2602500
2024-12-18,76.02484893798828,77.03313901302363,75.99604190606816,76.20730324188929,1697200
2024-12-19,75.13179779052734,76.04406202590418,74.86292237843497,75.30464731634466,1411300
2024-12-20,75.72716522216797,76.13047831482035,75.00696013115798,75.30464255769117,3353300
2024-12-23,75.02616119384766,75.90961832621687,74.20993023549902,75.14139664406233,1320100
2024-12-24,74.93013763427734,75.12219672391277,74.38278204985042,74.9397424203354,538500
2024-12-26,74.73808288574219,75.41987614252899,74.59404040584528,74.6516544672821,2102300
2024-12-27,73.98907470703125,74.93013861651289,73.6529731273397,74.33477374660151,1235500
2024-12-30,72.87826538085938,73.93111629679102,72.69474658840302,73.87316376963057,1612200
2024-12-31,73.64134216308594,73.80555327950836,72.5595223053104,72.87826858806493,1201100
2025-01-02,73.29361724853516,74.37544454949217,73.28396340582118,73.90214832941217,1062300
2025-01-03,73.26463317871094,73.97940803873419,72.80099822006956,73.1197444906312,910500
2025-01-06,71.60326385498047,73.32259844647353,71.49701263389535,72.62713858822381,1967300
2025-01-07,71.78678894042969,72.63679132684886,71.41008275115963,71.58394771308006,2034500
2025-01-08,71.97997283935547,72.22145155675304,71.26519789927544,71.99929526358082,1456800
2025-01-10,68.95665740966797,71.46803443135799,68.67654123161113,71.26519320642271,2026400
2025-01-13,68.81175994873047,69.14982861388818,67.66232648719426,68.96630983528496,3305300
2025-01-14,69.43960571289062,69.51688065588564,68.66687102162882,69.04358452639347,2217500
2025-01-15,69.33335876464844,69.84529239706325,68.45438018449245,69.40097250158351,2346000
2025-01-16,71.11063385009766,71.2458613014032,69.03391603455772,69.09186855101912,1290800
2025-01-17,70.81121063232422,71.38110418835583,70.52144061801313,71.20723923203118,1845000
2025-01-21,71.71916198730469,72.49189664668997,70.67597240793772,70.84983733783221,3576500
2025-01-22,70.74359130859375,71.97996095850155,70.64700131144679,71.88337096135459,2036400
2025-01-23,72.2117919921875,73.66066418176958,70.02882249646721,70.02882249646721,3567600
2025-01-24,72.33735656738281,72.77201526633493,71.57428301442776,71.57428301442776,2648200
2025-01-27,74.32714080810547,74.81009820742868,72.69474980954764,73.34191095599793,4330500
2025-01-28,74.07599639892578,75.45725463447738,73.88280904853933,74.35611252997822,1984500
2025-01-29,74.30782318115234,75.11918804662983,73.93111701227426,74.18225691464126,1816800
2025-01-30,75.12885284423828,75.3413552818207,74.31748794002743,74.72317039213286,1278900
2025-01-31,74.59760284423828,75.32203894033171,74.31748666942742,74.5686192101447,1462100
2025-02-03,75.37032318115234,75.60214064671784,73.90213607344502,74.56861220811388,1905200
2025-02-04,74.259521484375,75.09020873831007,73.66065907061567,75.09020873831007,1569800
2025-02-05,74.18226623535156,74.40442253242617,73.59305756500385,73.95044135664884,1452200
2025-02-06,74.67487335205078,75.07090197071281,74.31748958036054,74.96465074957642,1148600
2025-02-07,75.67941284179688,75.78566404493372,74.52031818674193,74.8197493759399,1310700
2025-02-10,74.05668640136719,75.66976235861345,73.6413427400471,75.66976235861345,2028400
2025-02-11,74.56861114501953,74.65554729920741,73.08110900694861,74.02770127663011,1839800
2025-02-12,74.24020385742188,74.52032000257695,73.0811091741233,73.39985542195663,1435400
2025-02-13,74.86805725097656,74.94532483328307,73.86350498754199,74.39475369911985,1301300
2025-02-14,74.33679962158203,75.82430924783547,74.31748456874399,75.07089690828973,1334100
2025-02-18,73.3322525024414,74.2305535937393,73.0811199512773,74.00839730852911,1421600
2025-02-19,75.9788589477539,76.0271502643942,73.43849839957139,73.4867970855565,2627700
2025-02-20,76.5101089477539,76.64533642759768,75.52487911327141,75.61180790630885,1402100
2025-02-21,77.40840911865234,77.62091154725843,76.16237818038066,76.53908435132966,2089700
2025-02-24,78.45160675048828,79.7072916571598,76.72261825261359,77.205575686567,3179700
2025-02-25,79.97774505615234,80.59592991285338,78.93455534696506,78.93455534696506,2496900
2025-02-26,77.427734375,80.38343132274026,77.00272950223129,79.48513025851693,2140900
2025-02-27,78.85726928710938,79.0987479430276,76.73226006276646,77.08964375714544,2370500
2025-02-28,79.7942123413086,80.51864835164415,78.57715778052848,79.93910101724454,2088300
2025-03-03,81.84196472167969,81.89025604035301,79.57205903302473,79.96808764060968,2235800
2025-03-04,79.55274200439453,82.85616878891804,79.53341958192881,82.21866886510323,2505800
2025-03-05,79.91012573242188,80.7891042703111,79.14705224122241,79.2146659749062,1940800
2025-03-06,79.06012725830078,80.06467956450929,78.49024104663137,80.01638087533429,1762500
2025-03-07,79.80387878417969,81.03058726627036,78.596485354453,79.03114404141674,3604100
2025-03-10,81.32037353515625,83.30049455496457,80.32548241929636,80.40275000655149,4391900
2025-03-11,80.34479522705078,81.50389006626546,79.38854161623142,81.05957013225499,3014500
2025-03-12,78.77035522460938,79.77490013588175,78.3550115640593,79.32092636819016,2560000
2025-03-13,77.97830200195312,79.13739676895979,77.40840846014441,79.13739676895979,2232600
2025-03-14,77.59192657470703,77.91068018184085,76.98339562120721,77.46635295225454,2158500
2025-03-17,79.06977844238281,79.42716953665573,77.48567891369619,77.60158396206462,1465400
2025-03-18,78.52886962890625,79.27262072027537,78.25840731724573,78.97318951547467,1496400
2025-03-19,78.5675048828125,78.7220547853208,77.35045756261198,77.78511626706289,2499500
2025-03-20,77.9493179321289,78.75102894897846,77.37943176285775,78.73171389635263,1680000
2025-03-21,77.43738555908203,78.48057528224572,77.12829312659036,77.83341415317645,3780800
2025-03-24,77.6015853881836,78.03625143558644,76.07544572497902,76.79022055731619,2672800
2025-03-25,77.4953384399414,78.71238563742578,73.5157672837566,73.60269606814369,6273400
2025-03-26,78.11351776123047,78.61579011976164,76.95441579875718,77.62089924294573,2775700
2025-03-27,78.84761810302734,79.28228416055472,77.10897598095187,77.340793456693,1906000
2025-03-28,78.68342590332031,79.39820085712489,78.23910593909878,79.2050208272358,2176100
2025-03-31,79.50444793701172,80.31582023278132,79.07945041955658,79.38854287286277,1992700
2025-04-01,79.44649505615234,80.02604248238895,78.16182655894188,79.79422498576336,2321200
2025-04-02,78.51921844482422,79.9487682851398,78.38399095639829,79.85217827474206,1667000
2025-04-03,78.08454895019531,80.07433845076376,77.82375519652184,79.19535244485358,4776300
2025-04-04,73.85385131835938,78.82831445641642,73.7089626115527,78.28740447830702,3894600
2025-04-07,71.82312774658203,74.29107708033888,71.18185365913448,73.09597233933387,4690900
2025-04-08,70.16162872314453,74.24249239227342,69.48148848477602,72.95021852640065,3548300
2025-04-09,73.74695587158203,74.2036246276553,68.8013393970742,69.2191419384846,3746200
2025-04-10,73.39717864990234,74.61172024641323,72.08547520826532,73.2805799879668,2518200
2025-04-11,73.82469177246094,74.54369824510384,72.48383324894223,73.54291726263415,1826400
2025-04-14,75.39873504638672,75.69994638004323,73.64008132166366,74.20363035833915,1959200
2025-04-15,73.13482666015625,75.78738852006667,72.90163677111154,75.44731838750711,1639800
2025-04-16,71.45391082763672,73.62064884610122,70.91950956946468,73.56235322265462,2500600
2025-04-17,73.18341827392578,73.56235465967804,71.63852491862409,71.74539775937275,2652800
2025-04-21,72.5518569946289,73.26115256790605,71.89114605171723,72.8724977639038,1680000
2025-04-22,73.59150695800781,73.8538521105815,72.10490913667054,72.90164817745796,1577500
2025-04-23,74.42710876464844,74.83519296861363,73.49434169288213,73.94129211812596,1765800
2025-04-24,72.88221740722656,74.19392090660287,72.84335118487056,74.19392090660287,1289700
2025-04-25,72.42554473876953,72.98909381373163,71.80370003983671,72.87249515281664,1256100
2025-04-28,72.59071350097656,72.7656077687215,71.73567897698624,72.49355166622334,1949900
2025-04-29,73.87328338623047,73.98988205843503,71.5899464662879,72.1923618198834,1357100
2025-04-30,74.48540496826172,74.85462291706877,73.2611450557307,74.43682034287811,2606100
2025-05-01,72.97937774658203,73.73725053440803,72.70732160869309,73.60122246546356,2295500
2025-05-02,73.86355590820312,74.17447824960016,72.80447923102908,73.669232224695,1826000
2025-05-05,73.16398620605469,73.785830888902,72.58100032953365,73.65951382293487,1713700
2025-05-06,72.61015319824219,73.30001188924126,72.28951245915198,72.90163871407347,1975900
2025-05-07,72.83362579345703,73.29029459614182,71.96887281461812,72.56156967602095,1606400
2025-05-08,74.0578842163086,75.10724985887859,72.6101528136539,72.97937076360716,2335000
2025-05-09,73.91213989257812,74.38823810211265,73.61093596186879,74.12590039036151,1490300
2025-05-12,74.32022094726562,74.73802351728234,73.45546799748246,73.96072140972139,2349200
2025-05-13,72.67816162109375,74.36880120403463,71.66766226894158,74.32021658199005,2289500
2025-05-14,71.47334289550781,72.62958889012427,71.30816701426939,72.30894812326821,2895900
2025-05-15,72.61986541748047,72.61986541748047,71.43447169271599,71.9785913414605,2432100
2025-05-16,73.26115417480469,73.36803443357394,71.91058444632839,72.58100639963904,4008400
2025-05-19,72.28952026367188,73.28058298525231,71.9105838630993,72.8530693666166,1838400
2025-05-20,72.10490417480469,72.41582652510688,71.69681997996562,72.27979846016052,2054200
2025-05-21,70.48226928710938,72.17290888519832,70.38510745512221,71.97858522122401,2147800
2025-05-22,69.28716278076172,70.35596525676088,68.84021238760444,70.21992978556473,4498900
2025-05-23,69.09283447265625,69.45234140986051,67.99489167256016,69.33574276220631,3700800
2025-05-27,69.76327514648438,69.93816944011522,69.18028922573231,69.53007781299398,2437800
2025-05-28,69.35517883300781,70.22965024207365,69.17057355601916,69.84099545882512,2089100
2025-05-29,70.49199676513672,70.49199676513672,69.05397626257484,69.35518020438586,3000200
2025-05-30,70.6668930053711,70.89036451258292,69.98674524917814,70.45313249379542,3262700
2025-06-02,71.35675048828125,71.41504611295659,69.39404711051026,70.24908914160797,3129400
2025-06-03,71.26929473876953,72.29923098606223,70.54056982853064,70.98752021725372,2335800
2025-06-04,71.16241455078125,71.8134144383232,70.74461197204826,71.46362588808289,1152800
2025-06-05,70.84178161621094,71.18185176055766,70.30738038011383,71.0069574844689,1589800
2025-06-06,72.12434387207031,72.20206890301995,71.0944075225187,71.11384433998649,2248800
2025-06-09,73.08625030517578,73.4360388493287,71.72596234602256,71.72596234602256,2272900
2025-06-10,73.43603515625,74.0870275867513,72.64900726499886,73.23199308458419,2017100
2025-06-11,73.484619140625,73.76639366927601,73.03766874058408,73.3194432692351,1470500
2025-06-12,73.65951538085938,73.71781841752862,72.68788211673841,73.33888203755933,1842700
2025-06-13,71.91058349609375,74.20363870543065,71.6773861638747,73.53320934800516,1993800
2025-06-16,71.77455139160156,72.81419868048314,71.41504441769916,72.10490314088474,1713000
2025-06-17,70.8903579711914,72.0368854532323,70.67659747934043,71.64823068740989,1796500
2025-06-18,71.12355041503906,71.49277579164374,70.52114254874444,70.78348026261898,1881600
2025-06-20,70.98751831054688,71.89113747149105,70.8612086648351,71.08468755968062,2803700
2025-06-23,72.76560974121094,72.87248998622859,71.07497004916289,71.20127969646872,2668400
2025-06-24,72.59071350097656,72.94050203646643,71.8231224043723,72.75588936135433,2443400
2025-06-25,71.55107116699219,72.4449719682592,71.2692966379676,72.23121146948375,2642800
2025-06-26,75.36958312988281,75.94285054298332,73.78582376445428,74.81575253104205,4695200
2025-06-27,74.14532470703125,75.75823932477127,73.9315642239117,74.84490177434148,3715200
2025-06-30,73.66922760009766,75.01979713072505,72.90163649637147,73.93156529766269,3684500
2025-07-01,74.9809341430664,75.81653930903512,73.45547027737433,73.62064614639826,3060300
2025-07-02,74.38824462890625,75.2238498773897,73.84413234169803,75.10725862325876,2184600
2025-07-03,73.01824951171875,74.4076855325444,73.01824951171875,74.4076855325444,1785200
2025-07-07,71.73772430419922,73.2626006593475,71.45425236116769,72.96935922208085,3419900
2025-07-08,71.2587661743164,71.76705586463342,70.45722755575072,71.62043140050908,3257200
2025-07-09,70.58428955078125,71.31740432483294,70.24217081441628,71.14145648075537,2615300
2025-07-10,70.80912780761719,71.2978710808169,69.83164126121775,70.24218382087419,1845800
2025-07-11,70.33014678955078,70.94596802326411,69.91960427216172,70.32037729458658,1857600
2025-07-14,70.33992767333984,70.39857447692175,69.09852309919845,70.33015072019947,1850900
2025-07-15,69.15716552734375,70.6331721376891,69.11806517488623,70.33992322307252,2276200
2025-07-16,69.77297973632812,69.86095739431656,68.99099505516402,69.34289077185828,1839600
2025-07-17,70.10533142089844,70.52565090489662,69.63613462993045,69.84140589546958,2041400
2025-07-18,69.81208038330078,70.48654841941271,69.75343358281444,70.13465270123517,1422900
2025-07-21,69.14738464355469,70.27149547550243,69.0007601945825,69.93915368495279,1422800
2025-07-22,70.86776733398438,70.9850683922494,68.97144124233003,69.15716605350889,2017000
2025-07-23,70.77980041503906,71.46403797590034,70.4474511300278,71.31741351067862,1704100
2025-07-24,69.84140014648438,71.02416525065013,69.73387604610566,70.61361529573627,2022400
2025-07-25,69.95870208740234,70.07600314138585,69.19626388058322,69.85117798565817,1974300
2025-07-28,69.997802734375,71.08281325100937,69.30378827504096,69.56770632558171,2137100
2025-07-29,71.17078399658203,72.17759381798174,69.74365471543366,69.77297811487178,2830800
2025-07-30,69.78276062011719,71.29786767777253,69.47974219163818,71.04371909970263,1680100
2025-07-31,69.03987121582031,69.86096378239745,68.66842901762494,69.06920207625163,3634000
2025-08-01,68.69773864746094,69.66544803402994,68.26764227226185,69.3917530525865,1401900
2025-08-04,68.56089782714844,68.98121729172418,68.18945566728392,68.43382727558075,1571900
2025-08-05,68.17967987060547,69.01054186137364,68.16990291797156,68.73684684866221,1906500
2025-08-06,67.86688232421875,68.54135033932045,67.71048091762087,68.24810143076418,2003800
2025-08-07,68.65864562988281,68.90301724049648,67.5736350821477,68.1308020560417,2236000
2025-08-08,68.73685455322266,69.05942690763028,68.41428219881503,68.65865383864555,1466100
2025-08-11,68.10147857666016,69.05941857050698,67.60296586108234,69.05941857050698,1873600
2025-08-12,67.53453063964844,68.19922167856919,66.87961655269645,67.78867918743177,2359600
2025-08-13,69.03009796142578,69.26469262869016,66.87962322900731,67.32926611527654,2934200
2025-08-14,68.60977172851562,68.84436637270736,68.01350443723844,68.84436637270736,1959000
2025-08-15,68.13079833984375,68.88346703575216,68.01350474602998,68.88346703575216,1709800
2025-08-18,66.8698501586914,68.1992248405384,66.69390230324217,68.13080108884313,3287200
2025-08-19,67.49544525146484,68.23832961584509,67.01647150092089,67.36836723462947,2575800
2025-08-20,68.30674743652344,69.37221149812247,67.66161028586971,69.10828599195955,2446700
2025-08-21,69.46995544433594,69.58725649251448,68.20899714252573,68.20899714252573,3272000
2025-08-22,70.63317108154297,70.94596643889639,69.60680735336138,70.17375126907368,3163700
2025-08-25,68.97144317626953,70.28127892858565,68.82482617136434,70.28127892858565,2140700
2025-08-26,68.74662017822266,69.37221087648747,68.50224857866203,68.8736907252476,2857700
2025-08-27,69.0887451171875,69.14739191989604,68.22855969439871,68.53157811856623,1965500
2025-08-28,68.28720092773438,69.17670967933081,67.14354362241207,69.08873948244268,3423200
2025-08-29,68.78572845458984,69.1082933353776,68.15036073099903,68.41427880757631,2465900
2025-09-02,67.2510757446289,69.25491864158025,66.84052573729697,68.79549878269165,2469600
2025-09-03,68.26765441894531,68.32630868085434,67.00670338117018,67.38792252424271,1825900
2025-09-04,68.5511245727539,68.99099796599549,68.20900579420827,68.60977883309748,1765800
2025-09-05,69.31356811523438,70.01735209854232,68.61954616935478,68.68796992291095,2584000
2025-09-08,68.5706787109375,68.93234393906897,67.94508795444138,68.91279749064162,2585200
2025-09-09,68.0623779296875,68.66842220542871,67.94508433011994,68.31652649146667,1591900
2025-09-10,67.03602600097656,67.83756463316332,66.18561006070775,67.66161676475012,2425300
2025-09-11,68.23832702636719,68.63910005251641,67.03602286317914,67.38791858353413,2008000
2025-09-12,67.3976821899414,68.31652176365778,67.08488685002528,67.88642537466217,1795900
2025-09-15,64.46522521972656,67.97440528037731,64.46522521972656,67.77890352542732,3202700
2025-09-16,65.59911346435547,66.11718006758693,64.61185010373491,64.62162705595516,2273600
2025-09-17,65.30586242675781,66.17582470522227,65.09081423070967,65.5404645266081,1538400
2025-09-18,64.75847625732422,65.33518967376494,64.47500429652754,64.9930709133654,1795800
2025-09-19,64.00581359863281,65.30586486000325,63.996036646367465,64.96374610701103,4423700
2025-09-22,63.17494583129883,63.74188975542218,63.077198678981276,63.634365650583966,1957700
2025-09-23,62.852378845214844,63.56593974482695,62.22678441360481,63.34112204787552,3448600
2025-09-24,63.73211669921875,64.03514258484749,62.832830910711195,62.91103162039798,3441700
2025-09-25,63.1651725769043,64.51410109691138,63.08697187665278,64.11332810134428,3589200
2025-09-26,64.22085571289062,64.2404096178378,63.19449943205381,63.3508933834829,2349100
2025-09-29,65.29609680175781,65.33518969642019,63.42909413236911,64.1231086058859,3646300
2025-09-30,65.40361785888672,65.76528304988548,64.79757361304138,65.28631680747588,3349900
2025-10-01,66.23448181152344,66.50817681550679,65.27654183995216,65.40361984725125,2856300
2025-10-02,66.55704498291016,66.6743460349281,65.58933554105744,65.86303053813664,3019500
2025-10-03,67.35858917236328,67.45633631759947,66.34200245512288,66.34200245512288,3907600
2025-10-06,66.75254821777344,67.5345328756937,66.39087555924651,67.21196802633672,5613900
2025-10-07,64.14265441894531,67.57362600140385,64.12310051645129,65.93144870045539,6012500
2025-10-08,64.32837677001953,64.75847316692806,63.243366283367074,63.76144033311111,3825200
2025-10-09,64.62162780761719,64.90509976426608,63.9276133444959,64.37725620267464,2588400
2025-10-10,65.15924835205078,65.57956035342438,64.59230443848753,64.98330049810458,2745800
2025-10-13,63.888511657714844,65.1983398531733,63.849411306825566,64.87577500918822,2309400
2025-10-14,64.76451110839844,64.84324644459518,63.08141469989867,63.632607109262224,2426200
2025-10-15,64.27237701416016,65.12868101965971,63.80977220187243,64.48890856669436,2056600
2025-10-16,65.55191802978516,65.86688190734176,64.37080536628066,64.47907490319055,2768100
2025-10-17,66.47712707519531,66.54602518809102,65.30585164663711,65.94562412885792,1918200
2025-10-20,66.6838150024414,66.84130067925048,66.27042636481316,66.47712068362729,1743900
2025-10-21,65.85704040527344,66.7428710906906,65.79797951940313,66.72318913495428,2114900
2025-10-22,67.50076293945312,67.85509824433198,65.86688264369715,66.02436833890164,3121600
2025-10-23,66.30979919433594,67.48106702586058,65.90624777092748,67.2842174349929,2571400
2025-10-24,65.79798126220703,66.8314604350086,65.75860984036088,66.3688556149799,1572800
2025-10-27,66.07357025146484,66.17200255559962,65.23694823163274,65.9160920816441,1813900
2025-10-28,64.97119903564453,65.719233466362,64.85308477900635,65.65033536065565,2613600
2025-10-29,62.82550811767578,64.41017212384058,62.63849574759092,64.32158455036277,2668900
2025-10-30,63.10110092163086,63.77040005554334,62.70739422356517,62.82550848578408,2352000
2025-10-31,63.15031814575195,63.465282007679335,62.156210405878014,62.697554308899115,3240500
2025-11-03,62.835350036621094,63.475118733480116,62.19557758509669,62.79597861552243,2197300
2025-11-04,63.01251220703125,63.15031593179091,62.42195592528783,62.95345883165607,1708400
2025-11-05,63.54401779174805,64.33143120681538,62.56959951033364,62.89440810724873,2042500
2025-11-06,63.042049407958984,63.95741431654347,62.44164461060205,63.28811516285448,2162400
2025-11-07,64.01647186279297,64.53813009564323,63.11095162805926,63.4062260475604,1663300
2025-11-10,63.297950744628906,64.02631076694699,63.22905263541835,64.01646603439386,1538000
2025-11-11,64.67591857910156,64.82355952583195,63.57354135408914,63.57354135408914,3171600
2025-11-12,64.84324645996094,65.3452227136558,64.498755897359,64.85309119298701,2388400
2025-11-13,65.05978393554688,65.68971166581318,64.52828100513514,64.52828100513514,2484600
2025-11-14,64.3019027709961,65.58144014905581,64.0459922916519,65.17789622906173,2428200
2025-11-17,63.553863525390625,65.27632382731237,63.189683501053736,64.73497615726171,2746900
2025-11-18,64.07552337646484,64.19363764642007,63.140476477978964,63.81961287956078,3397500
2025-11-19,65.68971252441406,66.0735745053958,64.33143224627341,64.66607807201913,3257300
2025-11-20,66.41807556152344,66.60508043930542,65.4534944445506,65.8373564428022,2287000
2025-11-21,67.08737182617188,67.79603490095737,66.58539557753421,66.65429368936047,2937100
2025-11-24,65.86688232421875,66.91020627655989,65.85704510031464,66.69366720136962,3935900
2025-11-25,66.09326171875,67.08736944785632,65.5912854879079,65.9357760348267,1989600
2025-11-26,66.24090576171875,66.54602490189738,65.74877424048556,65.876725732647,1605900
2025-11-28,66.41807556152344,66.64445186339935,65.84720117615852,66.06374025400943,800400
2025-12-01,65.35506439208984,66.33932738742453,65.11884337582212,66.0538902176578,2593400
2025-12-02,64.4101791381836,65.21727457318414,64.04599909081414,65.06963360752997,2298000
2025-12-03,63.11094665527344,65.02041178078616,63.03220381254506,64.79403549460561,2316500
2025-12-04,62.44164276123047,63.63260383319702,62.14636461503439,63.5341790360201,2222400
2025-12-05,62.30384826660156,62.86487788629143,62.11683964492675,62.44164448832673,2392100
2025-12-08,62.599124908447266,62.73692488150836,61.654233335449014,62.20542196369734,1910500
2025-12-09,62.481014251708984,63.238897205746255,61.91014366904807,62.77629239823465,2101400
2025-12-10,63.297950744628906,63.33732216551075,62.31369150524023,62.53022681075967,1880200
2025-12-11,64.90230560302734,65.45349048836454,63.347168237304984,63.38653965901919,3126500
2025-12-12,65.74877166748047,66.0440460630665,65.05978305911817,65.20742401157658,2956800
2025-12-15,67.37279510498047,67.5893341528417,66.50664642286578,66.66413209743041,2818200
2025-12-16,67.19563293457031,67.89446628555957,66.6050766256381,67.49091484370186,3460200
2025-12-17,67.56965637207031,68.36690699814297,67.2546925128155,67.2546925128155,4596700
2025-12-18,67.38264465332031,68.07163326479242,67.26453038895431,67.54013033914164,4472900
2025-12-19,67.50076293945312,68.05194785400634,66.92004382505061,67.12673816800807,4362300
2025-12-22,67.83540344238281,67.8649301305785,66.75271565566676,66.92988329417162,2646000
2025-12-23,67.81572723388672,68.08147495950004,67.13658331050746,67.83540919124162,2620000
2025-12-24,67.79603576660156,67.99289288099801,67.06768321666242,67.82556996575934,921100
2025-12-26,67.84524536132812,68.10115583062927,67.43185672507036,67.88461678039987,1538200
2025-12-29,68.5291519165039,68.64809444649399,67.78577811854184,67.88489311253892,2538900
2025-12-30,67.87499237060547,69.13376877587997,67.79569734422867,68.46968994445162,2164800
2025-12-31,67.50825500488281,68.1624200332113,67.48842746833343,67.74613250954867,1684900
2026-01-02,66.68558502197266,67.7758650918441,66.5270025422407,67.63710258633262,2445500
2026-01-05,65.09972381591797,66.50717643753686,64.77263751931949,66.17018393460962,3771900
2026-01-06,65.76380157470703,65.97194533416042,64.42573022851273,64.78255026242981,2925900
2026-01-07,64.79246520996094,66.24947155265545,64.34643637845114,65.79353651479335,3495400
2026-01-08,66.53691101074219,66.92346479809484,64.52484705042207,64.52484705042207,2037100
2026-01-09,67.1217041015625,67.70648790101691,66.15035894271857,66.68558902265423,2735500
2026-01-12,66.24947357177734,67.04240869952399,65.71425105683664,66.96311367435136,3136900
2026-01-13,66.82434844970703,67.04240597908854,65.81336338674397,66.20983093452949,4276600
2026-01-14,67.96418762207031,68.01374889969127,66.7054113275842,66.83426006261372,4348800
2026-01-15,68.0930404663086,68.17233549049163,67.1811703741728,68.1128680033492,2767800
2026-01-16,66.44770812988281,67.74613196991196,66.32876559750255,67.60736946312973,4078200
2026-01-20,67.23072814941406,67.36949065350453,65.96203807659306,66.44770684090969,5546500
2026-01-21,65.9719467163086,67.05232060885567,65.14928542942128,66.98293935425096,6748700
2026-01-22,60.659305572509766,65.13937232965603,60.054694249610236,62.7308408065288,17061000
2026-01-23,60.252925872802734,61.13506218541512,59.09326076785548,60.48089338654568,6500000
2026-01-26,60.431339263916016,61.2540043567591,60.25292923780644,60.70886429075538,4265300
2026-01-27,62.84977722167969,62.86960097688869,59.99522074849229,60.28265952753087,6231800
2026-01-28,61.313472747802734,63.057921633330984,60.90709521429364,62.740749108689485,4101000
2026-01-29,60.77824401855469,61.75949913747329,60.60974776535367,61.31347408341938,2741500
2026-01-30,61.28374099731445,61.3828559966138,60.26283835575582,60.62956839035724,4938100
2026-02-02,60.560184478759766,61.472058312501645,60.2033682283335,61.2738245416017,4063800
2026-02-03,62.730838775634766,62.79030626055548,59.6185810316267,59.72760601431291,4671000
2026-02-04,65.99177551269531,66.01159548782229,63.17686642030498,63.17686642030498,5347400
2026-02-05,66.38824462890625,66.74505712348177,65.19884191969145,66.4080646044977,4390000
2026-02-06,66.82434844970703,67.7560460527046,66.01159337964198,66.18008962980424,3564700
2026-02-09,67.23072814941406,67.63710189368206,66.07106683866262,66.893728095202,2420200
2026-02-10,68.35074615478516,68.44986115494842,66.9532072599065,67.3199335167096,4762300
2026-02-11,69.90687561035156,69.96634309848612,67.70648780549487,68.15251665247358,3097600
2026-02-12,71.01698303222656,71.51256559691483,69.54014910681268,69.9068753650085,3870100
2026-02-13,70.85839080810547,71.7702684462712,70.18439823832536,70.9971533170023,4075300
2026-02-17,68.5787124633789,71.19538759934984,67.1712523404638,70.87821508474698,4156300
2026-02-18,69.40137481689453,69.6392598781307,68.74720980346844,69.07429609117617,2941100
2026-02-19,67.88489532470703,70.05554930532804,67.80560786411921,69.51040547759551,3196400
2026-02-20,67.89480590820312,68.78685596538028,67.58754716261569,68.35074092365163,3804700
2026-02-23,68.91571044921875,69.29235803922265,66.93338018432196,67.31002777432585,2966400
2026-02-24,69.38155364990234,69.8573162022055,68.75712238936934,68.99499988452631,1506500
2026-02-25,68.42012786865234,69.38155925684413,67.65693404410258,69.06438671700673,2337900
2026-02-26,68.6480941772461,69.51040293982682,67.9741016339244,68.84632416446276,1947800
2026-02-27,70.41236877441406,70.69980755743589,68.60844861633768,68.6976498445223,3762000
2026-03-02,69.28244018554688,70.12492898605568,68.23180006494576,70.0456339652576,1991400
2026-03-03,67.0721435546875,69.28244515555743,66.87391355046155,69.28244515555743,2992100
2026-03-04,65.11954498291016,67.29019900300372,64.75281873030272,67.02258774942561,3070500
2026-03-05,64.69334411621094,65.24840172608808,64.06891281233763,64.42573286083373,2122000
2026-03-06,64.27705383300781,64.96096015705923,63.147126248394684,64.53475887079362,2061000
2026-03-09,63.61297607421875,64.23740736150357,62.93898350740787,63.51386107715618,2059900
2026-03-10,62.8299560546875,63.8706824505613,62.324463509515965,63.295804868802634,2056100
2026-03-11,59.4005241394043,62.473134405655934,59.29149537455757,62.215433145923015,3739200
2026-03-12,56.81358337402344,59.42034865233218,56.78384963086614,58.914852332689385,5445700
2026-03-13,57.7750129699707,58.51838677417209,57.40827917091518,57.566869212233044,2999000
2026-03-16,57.18031311035156,58.18139197612648,56.179238025571436,57.983158200438844,3642700
2026-03-17,56.575706481933594,57.487576571290326,56.48650147049697,57.42810530333429,2442300
2026-03-18,54.573551177978516,56.37747133802369,54.55372742247316,56.31800007150762,2759500
2026-03-19,53.572471618652344,54.84116548741255,53.11653659098596,54.51407919735099,4250100
2026-03-20,52.75971603393555,53.82026235256796,52.16501850645754,53.62202858307706,10768000
2026-03-23,52.779541015625,53.86982110167193,52.53174974325117,53.52291483274648,4406800
2026-03-24,51.64961242675781,53.26521255029013,51.342349893756364,52.55157248963886,3686000
2026-03-25,52.31369400024414,52.32360776883473,50.83686008381685,51.99652146325325,4175200
2026-03-26,51.124298095703125,52.789451998959635,51.04500307216981,51.937053181945465,4038200
2026-03-27,52.601131439208984,53.55264902568433,51.04500253809989,51.18376504683653,4856000
2026-03-30,53.245391845703125,53.53282685904904,52.03616918054169,52.61104676922333,5561100
2026-03-31,49.99436569213867,51.80819961858501,47.88318677639934,49.825869442007026,12085800
2026-04-01,47.95256805419922,50.529595772647816,47.625481760021984,49.80604571155259,11369400
2026-04-02,48.41841506958008,48.41841506958008,47.10016741330171,47.57592622180033,6331900
2026-04-06,50.3511848449707,50.63862362296729,48.150800958673145,48.358944716121144,5923300
2026-04-07,50.569244384765625,51.04500318402355,50.05383807365416,50.38092437495358,4215100
2026-04-08,50.06374740600586,51.52076130910131,49.94480865299647,51.223412536080446,6071600
2026-04-09,50.985530853271484,51.16394087189798,49.211348216255395,49.85560325596685,5977300
2026-04-10,53.235477447509766,53.43371122681411,51.11438470524143,51.23332346042609,7438000
2026-04-13,53.63194274902344,54.226640280913834,52.37316265156056,53.235475207100045,5914500
2026-04-14,53.36433029174805,54.21673290118043,52.71016146281074,53.096715255228936,4575200
2026-04-15,52.86874771118164,53.37424025930937,52.412812662910376,53.215653991171756,3514700
2026-04-16,52.79936599731445,53.513006088242534,52.17493091775238,52.987686007533874,3971700
2026-04-17,53.85000228881836,54.01849854278991,52.54166086394562,52.57139838834842,3702400
2026-04-20,52.849998474121094,53.70000076293945,52.279998779296875,53.68000030517578,4951000
2026-04-21,51.97999954223633,53.04999923706055,51.66999816894531,52.84000015258789,3238000
2026-04-22,51.470001220703125,52.59000015258789,51.22999954223633,52.040000915527344,3358400
2026-04-23,51.88999938964844,52.349998474121094,51.400001525878906,51.720001220703125,2714100
2026-04-24,51.529998779296875,52.529998779296875,51.29999923706055,51.88999938964844,2024500
2026-04-27,50.400001525878906,51.849998474121094,50.209999084472656,51.279998779296875,3795400
2026-04-28,51.13999938964844,51.810001373291016,50.630001068115234,51.220001220703125,3044800
2026-04-29,50.540000915527344,51.38999938964844,49.97999954223633,51.220001220703125,2746300
2026-04-30,50.84000015258789,51.150001525878906,50.029998779296875,50.720001220703125,4591100
2026-05-01,50.2400016784668,51.29999923706055,49.97999954223633,51.0,2913000
2026-05-04,48.02000045776367,50.06999969482422,48.0,50.029998779296875,3853300
2026-05-05,48.4900016784668,49.150001525878906,47.29999923706055,47.880001068115234,2897900
2026-05-06,48.4900016784668,49.45000076293945,48.40999984741211,49.13999938964844,3955600
2026-05-07,47.900001525878906,48.599998474121094,47.70000076293945,48.08000183105469,4843600
2026-05-08,48.31999969482422,49.08000183105469,48.06999969482422,48.119998931884766,3860500
2026-05-11,47.06999969482422,48.93000030517578,46.81999969482422,48.4900016784668,4415200
2026-05-12,46.83000183105469,47.70000076293945,46.79999923706055,47.29999923706055,3769700
2026-05-13,45.599998474121094,46.52000045776367,44.81999969482422,46.52000045776367,4104300
2026-05-14,46.5099983215332,47.15999984741211,45.880001068115234,45.959999084472656,3597400
2026-05-15,46.349998474121094,47.09000015258789,45.75,46.959999084472656,3337900
2026-05-18,46.70000076293945,47.34000015258789,46.34000015258789,46.470001220703125,3772700
2026-05-19,47.25,47.779998779296875,46.13999938964844,46.959999084472656,2929700
2026-05-20,46.70000076293945,47.29999923706055,46.18000030517578,47.29999923706055,2615400
2026-05-21,46.959999084472656,47.209999084472656,45.7400016784668,46.31999969482422,2832400
2026-05-22,47.79999923706055,47.97999954223633,47.02000045776367,47.029998779296875,2680300
2026-05-26,46.81999969482422,47.72999954223633,46.380001068115234,47.650001525878906,4211300
2026-05-27,47.54999923706055,48.09000015258789,47.18000030517578,47.2599983215332,3417100
2026-05-28,46.83000183105469,47.59000015258789,46.7599983215332,47.29999923706055,3526600
